0,1,2,3,4,5,6,7,8
step,street_name,co,co2,noise,num_veh,ped,hc_emission,nox_emission
5,Center Drive,0.0,0.0,0.0,0,(),0.0,0.0
10,Center Drive,0.0,0.0,0.0,0,(),0.0,0.0
15,Center Drive,0.0,0.0,0.0,0,(),0.0,0.0
20,Center Drive,0.0,0.0,0.0,0,(),0.0,0.0
25,Center Drive,0.0,0.0,0.0,0,(),0.0,0.0
30,Center Drive,0.0,0.0,0.0,0,(),0.0,0.0
35,Center Drive,0.0,0.0,0.0,0,(),0.0,0.0
40,Center Drive,0.0,0.0,0.0,0,(),0.0,0.0
45,Center Drive,0.0,0.0,0.0,0,(),0.0,0.0
50,Center Drive,0.0,0.0,0.0,0,(),0.0,0.0
55,Center Drive,0.0,0.0,0.0,0,(),0.0,0.0
60,Center Drive,0.0,0.0,0.0,0,(),0.0,0.0
65,Center Drive,0.0,0.0,0.0,0,(),0.0,0.0
70,Center Drive,0.0,0.0,0.0,0,(),0.0,0.0
75,Center Drive,0.0,0.0,0.0,0,(),0.0,0.0
80,Center Drive,0.0,0.0,0.0,0,(),0.0,0.0
85,Center Drive,0.0,0.0,0.0,0,(),0.0,0.0
90,Center Drive,0.0,0.0,0.0,0,(),0.0,0.0
95,Center Drive,0.0,0.0,0.0,0,(),0.0,0.0
100,Center Drive,0.0,0.0,0.0,0,(),0.0,0.0
105,Center Drive,0.0,0.0,0.0,0,(),0.0,0.0
110,Center Drive,0.0,0.0,0.0,0,(),0.0,0.0
115,Center Drive,0.0,0.0,0.0,0,(),0.0,0.0
120,Center Drive,0.0,0.0,0.0,0,(),0.0,0.0
125,Center Drive,0.0,0.0,0.0,0,(),0.0,0.0
130,Center Drive,0.0,0.0,0.0,0,(),0.0,0.0
135,Center Drive,0.0,0.0,0.0,0,(),0.0,0.0
140,Center Drive,0.0,0.0,0.0,0,(),0.0,0.0
145,Center Drive,0.0,0.0,0.0,0,(),0.0,0.0
150,Center Drive,0.0,0.0,0.0,0,(),0.0,0.0
155,Center Drive,0.0,0.0,0.0,0,(),0.0,0.0
160,Center Drive,0.0,0.0,0.0,0,(),0.0,0.0
165,Center Drive,0.0,0.0,0.0,0,(),0.0,0.0
170,Center Drive,0.0,0.0,0.0,0,(),0.0,0.0
175,Center Drive,0.0,0.0,0.0,0,(),0.0,0.0
180,Center Drive,0.0,0.0,0.0,0,(),0.0,0.0
185,Center Drive,0.0,0.0,0.0,0,(),0.0,0.0
190,Center Drive,0.0,0.0,0.0,0,(),0.0,0.0
195,Center Drive,0.0,0.0,0.0,0,(),0.0,0.0
200,Center Drive,0.0,0.0,0.0,0,(),0.0,0.0
205,Center Drive,0.0,0.0,0.0,0,(),0.0,0.0
210,Center Drive,0.0,0.0,0.0,0,(),0.0,0.0
215,Center Drive,0.0,0.0,0.0,0,(),0.0,0.0
220,Center Drive,0.0,0.0,0.0,0,(),0.0,0.0
225,Center Drive,0.0,0.0,0.0,0,(),0.0,0.0
230,Center Drive,0.0,0.0,0.0,0,(),0.0,0.0
235,Center Drive,0.0,0.0,0.0,0,(),0.0,0.0
240,Center Drive,0.0,0.0,0.0,0,(),0.0,0.0
245,Center Drive,0.0,0.0,0.0,0,(),0.0,0.0
250,Center Drive,0.0,0.0,0.0,0,(),0.0,0.0
255,Center Drive,0.0,0.0,0.0,0,(),0.0,0.0
260,Center Drive,0.0,0.0,0.0,0,(),0.0,0.0
265,Center Drive,0.0,0.0,0.0,0,(),0.0,0.0
270,Center Drive,0.0,0.0,0.0,0,(),0.0,0.0
275,Center Drive,0.0,0.0,0.0,0,(),0.0,0.0
280,Center Drive,0.0,0.0,0.0,0,(),0.0,0.0
285,Center Drive,0.0,0.0,0.0,0,(),0.0,0.0
290,Center Drive,0.0,0.0,0.0,0,(),0.0,0.0
295,Center Drive,0.0,0.0,0.0,0,(),0.0,0.0
300,Center Drive,0.0,0.0,0.0,0,(),0.0,0.0
305,Center Drive,0.0,0.0,0.0,0,(),0.0,0.0
310,Center Drive,0.0,0.0,0.0,0,(),0.0,0.0
315,Center Drive,0.0,0.0,0.0,0,(),0.0,0.0
320,Center Drive,0.0,0.0,0.0,0,(),0.0,0.0
325,Center Drive,0.0,0.0,0.0,0,(),0.0,0.0
330,Center Drive,0.0,0.0,0.0,0,(),0.0,0.0
335,Center Drive,0.0,0.0,0.0,0,(),0.0,0.0
340,Center Drive,0.0,0.0,0.0,0,(),0.0,0.0
345,Center Drive,0.0,0.0,0.0,0,(),0.0,0.0
350,Center Drive,0.0,0.0,0.0,0,(),0.0,0.0
355,Center Drive,0.0,0.0,0.0,0,(),0.0,0.0
360,Center Drive,0.0,0.0,0.0,0,(),0.0,0.0
365,Center Drive,0.0,0.0,0.0,0,(),0.0,0.0
370,Center Drive,0.0,0.0,0.0,0,(),0.0,0.0
375,Center Drive,0.0,0.0,0.0,0,(),0.0,0.0
380,Center Drive,0.0,0.0,0.0,0,(),0.0,0.0
385,Center Drive,0.0,0.0,0.0,0,(),0.0,0.0
390,Center Drive,0.0,0.0,0.0,0,(),0.0,0.0
395,Center Drive,0.0,0.0,0.0,0,(),0.0,0.0
400,Center Drive,0.0,0.0,0.0,0,(),0.0,0.0
405,Center Drive,0.0,0.0,0.0,0,(),0.0,0.0
410,Center Drive,0.0,0.0,0.0,0,(),0.0,0.0
415,Center Drive,0.0,0.0,0.0,0,(),0.0,0.0
420,Center Drive,0.0,0.0,0.0,0,(),0.0,0.0
425,Center Drive,0.0,0.0,0.0,0,(),0.0,0.0
430,Center Drive,0.0,0.0,0.0,0,(),0.0,0.0
435,Center Drive,0.0,0.0,0.0,0,(),0.0,0.0
440,Center Drive,0.0,0.0,0.0,0,(),0.0,0.0
445,Center Drive,0.0,0.0,0.0,0,(),0.0,0.0
450,Center Drive,0.0,0.0,0.0,0,(),0.0,0.0
455,Center Drive,0.0,0.0,0.0,0,(),0.0,0.0
460,Center Drive,0.0,0.0,0.0,0,(),0.0,0.0
465,Center Drive,0.0,0.0,0.0,0,(),0.0,0.0
470,Center Drive,0.0,0.0,0.0,0,(),0.0,0.0
475,Center Drive,0.0,0.0,0.0,0,(),0.0,0.0
480,Center Drive,0.0,0.0,0.0,0,(),0.0,0.0
485,Center Drive,0.0,0.0,0.0,0,(),0.0,0.0
490,Center Drive,0.0,0.0,0.0,0,(),0.0,0.0
495,Center Drive,0.0,0.0,0.0,0,(),0.0,0.0
500,Center Drive,0.0,0.0,0.0,0,(),0.0,0.0
505,Center Drive,0.0,0.0,0.0,0,(),0.0,0.0
510,Center Drive,0.0,0.0,0.0,0,(),0.0,0.0
515,Center Drive,0.0,0.0,0.0,0,(),0.0,0.0
520,Center Drive,0.0,0.0,0.0,0,(),0.0,0.0
525,Center Drive,0.0,0.0,0.0,0,(),0.0,0.0
530,Center Drive,0.0,0.0,0.0,0,(),0.0,0.0
535,Center Drive,0.0,0.0,0.0,0,(),0.0,0.0
540,Center Drive,0.0,0.0,0.0,0,(),0.0,0.0
545,Center Drive,0.0,0.0,0.0,0,(),0.0,0.0
550,Center Drive,0.0,0.0,0.0,0,(),0.0,0.0
555,Center Drive,0.0,0.0,0.0,0,(),0.0,0.0
560,Center Drive,0.0,0.0,0.0,0,(),0.0,0.0
565,Center Drive,0.0,0.0,0.0,0,(),0.0,0.0
570,Center Drive,0.0,0.0,0.0,0,(),0.0,0.0
575,Center Drive,0.0,0.0,0.0,0,(),0.0,0.0
580,Center Drive,0.0,0.0,0.0,0,(),0.0,0.0
585,Center Drive,0.0,0.0,0.0,0,(),0.0,0.0
590,Center Drive,0.0,0.0,0.0,0,(),0.0,0.0
595,Center Drive,0.0,0.0,0.0,0,(),0.0,0.0
600,Center Drive,0.0,0.0,0.0,0,(),0.0,0.0
605,Center Drive,0.0,0.0,0.0,0,(),0.0,0.0
610,Center Drive,0.0,0.0,0.0,0,(),0.0,0.0
615,Center Drive,0.0,0.0,0.0,0,(),0.0,0.0
620,Center Drive,0.0,0.0,0.0,0,(),0.0,0.0
625,Center Drive,0.0,0.0,0.0,0,(),0.0,0.0
630,Center Drive,0.0,0.0,0.0,0,(),0.0,0.0
635,Center Drive,0.0,0.0,0.0,0,(),0.0,0.0
640,Center Drive,0.0,0.0,0.0,0,(),0.0,0.0
645,Center Drive,0.0,0.0,0.0,0,(),0.0,0.0
650,Center Drive,0.0,0.0,0.0,0,(),0.0,0.0
655,Center Drive,0.0,0.0,0.0,0,(),0.0,0.0
660,Center Drive,0.0,0.0,0.0,0,(),0.0,0.0
665,Center Drive,0.0,0.0,0.0,0,(),0.0,0.0
670,Center Drive,0.0,0.0,0.0,0,(),0.0,0.0
675,Center Drive,0.0,0.0,0.0,0,(),0.0,0.0
680,Center Drive,0.0,0.0,0.0,0,(),0.0,0.0
685,Center Drive,0.0,0.0,0.0,0,(),0.0,0.0
690,Center Drive,0.0,0.0,0.0,0,(),0.0,0.0
695,Center Drive,0.0,0.0,0.0,0,(),0.0,0.0
700,Center Drive,0.0,0.0,0.0,0,(),0.0,0.0
705,Center Drive,0.0,0.0,0.0,0,(),0.0,0.0
710,Center Drive,0.0,0.0,0.0,0,(),0.0,0.0
715,Center Drive,0.0,0.0,0.0,0,(),0.0,0.0
720,Center Drive,0.0,0.0,0.0,0,(),0.0,0.0
725,Center Drive,0.0,0.0,0.0,0,(),0.0,0.0
730,Center Drive,0.0,0.0,0.0,0,(),0.0,0.0
735,Center Drive,0.0,0.0,0.0,0,(),0.0,0.0
740,Center Drive,0.0,0.0,0.0,0,(),0.0,0.0
745,Center Drive,0.0,0.0,0.0,0,(),0.0,0.0
750,Center Drive,0.0,0.0,0.0,0,(),0.0,0.0
755,Center Drive,0.0,0.0,0.0,0,(),0.0,0.0
760,Center Drive,0.0,0.0,0.0,0,(),0.0,0.0
765,Center Drive,0.0,0.0,0.0,0,(),0.0,0.0
770,Center Drive,0.0,0.0,0.0,0,(),0.0,0.0
775,Center Drive,0.0,0.0,0.0,0,(),0.0,0.0
780,Center Drive,0.0,0.0,0.0,0,(),0.0,0.0
785,Center Drive,0.0,0.0,0.0,0,(),0.0,0.0
790,Center Drive,0.0,0.0,0.0,0,(),0.0,0.0
795,Center Drive,0.0,0.0,0.0,0,(),0.0,0.0
800,Center Drive,0.0,0.0,0.0,0,(),0.0,0.0
805,Center Drive,0.0,0.0,0.0,0,(),0.0,0.0
810,Center Drive,0.0,0.0,0.0,0,(),0.0,0.0
815,Center Drive,0.0,0.0,0.0,0,(),0.0,0.0
820,Center Drive,0.0,0.0,0.0,0,(),0.0,0.0
825,Center Drive,0.0,0.0,0.0,0,(),0.0,0.0
830,Center Drive,0.0,0.0,0.0,0,(),0.0,0.0
835,Center Drive,0.0,0.0,0.0,0,(),0.0,0.0
840,Center Drive,0.0,0.0,0.0,0,(),0.0,0.0
845,Center Drive,0.0,0.0,0.0,0,(),0.0,0.0
850,Center Drive,0.0,0.0,0.0,0,(),0.0,0.0
855,Center Drive,0.0,0.0,0.0,0,(),0.0,0.0
860,Center Drive,0.0,0.0,0.0,0,(),0.0,0.0
865,Center Drive,0.0,0.0,0.0,0,(),0.0,0.0
870,Center Drive,0.0,0.0,0.0,0,(),0.0,0.0
875,Center Drive,0.0,0.0,0.0,0,(),0.0,0.0
880,Center Drive,0.0,0.0,0.0,0,(),0.0,0.0
885,Center Drive,0.0,0.0,0.0,0,(),0.0,0.0
890,Center Drive,0.0,0.0,0.0,0,(),0.0,0.0
895,Center Drive,0.0,0.0,0.0,0,(),0.0,0.0
900,Center Drive,0.0,0.0,0.0,0,(),0.0,0.0
905,Center Drive,0.0,0.0,0.0,0,(),0.0,0.0
910,Center Drive,0.0,0.0,0.0,0,(),0.0,0.0
915,Center Drive,0.0,0.0,0.0,0,(),0.0,0.0
920,Center Drive,0.0,0.0,0.0,0,(),0.0,0.0
925,Center Drive,0.0,0.0,0.0,0,(),0.0,0.0
930,Center Drive,0.0,0.0,0.0,0,(),0.0,0.0
935,Center Drive,0.0,0.0,0.0,0,(),0.0,0.0
940,Center Drive,0.0,0.0,0.0,0,(),0.0,0.0
945,Center Drive,0.0,0.0,0.0,0,(),0.0,0.0
950,Center Drive,0.0,0.0,0.0,0,(),0.0,0.0
955,Center Drive,0.0,0.0,0.0,0,(),0.0,0.0
960,Center Drive,0.0,0.0,0.0,0,(),0.0,0.0
965,Center Drive,0.0,0.0,0.0,0,(),0.0,0.0
970,Center Drive,0.0,0.0,0.0,0,(),0.0,0.0
975,Center Drive,0.0,0.0,0.0,0,(),0.0,0.0
980,Center Drive,0.0,0.0,0.0,0,(),0.0,0.0
985,Center Drive,0.0,0.0,0.0,0,(),0.0,0.0
990,Center Drive,0.0,0.0,0.0,0,(),0.0,0.0
995,Center Drive,0.0,0.0,0.0,0,(),0.0,0.0
1000,Center Drive,0.0,0.0,0.0,0,(),0.0,0.0
1005,Center Drive,0.0,0.0,0.0,0,(),0.0,0.0
1010,Center Drive,0.0,0.0,0.0,0,(),0.0,0.0
1015,Center Drive,0.0,0.0,0.0,0,(),0.0,0.0
1020,Center Drive,0.0,0.0,0.0,0,(),0.0,0.0
1025,Center Drive,0.0,0.0,0.0,0,(),0.0,0.0
1030,Center Drive,0.0,0.0,0.0,0,(),0.0,0.0
1035,Center Drive,0.0,0.0,0.0,0,(),0.0,0.0
1040,Center Drive,0.0,0.0,0.0,0,(),0.0,0.0
1045,Center Drive,0.0,0.0,0.0,0,(),0.0,0.0
1050,Center Drive,0.0,0.0,0.0,0,(),0.0,0.0
1055,Center Drive,0.0,0.0,0.0,0,(),0.0,0.0
1060,Center Drive,0.0,0.0,0.0,0,(),0.0,0.0
1065,Center Drive,0.0,0.0,0.0,0,(),0.0,0.0
1070,Center Drive,0.0,0.0,0.0,0,(),0.0,0.0
1075,Center Drive,0.0,0.0,0.0,0,(),0.0,0.0
1080,Center Drive,0.0,0.0,0.0,0,(),0.0,0.0
1085,Center Drive,0.0,0.0,0.0,0,(),0.0,0.0
1090,Center Drive,0.0,0.0,0.0,0,(),0.0,0.0
1095,Center Drive,0.0,0.0,0.0,0,(),0.0,0.0
1100,Center Drive,0.0,0.0,0.0,0,(),0.0,0.0
1105,Center Drive,0.0,0.0,0.0,0,(),0.0,0.0
1110,Center Drive,0.0,0.0,0.0,0,(),0.0,0.0
1115,Center Drive,0.0,0.0,0.0,0,(),0.0,0.0
1120,Center Drive,0.0,0.0,0.0,0,(),0.0,0.0
1125,Center Drive,0.0,0.0,0.0,0,(),0.0,0.0
1130,Center Drive,0.0,0.0,0.0,0,(),0.0,0.0
1135,Center Drive,0.0,0.0,0.0,0,(),0.0,0.0
1140,Center Drive,0.0,0.0,0.0,0,(),0.0,0.0
1145,Center Drive,0.0,0.0,0.0,0,(),0.0,0.0
1150,Center Drive,0.0,0.0,0.0,0,(),0.0,0.0
1155,Center Drive,0.0,0.0,0.0,0,(),0.0,0.0
1160,Center Drive,0.0,0.0,0.0,0,(),0.0,0.0
1165,Center Drive,0.0,0.0,0.0,0,(),0.0,0.0
1170,Center Drive,0.0,0.0,0.0,0,(),0.0,0.0
1175,Center Drive,0.0,0.0,0.0,0,(),0.0,0.0
1180,Center Drive,0.0,0.0,0.0,0,(),0.0,0.0
1185,Center Drive,0.0,0.0,0.0,0,(),0.0,0.0
1190,Center Drive,0.0,0.0,0.0,0,(),0.0,0.0
1195,Center Drive,0.0,0.0,0.0,0,(),0.0,0.0
1200,Center Drive,0.0,0.0,0.0,0,(),0.0,0.0
1205,Center Drive,0.0,0.0,0.0,0,(),0.0,0.0
1210,Center Drive,0.0,0.0,0.0,0,(),0.0,0.0
1215,Center Drive,0.0,0.0,0.0,0,(),0.0,0.0
1220,Center Drive,0.0,0.0,0.0,0,(),0.0,0.0
1225,Center Drive,0.0,0.0,0.0,0,(),0.0,0.0
1230,Center Drive,0.0,0.0,0.0,0,(),0.0,0.0
1235,Center Drive,0.0,0.0,0.0,0,(),0.0,0.0
1240,Center Drive,0.0,0.0,0.0,0,(),0.0,0.0
1245,Center Drive,0.0,0.0,0.0,0,(),0.0,0.0
1250,Center Drive,0.0,0.0,0.0,0,(),0.0,0.0
1255,Center Drive,0.0,0.0,0.0,0,(),0.0,0.0
1260,Center Drive,0.0,0.0,0.0,0,(),0.0,0.0
1265,Center Drive,0.0,0.0,0.0,0,(),0.0,0.0
1270,Center Drive,0.0,0.0,0.0,0,(),0.0,0.0
1275,Center Drive,0.0,0.0,0.0,0,(),0.0,0.0
1280,Center Drive,0.0,0.0,0.0,0,(),0.0,0.0
1285,Center Drive,0.0,0.0,0.0,0,(),0.0,0.0
1290,Center Drive,0.0,0.0,0.0,0,(),0.0,0.0
1295,Center Drive,0.0,0.0,0.0,0,(),0.0,0.0
1300,Center Drive,0.0,0.0,0.0,0,(),0.0,0.0
1305,Center Drive,0.0,0.0,0.0,0,(),0.0,0.0
1310,Center Drive,0.0,0.0,0.0,0,(),0.0,0.0
1315,Center Drive,0.0,0.0,0.0,0,(),0.0,0.0
1320,Center Drive,0.0,0.0,0.0,0,(),0.0,0.0
1325,Center Drive,0.0,0.0,0.0,0,(),0.0,0.0
1330,Center Drive,0.0,0.0,0.0,0,(),0.0,0.0
1335,Center Drive,0.0,0.0,0.0,0,(),0.0,0.0
1340,Center Drive,0.0,0.0,0.0,0,(),0.0,0.0
1345,Center Drive,0.0,0.0,0.0,0,(),0.0,0.0
1350,Center Drive,0.0,0.0,0.0,0,(),0.0,0.0
1355,Center Drive,0.0,0.0,0.0,0,(),0.0,0.0
1360,Center Drive,0.0,0.0,0.0,0,(),0.0,0.0
1365,Center Drive,0.0,0.0,0.0,0,(),0.0,0.0
1370,Center Drive,0.0,0.0,0.0,0,(),0.0,0.0
1375,Center Drive,0.0,0.0,0.0,0,(),0.0,0.0
1380,Center Drive,0.0,0.0,0.0,0,(),0.0,0.0
1385,Center Drive,0.0,0.0,0.0,0,(),0.0,0.0
1390,Center Drive,0.0,0.0,0.0,0,(),0.0,0.0
1395,Center Drive,0.0,0.0,0.0,0,(),0.0,0.0
1400,Center Drive,0.0,0.0,0.0,0,(),0.0,0.0
1405,Center Drive,0.0,0.0,0.0,0,(),0.0,0.0
1410,Center Drive,0.0,0.0,0.0,0,(),0.0,0.0
1415,Center Drive,0.0,0.0,0.0,0,(),0.0,0.0
1420,Center Drive,0.0,0.0,0.0,0,(),0.0,0.0
1425,Center Drive,0.0,0.0,0.0,0,(),0.0,0.0
1430,Center Drive,0.0,0.0,0.0,0,(),0.0,0.0
1435,Center Drive,0.0,0.0,0.0,0,(),0.0,0.0
1440,Center Drive,0.0,0.0,0.0,0,(),0.0,0.0
1445,Center Drive,0.0,0.0,0.0,0,(),0.0,0.0
1450,Center Drive,0.0,0.0,0.0,0,(),0.0,0.0
1455,Center Drive,0.0,0.0,0.0,0,(),0.0,0.0
1460,Center Drive,0.0,0.0,0.0,0,(),0.0,0.0
1465,Center Drive,0.0,0.0,0.0,0,(),0.0,0.0
1470,Center Drive,0.0,0.0,0.0,0,(),0.0,0.0
1475,Center Drive,0.0,0.0,0.0,0,(),0.0,0.0
1480,Center Drive,0.0,0.0,0.0,0,(),0.0,0.0
1485,Center Drive,0.0,0.0,0.0,0,(),0.0,0.0
1490,Center Drive,0.0,0.0,0.0,0,(),0.0,0.0
1495,Center Drive,0.0,0.0,0.0,0,(),0.0,0.0
1500,Center Drive,0.0,0.0,0.0,0,(),0.0,0.0
1505,Center Drive,0.0,0.0,0.0,0,(),0.0,0.0
1510,Center Drive,0.0,0.0,0.0,0,(),0.0,0.0
1515,Center Drive,0.0,0.0,0.0,0,(),0.0,0.0
1520,Center Drive,0.0,0.0,0.0,0,(),0.0,0.0
1525,Center Drive,0.0,0.0,0.0,0,(),0.0,0.0
1530,Center Drive,0.0,0.0,0.0,0,(),0.0,0.0
1535,Center Drive,0.0,0.0,0.0,0,(),0.0,0.0
1540,Center Drive,0.0,0.0,0.0,0,(),0.0,0.0
1545,Center Drive,0.0,0.0,0.0,0,(),0.0,0.0
1550,Center Drive,0.0,0.0,0.0,0,(),0.0,0.0
1555,Center Drive,0.0,0.0,0.0,0,(),0.0,0.0
1560,Center Drive,0.0,0.0,0.0,0,(),0.0,0.0
1565,Center Drive,0.0,0.0,0.0,0,(),0.0,0.0
1570,Center Drive,0.0,0.0,0.0,0,(),0.0,0.0
1575,Center Drive,0.0,0.0,0.0,0,(),0.0,0.0
1580,Center Drive,0.0,0.0,0.0,0,(),0.0,0.0
1585,Center Drive,0.0,0.0,0.0,0,(),0.0,0.0
1590,Center Drive,0.0,0.0,0.0,0,(),0.0,0.0
1595,Center Drive,0.0,0.0,0.0,0,(),0.0,0.0
1600,Center Drive,0.0,0.0,0.0,0,(),0.0,0.0
1605,Center Drive,0.0,0.0,0.0,0,(),0.0,0.0
1610,Center Drive,0.0,0.0,0.0,0,(),0.0,0.0
1615,Center Drive,0.0,0.0,0.0,0,(),0.0,0.0
1620,Center Drive,0.0,0.0,0.0,0,(),0.0,0.0
1625,Center Drive,0.0,0.0,0.0,0,(),0.0,0.0
1630,Center Drive,0.0,0.0,0.0,0,(),0.0,0.0
1635,Center Drive,0.0,0.0,0.0,0,(),0.0,0.0
1640,Center Drive,0.0,0.0,0.0,0,(),0.0,0.0
1645,Center Drive,0.0,0.0,0.0,0,(),0.0,0.0
1650,Center Drive,0.0,0.0,0.0,0,(),0.0,0.0
1655,Center Drive,0.0,0.0,0.0,0,(),0.0,0.0
1660,Center Drive,0.0,0.0,0.0,0,(),0.0,0.0
1665,Center Drive,0.0,0.0,0.0,0,(),0.0,0.0
1670,Center Drive,0.0,0.0,0.0,0,(),0.0,0.0
1675,Center Drive,0.0,0.0,0.0,0,(),0.0,0.0
1680,Center Drive,0.0,0.0,0.0,0,(),0.0,0.0
1685,Center Drive,0.0,0.0,0.0,0,(),0.0,0.0
1690,Center Drive,0.0,0.0,0.0,0,(),0.0,0.0
1695,Center Drive,0.0,0.0,0.0,0,(),0.0,0.0
1700,Center Drive,0.0,0.0,0.0,0,(),0.0,0.0
1705,Center Drive,0.0,0.0,0.0,0,(),0.0,0.0
1710,Center Drive,0.0,0.0,0.0,0,(),0.0,0.0
1715,Center Drive,0.0,0.0,0.0,0,(),0.0,0.0
1720,Center Drive,0.0,0.0,0.0,0,(),0.0,0.0
1725,Center Drive,0.0,0.0,0.0,0,(),0.0,0.0
1730,Center Drive,0.0,0.0,0.0,0,(),0.0,0.0
1735,Center Drive,0.0,0.0,0.0,0,(),0.0,0.0
1740,Center Drive,0.0,0.0,0.0,0,(),0.0,0.0
1745,Center Drive,0.0,0.0,0.0,0,(),0.0,0.0
1750,Center Drive,0.0,0.0,0.0,0,(),0.0,0.0
1755,Center Drive,0.0,0.0,0.0,0,(),0.0,0.0
1760,Center Drive,0.0,0.0,0.0,0,(),0.0,0.0
1765,Center Drive,0.0,0.0,0.0,0,(),0.0,0.0
1770,Center Drive,0.0,0.0,0.0,0,(),0.0,0.0
1775,Center Drive,0.0,0.0,0.0,0,(),0.0,0.0
1780,Center Drive,0.0,0.0,0.0,0,(),0.0,0.0
1785,Center Drive,0.0,0.0,0.0,0,(),0.0,0.0
1790,Center Drive,0.0,0.0,0.0,0,(),0.0,0.0
1795,Center Drive,0.0,0.0,0.0,0,(),0.0,0.0
1800,Center Drive,0.0,0.0,0.0,0,(),0.0,0.0
1805,Center Drive,0.0,0.0,0.0,0,(),0.0,0.0
1810,Center Drive,0.0,0.0,0.0,0,(),0.0,0.0
1815,Center Drive,0.0,0.0,0.0,0,(),0.0,0.0
1820,Center Drive,0.0,0.0,0.0,0,(),0.0,0.0
1825,Center Drive,0.0,0.0,0.0,0,(),0.0,0.0
1830,Center Drive,0.0,0.0,0.0,0,(),0.0,0.0
1835,Center Drive,0.0,0.0,0.0,0,(),0.0,0.0
1840,Center Drive,0.0,0.0,0.0,0,(),0.0,0.0
1845,Center Drive,0.0,0.0,0.0,0,(),0.0,0.0
1850,Center Drive,0.0,0.0,0.0,0,(),0.0,0.0
1855,Center Drive,0.0,0.0,0.0,0,(),0.0,0.0
1860,Center Drive,0.0,0.0,0.0,0,(),0.0,0.0
1865,Center Drive,0.0,0.0,0.0,0,(),0.0,0.0
1870,Center Drive,0.0,0.0,0.0,0,(),0.0,0.0
1875,Center Drive,0.0,0.0,0.0,0,(),0.0,0.0
1880,Center Drive,0.0,0.0,0.0,0,(),0.0,0.0
1885,Center Drive,0.0,0.0,0.0,0,(),0.0,0.0
1890,Center Drive,0.0,0.0,0.0,0,(),0.0,0.0
1895,Center Drive,0.0,0.0,0.0,0,(),0.0,0.0
1900,Center Drive,0.0,0.0,0.0,0,(),0.0,0.0
1905,Center Drive,0.0,0.0,0.0,0,(),0.0,0.0
1910,Center Drive,0.0,0.0,0.0,0,(),0.0,0.0
1915,Center Drive,0.0,0.0,0.0,0,(),0.0,0.0
1920,Center Drive,0.0,0.0,0.0,0,(),0.0,0.0
1925,Center Drive,0.0,0.0,0.0,0,(),0.0,0.0
1930,Center Drive,0.0,0.0,0.0,0,(),0.0,0.0
1935,Center Drive,0.0,0.0,0.0,0,(),0.0,0.0
1940,Center Drive,0.0,0.0,0.0,0,(),0.0,0.0
1945,Center Drive,0.0,0.0,0.0,0,(),0.0,0.0
1950,Center Drive,0.0,0.0,0.0,0,(),0.0,0.0
1955,Center Drive,0.0,0.0,0.0,0,(),0.0,0.0
1960,Center Drive,0.0,0.0,0.0,0,(),0.0,0.0
1965,Center Drive,0.0,0.0,0.0,0,(),0.0,0.0
1970,Center Drive,0.0,0.0,0.0,0,(),0.0,0.0
1975,Center Drive,0.0,0.0,0.0,0,(),0.0,0.0
1980,Center Drive,0.0,0.0,0.0,0,(),0.0,0.0
1985,Center Drive,0.0,0.0,0.0,0,(),0.0,0.0
1990,Center Drive,0.0,0.0,0.0,0,(),0.0,0.0
1995,Center Drive,0.0,0.0,0.0,0,(),0.0,0.0
2000,Center Drive,0.0,0.0,0.0,0,(),0.0,0.0
2005,Center Drive,0.0,0.0,0.0,0,(),0.0,0.0
2010,Center Drive,0.0,0.0,0.0,0,(),0.0,0.0
2015,Center Drive,0.0,0.0,0.0,0,(),0.0,0.0
2020,Center Drive,0.0,0.0,0.0,0,(),0.0,0.0
2025,Center Drive,0.0,0.0,0.0,0,(),0.0,0.0
2030,Center Drive,0.0,0.0,0.0,0,(),0.0,0.0
2035,Center Drive,0.0,0.0,0.0,0,(),0.0,0.0
2040,Center Drive,0.0,0.0,0.0,0,(),0.0,0.0
2045,Center Drive,0.0,0.0,0.0,0,(),0.0,0.0
2050,Center Drive,0.0,0.0,0.0,0,(),0.0,0.0
2055,Center Drive,0.0,0.0,0.0,0,(),0.0,0.0
2060,Center Drive,0.0,0.0,0.0,0,(),0.0,0.0
2065,Center Drive,0.0,0.0,0.0,0,(),0.0,0.0
2070,Center Drive,0.0,0.0,0.0,0,(),0.0,0.0
2075,Center Drive,0.0,0.0,0.0,0,(),0.0,0.0
2080,Center Drive,0.0,0.0,0.0,0,(),0.0,0.0
2085,Center Drive,0.0,0.0,0.0,0,(),0.0,0.0
2090,Center Drive,0.0,0.0,0.0,0,(),0.0,0.0
2095,Center Drive,0.0,0.0,0.0,0,(),0.0,0.0
2100,Center Drive,0.0,0.0,0.0,0,(),0.0,0.0
2105,Center Drive,0.0,0.0,0.0,0,(),0.0,0.0
2110,Center Drive,0.0,0.0,0.0,0,(),0.0,0.0
2115,Center Drive,0.0,0.0,0.0,0,(),0.0,0.0
2120,Center Drive,0.0,0.0,0.0,0,(),0.0,0.0
2125,Center Drive,0.0,0.0,0.0,0,(),0.0,0.0
2130,Center Drive,0.0,0.0,0.0,0,(),0.0,0.0
2135,Center Drive,0.0,0.0,0.0,0,(),0.0,0.0
2140,Center Drive,0.0,0.0,0.0,0,(),0.0,0.0
2145,Center Drive,0.0,0.0,0.0,0,(),0.0,0.0
2150,Center Drive,0.0,0.0,0.0,0,(),0.0,0.0
2155,Center Drive,0.0,0.0,0.0,0,(),0.0,0.0
2160,Center Drive,0.0,0.0,0.0,0,(),0.0,0.0
2165,Center Drive,0.0,0.0,0.0,0,(),0.0,0.0
2170,Center Drive,0.0,0.0,0.0,0,(),0.0,0.0
2175,Center Drive,0.0,0.0,0.0,0,(),0.0,0.0
2180,Center Drive,0.0,0.0,0.0,0,(),0.0,0.0
2185,Center Drive,0.0,0.0,0.0,0,(),0.0,0.0
2190,Center Drive,0.0,0.0,0.0,0,(),0.0,0.0
2195,Center Drive,0.0,0.0,0.0,0,(),0.0,0.0
2200,Center Drive,0.0,0.0,0.0,0,(),0.0,0.0
2205,Center Drive,0.0,0.0,0.0,0,(),0.0,0.0
2210,Center Drive,0.0,0.0,0.0,0,(),0.0,0.0
2215,Center Drive,0.0,0.0,0.0,0,(),0.0,0.0
2220,Center Drive,0.0,0.0,0.0,0,(),0.0,0.0
2225,Center Drive,0.0,0.0,0.0,0,(),0.0,0.0
2230,Center Drive,0.0,0.0,0.0,0,(),0.0,0.0
2235,Center Drive,0.0,0.0,0.0,0,(),0.0,0.0
2240,Center Drive,0.0,0.0,0.0,0,(),0.0,0.0
2245,Center Drive,0.0,0.0,0.0,0,(),0.0,0.0
2250,Center Drive,0.0,0.0,0.0,0,(),0.0,0.0
2255,Center Drive,0.0,0.0,0.0,0,(),0.0,0.0
2260,Center Drive,0.0,0.0,0.0,0,(),0.0,0.0
2265,Center Drive,0.0,0.0,0.0,0,(),0.0,0.0
2270,Center Drive,0.0,0.0,0.0,0,(),0.0,0.0
2275,Center Drive,0.0,0.0,0.0,0,(),0.0,0.0
2280,Center Drive,0.0,0.0,0.0,0,(),0.0,0.0
2285,Center Drive,0.0,0.0,0.0,0,(),0.0,0.0
2290,Center Drive,0.0,0.0,0.0,0,(),0.0,0.0
2295,Center Drive,0.0,0.0,0.0,0,(),0.0,0.0
2300,Center Drive,0.0,0.0,0.0,0,(),0.0,0.0
2305,Center Drive,0.0,0.0,0.0,0,(),0.0,0.0
2310,Center Drive,0.0,0.0,0.0,0,(),0.0,0.0
2315,Center Drive,0.0,0.0,0.0,0,(),0.0,0.0
2320,Center Drive,0.0,0.0,0.0,0,(),0.0,0.0
2325,Center Drive,0.0,0.0,0.0,0,(),0.0,0.0
2330,Center Drive,0.0,0.0,0.0,0,(),0.0,0.0
2335,Center Drive,0.0,0.0,0.0,0,(),0.0,0.0
2340,Center Drive,0.0,0.0,0.0,0,(),0.0,0.0
2345,Center Drive,0.0,0.0,0.0,0,(),0.0,0.0
2350,Center Drive,0.0,0.0,0.0,0,(),0.0,0.0
2355,Center Drive,0.0,0.0,0.0,0,(),0.0,0.0
2360,Center Drive,0.0,0.0,0.0,0,(),0.0,0.0
2365,Center Drive,0.0,0.0,0.0,0,(),0.0,0.0
2370,Center Drive,0.0,0.0,0.0,0,(),0.0,0.0
2375,Center Drive,0.0,0.0,0.0,0,(),0.0,0.0
2380,Center Drive,0.0,0.0,0.0,0,(),0.0,0.0
2385,Center Drive,0.0,0.0,0.0,0,(),0.0,0.0
2390,Center Drive,0.0,0.0,0.0,0,(),0.0,0.0
2395,Center Drive,0.0,0.0,0.0,0,(),0.0,0.0
2400,Center Drive,0.0,0.0,0.0,0,(),0.0,0.0
2405,Center Drive,0.0,0.0,0.0,0,(),0.0,0.0
2410,Center Drive,0.0,0.0,0.0,0,(),0.0,0.0
2415,Center Drive,0.0,0.0,0.0,0,(),0.0,0.0
2420,Center Drive,0.0,0.0,0.0,0,(),0.0,0.0
2425,Center Drive,0.0,0.0,0.0,0,(),0.0,0.0
2430,Center Drive,0.0,0.0,0.0,0,(),0.0,0.0
2435,Center Drive,0.0,0.0,0.0,0,(),0.0,0.0
2440,Center Drive,0.0,0.0,0.0,0,(),0.0,0.0
2445,Center Drive,0.0,0.0,0.0,0,(),0.0,0.0
2450,Center Drive,0.0,0.0,0.0,0,(),0.0,0.0
2455,Center Drive,0.0,0.0,0.0,0,(),0.0,0.0
2460,Center Drive,0.0,0.0,0.0,0,(),0.0,0.0
2465,Center Drive,0.0,0.0,0.0,0,(),0.0,0.0
2470,Center Drive,0.0,0.0,0.0,0,(),0.0,0.0
2475,Center Drive,0.0,0.0,0.0,0,(),0.0,0.0
2480,Center Drive,0.0,0.0,0.0,0,(),0.0,0.0
2485,Center Drive,0.0,0.0,0.0,0,(),0.0,0.0
2490,Center Drive,0.0,0.0,0.0,0,(),0.0,0.0
2495,Center Drive,0.0,0.0,0.0,0,(),0.0,0.0
2500,Center Drive,0.0,0.0,0.0,0,(),0.0,0.0
2505,Center Drive,0.0,0.0,0.0,0,(),0.0,0.0
2510,Center Drive,0.0,0.0,0.0,0,(),0.0,0.0
2515,Center Drive,0.0,0.0,0.0,0,(),0.0,0.0
2520,Center Drive,0.0,0.0,0.0,0,(),0.0,0.0
2525,Center Drive,0.0,0.0,0.0,0,(),0.0,0.0
2530,Center Drive,0.0,0.0,0.0,0,(),0.0,0.0
2535,Center Drive,0.0,0.0,0.0,0,(),0.0,0.0
2540,Center Drive,0.0,0.0,0.0,0,(),0.0,0.0
2545,Center Drive,0.0,0.0,0.0,0,(),0.0,0.0
2550,Center Drive,0.0,0.0,0.0,0,(),0.0,0.0
2555,Center Drive,0.0,0.0,0.0,0,(),0.0,0.0
2560,Center Drive,0.0,0.0,0.0,0,(),0.0,0.0
2565,Center Drive,0.0,0.0,0.0,0,(),0.0,0.0
2570,Center Drive,0.0,0.0,0.0,0,(),0.0,0.0
2575,Center Drive,0.0,0.0,0.0,0,(),0.0,0.0
2580,Center Drive,0.0,0.0,0.0,0,(),0.0,0.0
2585,Center Drive,0.0,0.0,0.0,0,(),0.0,0.0
2590,Center Drive,0.0,0.0,0.0,0,(),0.0,0.0
2595,Center Drive,0.0,0.0,0.0,0,(),0.0,0.0
2600,Center Drive,0.0,0.0,0.0,0,(),0.0,0.0
2605,Center Drive,0.0,0.0,0.0,0,(),0.0,0.0
2610,Center Drive,0.0,0.0,0.0,0,(),0.0,0.0
2615,Center Drive,0.0,0.0,0.0,0,(),0.0,0.0
2620,Center Drive,0.0,0.0,0.0,0,(),0.0,0.0
2625,Center Drive,0.0,0.0,0.0,0,(),0.0,0.0
2630,Center Drive,0.0,0.0,0.0,0,(),0.0,0.0
2635,Center Drive,0.0,0.0,0.0,0,(),0.0,0.0
2640,Center Drive,0.0,0.0,0.0,0,(),0.0,0.0
2645,Center Drive,0.0,0.0,0.0,0,(),0.0,0.0
2650,Center Drive,0.0,0.0,0.0,0,(),0.0,0.0
2655,Center Drive,0.0,0.0,0.0,0,(),0.0,0.0
2660,Center Drive,0.0,0.0,0.0,0,(),0.0,0.0
2665,Center Drive,0.0,0.0,0.0,0,(),0.0,0.0
2670,Center Drive,0.0,0.0,0.0,0,(),0.0,0.0
2675,Center Drive,0.0,0.0,0.0,0,(),0.0,0.0
2680,Center Drive,0.0,0.0,0.0,0,(),0.0,0.0
2685,Center Drive,0.0,0.0,0.0,0,(),0.0,0.0
2690,Center Drive,0.0,0.0,0.0,0,(),0.0,0.0
2695,Center Drive,0.0,0.0,0.0,0,(),0.0,0.0
2700,Center Drive,0.0,0.0,0.0,0,(),0.0,0.0
2705,Center Drive,0.0,0.0,0.0,0,(),0.0,0.0
2710,Center Drive,0.0,0.0,0.0,0,(),0.0,0.0
2715,Center Drive,0.0,0.0,0.0,0,(),0.0,0.0
2720,Center Drive,0.0,0.0,0.0,0,(),0.0,0.0
2725,Center Drive,0.0,0.0,0.0,0,(),0.0,0.0
2730,Center Drive,0.0,0.0,0.0,0,(),0.0,0.0
2735,Center Drive,0.0,0.0,0.0,0,(),0.0,0.0
2740,Center Drive,0.0,0.0,0.0,0,(),0.0,0.0
2745,Center Drive,0.0,0.0,0.0,0,(),0.0,0.0
2750,Center Drive,0.0,0.0,0.0,0,(),0.0,0.0
2755,Center Drive,0.0,0.0,0.0,0,(),0.0,0.0
2760,Center Drive,0.0,0.0,0.0,0,(),0.0,0.0
2765,Center Drive,0.0,0.0,0.0,0,(),0.0,0.0
2770,Center Drive,0.0,0.0,0.0,0,(),0.0,0.0
2775,Center Drive,0.0,0.0,0.0,0,(),0.0,0.0
2780,Center Drive,0.0,0.0,0.0,0,(),0.0,0.0
2785,Center Drive,0.0,0.0,0.0,0,(),0.0,0.0
2790,Center Drive,0.0,0.0,0.0,0,(),0.0,0.0
2795,Center Drive,0.0,0.0,0.0,0,(),0.0,0.0
2800,Center Drive,0.0,0.0,0.0,0,(),0.0,0.0
2805,Center Drive,0.0,0.0,0.0,0,(),0.0,0.0
2810,Center Drive,0.0,0.0,0.0,0,(),0.0,0.0
2815,Center Drive,0.0,0.0,0.0,0,(),0.0,0.0
2820,Center Drive,0.0,0.0,0.0,0,(),0.0,0.0
2825,Center Drive,0.0,0.0,0.0,0,(),0.0,0.0
2830,Center Drive,0.0,0.0,0.0,0,(),0.0,0.0
2835,Center Drive,0.0,0.0,0.0,0,(),0.0,0.0
2840,Center Drive,0.0,0.0,0.0,0,(),0.0,0.0
2845,Center Drive,0.0,0.0,0.0,0,(),0.0,0.0
2850,Center Drive,0.0,0.0,0.0,0,(),0.0,0.0
2855,Center Drive,0.0,0.0,0.0,0,(),0.0,0.0
2860,Center Drive,0.0,0.0,0.0,0,(),0.0,0.0
2865,Center Drive,0.0,0.0,0.0,0,(),0.0,0.0
2870,Center Drive,0.0,0.0,0.0,0,(),0.0,0.0
2875,Center Drive,0.0,0.0,0.0,0,(),0.0,0.0
2880,Center Drive,0.0,0.0,0.0,0,(),0.0,0.0
2885,Center Drive,0.0,0.0,0.0,0,(),0.0,0.0
2890,Center Drive,0.0,0.0,0.0,0,(),0.0,0.0
2895,Center Drive,0.0,0.0,0.0,0,(),0.0,0.0
2900,Center Drive,0.0,0.0,0.0,0,(),0.0,0.0
2905,Center Drive,0.0,0.0,0.0,0,(),0.0,0.0
2910,Center Drive,0.0,0.0,0.0,0,(),0.0,0.0
2915,Center Drive,0.0,0.0,58.79192953204934,1,(),0.0,0.0
2920,Center Drive,0.0,0.0,0.0,0,(),0.0,0.0
2925,Center Drive,0.0,0.0,0.0,0,(),0.0,0.0
2930,Center Drive,0.0,0.0,0.0,0,(),0.0,0.0
2935,Center Drive,0.0,0.0,0.0,0,(),0.0,0.0
2940,Center Drive,0.0,0.0,0.0,0,(),0.0,0.0
2945,Center Drive,0.0,0.0,0.0,0,(),0.0,0.0
2950,Center Drive,0.0,0.0,0.0,0,(),0.0,0.0
2955,Center Drive,0.0,0.0,0.0,0,(),0.0,0.0
2960,Center Drive,0.0,0.0,0.0,0,(),0.0,0.0
2965,Center Drive,0.0,0.0,0.0,0,(),0.0,0.0
2970,Center Drive,0.0,0.0,0.0,0,(),0.0,0.0
2975,Center Drive,0.0,0.0,0.0,0,(),0.0,0.0
2980,Center Drive,0.0,0.0,0.0,0,(),0.0,0.0
2985,Center Drive,0.0,0.0,0.0,0,(),0.0,0.0
2990,Center Drive,0.0,0.0,0.0,0,(),0.0,0.0
2995,Center Drive,0.0,0.0,0.0,0,(),0.0,0.0
3000,Center Drive,0.0,0.0,0.0,0,(),0.0,0.0
3005,Center Drive,0.0,0.0,0.0,0,(),0.0,0.0
3010,Center Drive,0.0,0.0,0.0,0,(),0.0,0.0
3015,Center Drive,0.0,0.0,0.0,0,(),0.0,0.0
3020,Center Drive,0.0,0.0,0.0,0,(),0.0,0.0
3025,Center Drive,0.0,0.0,0.0,0,(),0.0,0.0
3030,Center Drive,0.0,0.0,0.0,0,(),0.0,0.0
3035,Center Drive,0.0,0.0,0.0,0,(),0.0,0.0
3040,Center Drive,0.0,0.0,0.0,0,(),0.0,0.0
3045,Center Drive,0.0,0.0,0.0,0,(),0.0,0.0
3050,Center Drive,0.0,0.0,0.0,0,(),0.0,0.0
3055,Center Drive,0.0,0.0,0.0,0,(),0.0,0.0
3060,Center Drive,0.0,0.0,0.0,0,(),0.0,0.0
3065,Center Drive,0.0,0.0,0.0,0,(),0.0,0.0
3070,Center Drive,0.0,0.0,0.0,0,(),0.0,0.0
3075,Center Drive,0.0,0.0,0.0,0,(),0.0,0.0
3080,Center Drive,0.0,0.0,0.0,0,(),0.0,0.0
3085,Center Drive,0.0,0.0,0.0,0,(),0.0,0.0
3090,Center Drive,0.0,0.0,0.0,0,(),0.0,0.0
3095,Center Drive,0.0,0.0,0.0,0,(),0.0,0.0
3100,Center Drive,0.0,0.0,0.0,0,(),0.0,0.0
3105,Center Drive,0.0,0.0,0.0,0,(),0.0,0.0
3110,Center Drive,0.0,0.0,0.0,0,(),0.0,0.0
3115,Center Drive,0.0,0.0,0.0,0,(),0.0,0.0
3120,Center Drive,0.0,0.0,0.0,0,(),0.0,0.0
3125,Center Drive,0.0,0.0,0.0,0,(),0.0,0.0
3130,Center Drive,0.0,0.0,0.0,0,(),0.0,0.0
3135,Center Drive,0.0,0.0,0.0,0,(),0.0,0.0
3140,Center Drive,0.0,0.0,0.0,0,(),0.0,0.0
3145,Center Drive,0.0,0.0,0.0,0,(),0.0,0.0
3150,Center Drive,0.0,0.0,0.0,0,(),0.0,0.0
3155,Center Drive,0.0,0.0,0.0,0,(),0.0,0.0
3160,Center Drive,0.0,0.0,0.0,0,(),0.0,0.0
3165,Center Drive,0.0,0.0,0.0,0,(),0.0,0.0
3170,Center Drive,0.0,0.0,0.0,0,(),0.0,0.0
3175,Center Drive,0.0,0.0,0.0,0,(),0.0,0.0
3180,Center Drive,0.0,0.0,0.0,0,(),0.0,0.0
3185,Center Drive,0.0,0.0,0.0,0,(),0.0,0.0
3190,Center Drive,0.0,0.0,0.0,0,(),0.0,0.0
3195,Center Drive,0.0,0.0,0.0,0,(),0.0,0.0
3200,Center Drive,0.0,0.0,0.0,0,(),0.0,0.0
3205,Center Drive,0.0,0.0,0.0,0,(),0.0,0.0
3210,Center Drive,0.0,0.0,0.0,0,(),0.0,0.0
3215,Center Drive,0.0,0.0,0.0,0,(),0.0,0.0
3220,Center Drive,0.0,0.0,0.0,0,(),0.0,0.0
3225,Center Drive,0.0,0.0,0.0,0,(),0.0,0.0
3230,Center Drive,0.0,0.0,0.0,0,(),0.0,0.0
3235,Center Drive,0.0,0.0,0.0,0,(),0.0,0.0
3240,Center Drive,0.0,0.0,0.0,0,(),0.0,0.0
3245,Center Drive,0.0,0.0,0.0,0,(),0.0,0.0
3250,Center Drive,0.0,0.0,0.0,0,(),0.0,0.0
3255,Center Drive,0.0,0.0,0.0,0,(),0.0,0.0
3260,Center Drive,0.0,0.0,0.0,0,(),0.0,0.0
3265,Center Drive,0.0,0.0,0.0,0,(),0.0,0.0
3270,Center Drive,0.0,0.0,0.0,0,(),0.0,0.0
3275,Center Drive,0.0,0.0,0.0,0,(),0.0,0.0
3280,Center Drive,0.0,0.0,0.0,0,(),0.0,0.0
3285,Center Drive,0.0,0.0,0.0,0,(),0.0,0.0
3290,Center Drive,0.0,0.0,0.0,0,(),0.0,0.0
3295,Center Drive,0.0,0.0,0.0,0,(),0.0,0.0
3300,Center Drive,0.0,0.0,0.0,0,(),0.0,0.0
3305,Center Drive,0.0,0.0,0.0,0,(),0.0,0.0
3310,Center Drive,0.0,0.0,0.0,0,(),0.0,0.0
3315,Center Drive,0.0,0.0,0.0,0,(),0.0,0.0
3320,Center Drive,0.0,0.0,0.0,0,(),0.0,0.0
3325,Center Drive,0.0,0.0,0.0,0,(),0.0,0.0
3330,Center Drive,0.0,0.0,0.0,0,(),0.0,0.0
3335,Center Drive,0.0,0.0,0.0,0,(),0.0,0.0
3340,Center Drive,0.0,0.0,0.0,0,(),0.0,0.0
3345,Center Drive,0.0,0.0,0.0,0,(),0.0,0.0
3350,Center Drive,0.0,0.0,0.0,0,(),0.0,0.0
3355,Center Drive,0.0,0.0,0.0,0,(),0.0,0.0
3360,Center Drive,0.0,0.0,0.0,0,(),0.0,0.0
3365,Center Drive,0.0,0.0,0.0,0,(),0.0,0.0
3370,Center Drive,0.0,0.0,0.0,0,(),0.0,0.0
3375,Center Drive,0.0,0.0,0.0,0,(),0.0,0.0
3380,Center Drive,0.0,0.0,0.0,0,(),0.0,0.0
3385,Center Drive,0.0,0.0,0.0,0,(),0.0,0.0
3390,Center Drive,0.0,0.0,0.0,0,(),0.0,0.0
3395,Center Drive,0.0,0.0,0.0,0,(),0.0,0.0
3400,Center Drive,0.0,0.0,0.0,0,(),0.0,0.0
3405,Center Drive,0.0,0.0,0.0,0,(),0.0,0.0
3410,Center Drive,0.0,0.0,0.0,0,(),0.0,0.0
3415,Center Drive,0.0,0.0,0.0,0,(),0.0,0.0
3420,Center Drive,0.0,0.0,0.0,0,(),0.0,0.0
3425,Center Drive,0.0,0.0,0.0,0,(),0.0,0.0
3430,Center Drive,0.0,0.0,0.0,0,(),0.0,0.0
3435,Center Drive,0.0,0.0,0.0,0,(),0.0,0.0
3440,Center Drive,0.0,0.0,0.0,0,(),0.0,0.0
3445,Center Drive,0.0,0.0,0.0,0,(),0.0,0.0
3450,Center Drive,0.0,0.0,0.0,0,(),0.0,0.0
3455,Center Drive,0.0,0.0,0.0,0,(),0.0,0.0
3460,Center Drive,0.0,0.0,0.0,0,(),0.0,0.0
3465,Center Drive,0.0,0.0,0.0,0,(),0.0,0.0
3470,Center Drive,0.0,0.0,0.0,0,(),0.0,0.0
3475,Center Drive,0.0,0.0,0.0,0,(),0.0,0.0
3480,Center Drive,0.0,0.0,0.0,0,(),0.0,0.0
3485,Center Drive,0.0,0.0,0.0,0,(),0.0,0.0
3490,Center Drive,0.0,0.0,0.0,0,(),0.0,0.0
3495,Center Drive,0.0,0.0,0.0,0,(),0.0,0.0
3500,Center Drive,0.0,0.0,0.0,0,(),0.0,0.0
3505,Center Drive,0.0,0.0,0.0,0,(),0.0,0.0
3510,Center Drive,0.0,0.0,0.0,0,(),0.0,0.0
3515,Center Drive,0.0,0.0,0.0,0,(),0.0,0.0
3520,Center Drive,0.0,0.0,0.0,0,(),0.0,0.0
3525,Center Drive,0.0,0.0,0.0,0,(),0.0,0.0
3530,Center Drive,0.0,0.0,0.0,0,(),0.0,0.0
3535,Center Drive,0.0,0.0,0.0,0,(),0.0,0.0
3540,Center Drive,0.0,0.0,0.0,0,(),0.0,0.0
3545,Center Drive,0.0,0.0,0.0,0,(),0.0,0.0
3550,Center Drive,0.0,0.0,0.0,0,(),0.0,0.0
3555,Center Drive,0.0,0.0,0.0,0,(),0.0,0.0
3560,Center Drive,0.0,0.0,0.0,0,(),0.0,0.0
3565,Center Drive,0.0,0.0,0.0,0,(),0.0,0.0
3570,Center Drive,0.0,0.0,0.0,0,(),0.0,0.0
3575,Center Drive,0.0,0.0,0.0,0,(),0.0,0.0
3580,Center Drive,0.0,0.0,0.0,0,(),0.0,0.0
3585,Center Drive,0.0,0.0,0.0,0,(),0.0,0.0
3590,Center Drive,0.0,0.0,0.0,0,(),0.0,0.0
3595,Center Drive,0.0,0.0,0.0,0,(),0.0,0.0
3600,Center Drive,0.0,0.0,0.0,0,(),0.0,0.0
3605,Center Drive,0.0,0.0,0.0,0,(),0.0,0.0
3610,Center Drive,0.0,0.0,0.0,0,(),0.0,0.0
3615,Center Drive,0.0,0.0,0.0,0,(),0.0,0.0
3620,Center Drive,0.0,0.0,0.0,0,(),0.0,0.0
3625,Center Drive,0.0,0.0,0.0,0,(),0.0,0.0
3630,Center Drive,0.0,0.0,0.0,0,(),0.0,0.0
3635,Center Drive,0.0,0.0,0.0,0,(),0.0,0.0
3640,Center Drive,0.0,0.0,0.0,0,(),0.0,0.0
3645,Center Drive,0.0,0.0,0.0,0,(),0.0,0.0
3650,Center Drive,0.0,0.0,0.0,0,(),0.0,0.0
3655,Center Drive,0.0,0.0,0.0,0,(),0.0,0.0
3660,Center Drive,0.0,0.0,0.0,0,(),0.0,0.0
3665,Center Drive,0.0,0.0,0.0,0,(),0.0,0.0
3670,Center Drive,0.0,0.0,0.0,0,(),0.0,0.0
3675,Center Drive,0.0,0.0,0.0,0,(),0.0,0.0
3680,Center Drive,0.0,0.0,0.0,0,(),0.0,0.0
3685,Center Drive,0.0,0.0,0.0,0,(),0.0,0.0
3690,Center Drive,0.0,0.0,0.0,0,(),0.0,0.0
3695,Center Drive,0.0,0.0,0.0,0,(),0.0,0.0
3700,Center Drive,0.0,0.0,0.0,0,(),0.0,0.0
3705,Center Drive,0.0,0.0,0.0,0,(),0.0,0.0
3710,Center Drive,0.0,0.0,0.0,0,(),0.0,0.0
3715,Center Drive,0.0,0.0,0.0,0,(),0.0,0.0
3720,Center Drive,0.0,0.0,0.0,0,(),0.0,0.0
3725,Center Drive,0.0,0.0,0.0,0,(),0.0,0.0
3730,Center Drive,0.0,0.0,0.0,0,(),0.0,0.0
3735,Center Drive,0.0,0.0,0.0,0,(),0.0,0.0
3740,Center Drive,0.0,0.0,0.0,0,(),0.0,0.0
3745,Center Drive,0.0,0.0,0.0,0,(),0.0,0.0
3750,Center Drive,0.0,0.0,0.0,0,(),0.0,0.0
3755,Center Drive,0.0,0.0,0.0,0,(),0.0,0.0
3760,Center Drive,0.0,0.0,0.0,0,(),0.0,0.0
3765,Center Drive,0.0,0.0,0.0,0,(),0.0,0.0
3770,Center Drive,0.0,0.0,0.0,0,(),0.0,0.0
3775,Center Drive,0.0,0.0,0.0,0,(),0.0,0.0
3780,Center Drive,0.0,0.0,0.0,0,(),0.0,0.0
3785,Center Drive,0.0,0.0,0.0,0,(),0.0,0.0
3790,Center Drive,0.0,0.0,0.0,0,(),0.0,0.0
3795,Center Drive,0.0,0.0,0.0,0,(),0.0,0.0
3800,Center Drive,0.0,0.0,0.0,0,(),0.0,0.0
3805,Center Drive,0.0,0.0,0.0,0,(),0.0,0.0
3810,Center Drive,0.0,0.0,0.0,0,(),0.0,0.0
3815,Center Drive,0.0,0.0,0.0,0,(),0.0,0.0
3820,Center Drive,0.0,0.0,0.0,0,(),0.0,0.0
3825,Center Drive,0.0,0.0,0.0,0,(),0.0,0.0
3830,Center Drive,0.0,0.0,0.0,0,(),0.0,0.0
3835,Center Drive,0.0,0.0,0.0,0,(),0.0,0.0
3840,Center Drive,0.0,0.0,0.0,0,(),0.0,0.0
3845,Center Drive,0.0,0.0,0.0,0,(),0.0,0.0
3850,Center Drive,0.0,0.0,0.0,0,(),0.0,0.0
3855,Center Drive,0.0,0.0,0.0,0,(),0.0,0.0
3860,Center Drive,0.0,0.0,0.0,0,(),0.0,0.0
3865,Center Drive,0.0,0.0,0.0,0,(),0.0,0.0
3870,Center Drive,0.0,0.0,0.0,0,(),0.0,0.0
3875,Center Drive,0.0,0.0,0.0,0,(),0.0,0.0
3880,Center Drive,0.0,0.0,0.0,0,(),0.0,0.0
3885,Center Drive,0.0,0.0,0.0,0,(),0.0,0.0
3890,Center Drive,0.0,0.0,0.0,0,(),0.0,0.0
3895,Center Drive,0.0,0.0,0.0,0,(),0.0,0.0
3900,Center Drive,0.0,0.0,0.0,0,(),0.0,0.0
3905,Center Drive,0.0,0.0,0.0,0,(),0.0,0.0
3910,Center Drive,0.0,0.0,0.0,0,(),0.0,0.0
3915,Center Drive,0.0,0.0,0.0,0,(),0.0,0.0
3920,Center Drive,0.0,0.0,0.0,0,(),0.0,0.0
3925,Center Drive,0.0,0.0,0.0,0,(),0.0,0.0
3930,Center Drive,0.0,0.0,0.0,0,(),0.0,0.0
3935,Center Drive,0.0,0.0,0.0,0,(),0.0,0.0
3940,Center Drive,0.0,0.0,0.0,0,(),0.0,0.0
3945,Center Drive,0.0,0.0,0.0,0,(),0.0,0.0
3950,Center Drive,0.0,0.0,0.0,0,(),0.0,0.0
3955,Center Drive,0.0,0.0,0.0,0,(),0.0,0.0
3960,Center Drive,0.0,0.0,0.0,0,(),0.0,0.0
3965,Center Drive,0.0,0.0,0.0,0,(),0.0,0.0
3970,Center Drive,0.0,0.0,0.0,0,(),0.0,0.0
3975,Center Drive,0.0,0.0,0.0,0,(),0.0,0.0
3980,Center Drive,0.0,0.0,0.0,0,(),0.0,0.0
3985,Center Drive,0.0,0.0,0.0,0,(),0.0,0.0
3990,Center Drive,0.0,0.0,0.0,0,(),0.0,0.0
3995,Center Drive,0.0,0.0,0.0,0,(),0.0,0.0
4000,Center Drive,0.0,0.0,0.0,0,(),0.0,0.0
4005,Center Drive,0.0,0.0,0.0,0,(),0.0,0.0
4010,Center Drive,0.0,0.0,0.0,0,(),0.0,0.0
4015,Center Drive,0.0,0.0,0.0,0,(),0.0,0.0
4020,Center Drive,0.0,0.0,0.0,0,(),0.0,0.0
4025,Center Drive,0.0,0.0,0.0,0,(),0.0,0.0
4030,Center Drive,0.0,0.0,0.0,0,(),0.0,0.0
4035,Center Drive,0.0,0.0,0.0,0,(),0.0,0.0
4040,Center Drive,0.0,0.0,0.0,0,(),0.0,0.0
4045,Center Drive,0.0,0.0,0.0,0,(),0.0,0.0
4050,Center Drive,0.0,0.0,0.0,0,(),0.0,0.0
4055,Center Drive,0.0,0.0,0.0,0,(),0.0,0.0
4060,Center Drive,0.0,0.0,0.0,0,(),0.0,0.0
4065,Center Drive,0.0,0.0,0.0,0,(),0.0,0.0
4070,Center Drive,0.0,0.0,0.0,0,(),0.0,0.0
4075,Center Drive,0.0,0.0,0.0,0,(),0.0,0.0
4080,Center Drive,0.0,0.0,0.0,0,(),0.0,0.0
4085,Center Drive,0.0,0.0,0.0,0,(),0.0,0.0
4090,Center Drive,0.0,0.0,0.0,0,(),0.0,0.0
4095,Center Drive,0.0,0.0,0.0,0,(),0.0,0.0
4100,Center Drive,0.0,0.0,0.0,0,(),0.0,0.0
4105,Center Drive,0.0,0.0,0.0,0,(),0.0,0.0
4110,Center Drive,0.0,0.0,0.0,0,(),0.0,0.0
4115,Center Drive,0.0,0.0,0.0,0,(),0.0,0.0
4120,Center Drive,0.0,0.0,0.0,0,(),0.0,0.0
4125,Center Drive,0.0,0.0,0.0,0,(),0.0,0.0
4130,Center Drive,0.0,0.0,0.0,0,(),0.0,0.0
4135,Center Drive,0.0,0.0,0.0,0,(),0.0,0.0
4140,Center Drive,0.0,0.0,0.0,0,(),0.0,0.0
4145,Center Drive,0.0,0.0,0.0,0,(),0.0,0.0
4150,Center Drive,0.0,0.0,0.0,0,(),0.0,0.0
4155,Center Drive,0.0,0.0,0.0,0,(),0.0,0.0
4160,Center Drive,0.0,0.0,0.0,0,(),0.0,0.0
4165,Center Drive,0.0,0.0,0.0,0,(),0.0,0.0
4170,Center Drive,0.0,0.0,0.0,0,(),0.0,0.0
4175,Center Drive,0.0,0.0,0.0,0,(),0.0,0.0
4180,Center Drive,0.0,0.0,0.0,0,(),0.0,0.0
4185,Center Drive,0.0,0.0,0.0,0,(),0.0,0.0
4190,Center Drive,0.0,0.0,0.0,0,(),0.0,0.0
4195,Center Drive,0.0,0.0,0.0,0,(),0.0,0.0
4200,Center Drive,0.0,0.0,0.0,0,(),0.0,0.0
4205,Center Drive,0.0,0.0,0.0,0,(),0.0,0.0
4210,Center Drive,0.0,0.0,0.0,0,(),0.0,0.0
4215,Center Drive,0.0,0.0,0.0,0,(),0.0,0.0
4220,Center Drive,0.0,0.0,0.0,0,(),0.0,0.0
4225,Center Drive,0.0,0.0,0.0,0,(),0.0,0.0
4230,Center Drive,0.0,0.0,0.0,0,(),0.0,0.0
4235,Center Drive,0.0,0.0,0.0,0,(),0.0,0.0
4240,Center Drive,0.0,0.0,0.0,0,(),0.0,0.0
4245,Center Drive,0.0,0.0,0.0,0,(),0.0,0.0
4250,Center Drive,0.0,0.0,0.0,0,(),0.0,0.0
4255,Center Drive,0.0,0.0,0.0,0,(),0.0,0.0
4260,Center Drive,0.0,0.0,0.0,0,(),0.0,0.0
4265,Center Drive,0.0,0.0,0.0,0,(),0.0,0.0
4270,Center Drive,0.0,0.0,0.0,0,(),0.0,0.0
4275,Center Drive,0.0,0.0,0.0,0,(),0.0,0.0
4280,Center Drive,0.0,0.0,0.0,0,(),0.0,0.0
4285,Center Drive,0.0,0.0,0.0,0,(),0.0,0.0
4290,Center Drive,0.0,0.0,0.0,0,(),0.0,0.0
4295,Center Drive,0.0,0.0,0.0,0,(),0.0,0.0
4300,Center Drive,0.0,0.0,0.0,0,(),0.0,0.0
4305,Center Drive,0.0,0.0,0.0,0,(),0.0,0.0
4310,Center Drive,0.0,0.0,0.0,0,(),0.0,0.0
4315,Center Drive,0.0,0.0,0.0,0,(),0.0,0.0
4320,Center Drive,0.0,0.0,0.0,0,(),0.0,0.0
4325,Center Drive,0.0,0.0,0.0,0,(),0.0,0.0
4330,Center Drive,0.0,0.0,0.0,0,(),0.0,0.0
4335,Center Drive,0.0,0.0,0.0,0,(),0.0,0.0
4340,Center Drive,0.0,0.0,0.0,0,(),0.0,0.0
4345,Center Drive,0.0,0.0,0.0,0,(),0.0,0.0
4350,Center Drive,0.0,0.0,0.0,0,(),0.0,0.0
4355,Center Drive,0.0,0.0,0.0,0,(),0.0,0.0
4360,Center Drive,0.0,0.0,0.0,0,(),0.0,0.0
4365,Center Drive,0.0,0.0,0.0,0,(),0.0,0.0
4370,Center Drive,0.0,0.0,0.0,0,(),0.0,0.0
4375,Center Drive,0.0,0.0,0.0,0,(),0.0,0.0
4380,Center Drive,0.0,0.0,0.0,0,(),0.0,0.0
4385,Center Drive,0.0,0.0,0.0,0,(),0.0,0.0
4390,Center Drive,0.0,0.0,0.0,0,(),0.0,0.0
4395,Center Drive,0.0,0.0,0.0,0,(),0.0,0.0
4400,Center Drive,0.0,0.0,0.0,0,(),0.0,0.0
4405,Center Drive,0.0,0.0,0.0,0,(),0.0,0.0
4410,Center Drive,0.0,0.0,0.0,0,(),0.0,0.0
4415,Center Drive,0.0,0.0,0.0,0,(),0.0,0.0
4420,Center Drive,0.0,0.0,0.0,0,(),0.0,0.0
4425,Center Drive,0.0,0.0,0.0,0,(),0.0,0.0
4430,Center Drive,0.0,0.0,0.0,0,(),0.0,0.0
4435,Center Drive,0.0,0.0,0.0,0,(),0.0,0.0
4440,Center Drive,0.0,0.0,0.0,0,(),0.0,0.0
4445,Center Drive,0.0,0.0,0.0,0,(),0.0,0.0
4450,Center Drive,0.0,0.0,0.0,0,(),0.0,0.0
4455,Center Drive,0.0,0.0,0.0,0,(),0.0,0.0
4460,Center Drive,0.0,0.0,0.0,0,(),0.0,0.0
4465,Center Drive,0.0,0.0,0.0,0,(),0.0,0.0
4470,Center Drive,0.0,0.0,0.0,0,(),0.0,0.0
4475,Center Drive,0.0,0.0,0.0,0,(),0.0,0.0
4480,Center Drive,0.0,0.0,0.0,0,(),0.0,0.0
4485,Center Drive,0.0,0.0,0.0,0,(),0.0,0.0
4490,Center Drive,0.0,0.0,0.0,0,(),0.0,0.0
4495,Center Drive,0.0,0.0,0.0,0,(),0.0,0.0
4500,Center Drive,0.0,0.0,0.0,0,(),0.0,0.0
4505,Center Drive,0.0,0.0,0.0,0,(),0.0,0.0
4510,Center Drive,0.0,0.0,0.0,0,(),0.0,0.0
4515,Center Drive,0.0,0.0,0.0,0,(),0.0,0.0
4520,Center Drive,0.0,0.0,0.0,0,(),0.0,0.0
4525,Center Drive,0.0,0.0,0.0,0,(),0.0,0.0
4530,Center Drive,0.0,0.0,0.0,0,(),0.0,0.0
4535,Center Drive,0.0,0.0,0.0,0,(),0.0,0.0
4540,Center Drive,0.0,0.0,0.0,0,(),0.0,0.0
4545,Center Drive,0.0,0.0,0.0,0,(),0.0,0.0
4550,Center Drive,0.0,0.0,0.0,0,(),0.0,0.0
4555,Center Drive,0.0,0.0,0.0,0,(),0.0,0.0
4560,Center Drive,0.0,0.0,0.0,0,(),0.0,0.0
4565,Center Drive,0.0,0.0,0.0,0,(),0.0,0.0
4570,Center Drive,0.0,0.0,0.0,0,(),0.0,0.0
4575,Center Drive,0.0,0.0,0.0,0,(),0.0,0.0
4580,Center Drive,0.0,0.0,0.0,0,(),0.0,0.0
4585,Center Drive,0.0,0.0,0.0,0,(),0.0,0.0
4590,Center Drive,0.0,0.0,0.0,0,(),0.0,0.0
4595,Center Drive,0.0,0.0,0.0,0,(),0.0,0.0
4600,Center Drive,0.0,0.0,0.0,0,(),0.0,0.0
4605,Center Drive,0.0,0.0,0.0,0,(),0.0,0.0
4610,Center Drive,0.0,0.0,0.0,0,(),0.0,0.0
4615,Center Drive,0.0,0.0,0.0,0,(),0.0,0.0
4620,Center Drive,0.0,0.0,0.0,0,(),0.0,0.0
4625,Center Drive,0.0,0.0,0.0,0,(),0.0,0.0
4630,Center Drive,0.0,0.0,0.0,0,(),0.0,0.0
4635,Center Drive,0.0,0.0,0.0,0,(),0.0,0.0
4640,Center Drive,0.0,0.0,0.0,0,(),0.0,0.0
4645,Center Drive,0.0,0.0,0.0,0,(),0.0,0.0
4650,Center Drive,0.0,0.0,0.0,0,(),0.0,0.0
4655,Center Drive,0.0,0.0,0.0,0,(),0.0,0.0
4660,Center Drive,0.0,0.0,0.0,0,(),0.0,0.0
4665,Center Drive,0.0,0.0,0.0,0,(),0.0,0.0
4670,Center Drive,0.0,0.0,0.0,0,(),0.0,0.0
4675,Center Drive,0.0,0.0,0.0,0,(),0.0,0.0
4680,Center Drive,0.0,0.0,0.0,0,(),0.0,0.0
4685,Center Drive,0.0,0.0,0.0,0,(),0.0,0.0
4690,Center Drive,0.0,0.0,0.0,0,(),0.0,0.0
4695,Center Drive,0.0,0.0,0.0,0,(),0.0,0.0
4700,Center Drive,0.0,0.0,0.0,0,(),0.0,0.0
4705,Center Drive,0.0,0.0,0.0,0,(),0.0,0.0
4710,Center Drive,0.0,0.0,0.0,0,(),0.0,0.0
4715,Center Drive,0.0,0.0,0.0,0,(),0.0,0.0
4720,Center Drive,0.0,0.0,0.0,0,(),0.0,0.0
4725,Center Drive,0.0,0.0,0.0,0,(),0.0,0.0
4730,Center Drive,0.0,0.0,0.0,0,(),0.0,0.0
4735,Center Drive,0.0,0.0,0.0,0,(),0.0,0.0
4740,Center Drive,0.0,0.0,0.0,0,(),0.0,0.0
4745,Center Drive,0.0,0.0,0.0,0,(),0.0,0.0
4750,Center Drive,0.0,0.0,0.0,0,(),0.0,0.0
4755,Center Drive,0.0,0.0,0.0,0,(),0.0,0.0
4760,Center Drive,0.0,0.0,0.0,0,(),0.0,0.0
4765,Center Drive,0.0,0.0,0.0,0,(),0.0,0.0
4770,Center Drive,0.0,0.0,0.0,0,(),0.0,0.0
4775,Center Drive,0.0,0.0,0.0,0,(),0.0,0.0
4780,Center Drive,0.0,0.0,0.0,0,(),0.0,0.0
4785,Center Drive,0.0,0.0,0.0,0,(),0.0,0.0
4790,Center Drive,0.0,0.0,0.0,0,(),0.0,0.0
4795,Center Drive,0.0,0.0,0.0,0,(),0.0,0.0
4800,Center Drive,0.0,0.0,0.0,0,(),0.0,0.0
4805,Center Drive,0.0,0.0,0.0,0,(),0.0,0.0
4810,Center Drive,0.0,0.0,0.0,0,(),0.0,0.0
4815,Center Drive,0.0,0.0,0.0,0,(),0.0,0.0
4820,Center Drive,0.0,0.0,0.0,0,(),0.0,0.0
4825,Center Drive,0.0,0.0,0.0,0,(),0.0,0.0
4830,Center Drive,0.0,0.0,0.0,0,(),0.0,0.0
4835,Center Drive,0.0,0.0,0.0,0,(),0.0,0.0
4840,Center Drive,0.0,0.0,0.0,0,(),0.0,0.0
4845,Center Drive,0.0,0.0,0.0,0,(),0.0,0.0
4850,Center Drive,0.0,0.0,0.0,0,(),0.0,0.0
4855,Center Drive,0.0,0.0,0.0,0,(),0.0,0.0
4860,Center Drive,0.0,0.0,0.0,0,(),0.0,0.0
4865,Center Drive,0.0,0.0,0.0,0,(),0.0,0.0
4870,Center Drive,0.0,0.0,0.0,0,(),0.0,0.0
4875,Center Drive,0.0,0.0,0.0,0,(),0.0,0.0
4880,Center Drive,0.0,0.0,0.0,0,(),0.0,0.0
4885,Center Drive,0.0,0.0,0.0,0,(),0.0,0.0
4890,Center Drive,0.0,0.0,0.0,0,(),0.0,0.0
4895,Center Drive,0.0,0.0,0.0,0,(),0.0,0.0
4900,Center Drive,0.0,0.0,0.0,0,(),0.0,0.0
4905,Center Drive,0.0,0.0,0.0,0,(),0.0,0.0
4910,Center Drive,0.0,0.0,0.0,0,(),0.0,0.0
4915,Center Drive,0.0,0.0,0.0,0,(),0.0,0.0
4920,Center Drive,0.0,0.0,0.0,0,(),0.0,0.0
4925,Center Drive,0.0,0.0,0.0,0,(),0.0,0.0
4930,Center Drive,0.0,0.0,0.0,0,(),0.0,0.0
4935,Center Drive,0.0,0.0,0.0,0,(),0.0,0.0
4940,Center Drive,0.0,0.0,0.0,0,(),0.0,0.0
4945,Center Drive,0.0,0.0,0.0,0,(),0.0,0.0
4950,Center Drive,0.0,0.0,0.0,0,(),0.0,0.0
4955,Center Drive,0.0,0.0,0.0,0,(),0.0,0.0
4960,Center Drive,0.0,0.0,0.0,0,(),0.0,0.0
4965,Center Drive,0.0,0.0,0.0,0,(),0.0,0.0
4970,Center Drive,0.0,0.0,0.0,0,(),0.0,0.0
4975,Center Drive,0.0,0.0,0.0,0,(),0.0,0.0
4980,Center Drive,0.0,0.0,0.0,0,(),0.0,0.0
4985,Center Drive,0.0,0.0,0.0,0,(),0.0,0.0
4990,Center Drive,0.0,0.0,0.0,0,(),0.0,0.0
4995,Center Drive,0.0,0.0,0.0,0,(),0.0,0.0
5000,Center Drive,0.0,0.0,0.0,0,(),0.0,0.0
5005,Center Drive,0.0,0.0,0.0,0,(),0.0,0.0
5010,Center Drive,0.0,0.0,0.0,0,(),0.0,0.0
5015,Center Drive,0.0,0.0,0.0,0,(),0.0,0.0
5020,Center Drive,0.0,0.0,0.0,0,(),0.0,0.0
5025,Center Drive,0.0,0.0,0.0,0,(),0.0,0.0
5030,Center Drive,0.0,0.0,0.0,0,(),0.0,0.0
5035,Center Drive,0.0,0.0,0.0,0,(),0.0,0.0
5040,Center Drive,0.0,0.0,0.0,0,(),0.0,0.0
5045,Center Drive,0.0,0.0,0.0,0,(),0.0,0.0
5050,Center Drive,0.0,0.0,0.0,0,(),0.0,0.0
5055,Center Drive,0.0,0.0,0.0,0,(),0.0,0.0
5060,Center Drive,0.0,0.0,0.0,0,(),0.0,0.0
5065,Center Drive,0.0,0.0,0.0,0,(),0.0,0.0
5070,Center Drive,0.0,0.0,0.0,0,(),0.0,0.0
5075,Center Drive,0.0,0.0,0.0,0,(),0.0,0.0
5080,Center Drive,0.0,0.0,0.0,0,(),0.0,0.0
5085,Center Drive,0.0,0.0,0.0,0,(),0.0,0.0
5090,Center Drive,0.0,0.0,0.0,0,(),0.0,0.0
5095,Center Drive,0.0,0.0,0.0,0,(),0.0,0.0
5100,Center Drive,0.0,0.0,0.0,0,(),0.0,0.0
5105,Center Drive,0.0,0.0,0.0,0,(),0.0,0.0
5110,Center Drive,0.0,0.0,0.0,0,(),0.0,0.0
5115,Center Drive,0.0,0.0,0.0,0,(),0.0,0.0
5120,Center Drive,0.0,0.0,0.0,0,(),0.0,0.0
5125,Center Drive,0.0,0.0,0.0,0,(),0.0,0.0
5130,Center Drive,0.0,0.0,0.0,0,(),0.0,0.0
5135,Center Drive,0.0,0.0,0.0,0,(),0.0,0.0
5140,Center Drive,0.0,0.0,0.0,0,(),0.0,0.0
5145,Center Drive,0.0,0.0,0.0,0,(),0.0,0.0
5150,Center Drive,0.0,0.0,0.0,0,(),0.0,0.0
5155,Center Drive,0.0,0.0,0.0,0,(),0.0,0.0
5160,Center Drive,0.0,0.0,0.0,0,(),0.0,0.0
5165,Center Drive,0.0,0.0,0.0,0,(),0.0,0.0
5170,Center Drive,0.0,0.0,0.0,0,(),0.0,0.0
5175,Center Drive,0.0,0.0,0.0,0,(),0.0,0.0
5180,Center Drive,0.0,0.0,0.0,0,(),0.0,0.0
5185,Center Drive,0.0,0.0,0.0,0,(),0.0,0.0
5190,Center Drive,0.0,0.0,0.0,0,(),0.0,0.0
5195,Center Drive,0.0,0.0,0.0,0,(),0.0,0.0
5200,Center Drive,0.0,0.0,0.0,0,(),0.0,0.0
5205,Center Drive,0.0,0.0,0.0,0,(),0.0,0.0
5210,Center Drive,0.0,0.0,0.0,0,(),0.0,0.0
5215,Center Drive,0.0,0.0,0.0,0,(),0.0,0.0
5220,Center Drive,0.0,0.0,0.0,0,(),0.0,0.0
5225,Center Drive,0.0,0.0,0.0,0,(),0.0,0.0
5230,Center Drive,0.0,0.0,0.0,0,(),0.0,0.0
5235,Center Drive,0.0,0.0,0.0,0,(),0.0,0.0
5240,Center Drive,0.0,0.0,0.0,0,(),0.0,0.0
5245,Center Drive,0.0,0.0,0.0,0,(),0.0,0.0
5250,Center Drive,0.0,0.0,0.0,0,(),0.0,0.0
5255,Center Drive,0.0,0.0,0.0,0,(),0.0,0.0
5260,Center Drive,0.0,0.0,0.0,0,(),0.0,0.0
5265,Center Drive,0.0,0.0,0.0,0,(),0.0,0.0
5270,Center Drive,0.0,0.0,0.0,0,(),0.0,0.0
5275,Center Drive,0.0,0.0,0.0,0,(),0.0,0.0
5280,Center Drive,0.0,0.0,0.0,0,(),0.0,0.0
5285,Center Drive,0.0,0.0,0.0,0,(),0.0,0.0
5290,Center Drive,0.0,0.0,0.0,0,(),0.0,0.0
5295,Center Drive,0.0,0.0,0.0,0,(),0.0,0.0
5300,Center Drive,0.0,0.0,0.0,0,(),0.0,0.0
5305,Center Drive,0.0,0.0,0.0,0,(),0.0,0.0
5310,Center Drive,0.0,0.0,0.0,0,(),0.0,0.0
5315,Center Drive,0.0,0.0,0.0,0,(),0.0,0.0
5320,Center Drive,0.0,0.0,0.0,0,(),0.0,0.0
5325,Center Drive,0.0,0.0,0.0,0,(),0.0,0.0
5330,Center Drive,0.0,0.0,0.0,0,(),0.0,0.0
5335,Center Drive,0.0,0.0,0.0,0,(),0.0,0.0
5340,Center Drive,0.0,0.0,0.0,0,(),0.0,0.0
5345,Center Drive,0.0,0.0,0.0,0,(),0.0,0.0
5350,Center Drive,0.0,0.0,0.0,0,(),0.0,0.0
5355,Center Drive,0.0,0.0,0.0,0,(),0.0,0.0
5360,Center Drive,0.0,0.0,0.0,0,(),0.0,0.0
5365,Center Drive,0.0,0.0,0.0,0,(),0.0,0.0
5370,Center Drive,0.0,0.0,0.0,0,(),0.0,0.0
5375,Center Drive,0.0,0.0,0.0,0,(),0.0,0.0
5380,Center Drive,0.0,0.0,0.0,0,(),0.0,0.0
5385,Center Drive,0.0,0.0,0.0,0,(),0.0,0.0
5390,Center Drive,0.0,0.0,0.0,0,(),0.0,0.0
5395,Center Drive,0.0,0.0,0.0,0,(),0.0,0.0
5400,Center Drive,0.0,0.0,0.0,0,(),0.0,0.0
5405,Center Drive,0.0,0.0,0.0,0,(),0.0,0.0
5410,Center Drive,0.0,0.0,0.0,0,(),0.0,0.0
5415,Center Drive,0.0,0.0,0.0,0,(),0.0,0.0
5420,Center Drive,0.0,0.0,0.0,0,(),0.0,0.0
5425,Center Drive,0.0,0.0,0.0,0,(),0.0,0.0
5430,Center Drive,0.0,0.0,0.0,0,(),0.0,0.0
5435,Center Drive,0.0,0.0,0.0,0,(),0.0,0.0
5440,Center Drive,0.0,0.0,0.0,0,(),0.0,0.0
5445,Center Drive,0.0,0.0,0.0,0,(),0.0,0.0
5450,Center Drive,0.0,0.0,0.0,0,(),0.0,0.0
5455,Center Drive,0.0,0.0,0.0,0,(),0.0,0.0
5460,Center Drive,0.0,0.0,0.0,0,(),0.0,0.0
5465,Center Drive,0.0,0.0,0.0,0,(),0.0,0.0
5470,Center Drive,0.0,0.0,0.0,0,(),0.0,0.0
5475,Center Drive,0.0,0.0,0.0,0,(),0.0,0.0
5480,Center Drive,0.0,0.0,0.0,0,(),0.0,0.0
5485,Center Drive,0.0,0.0,0.0,0,(),0.0,0.0
5490,Center Drive,0.0,0.0,0.0,0,(),0.0,0.0
5495,Center Drive,0.0,0.0,0.0,0,(),0.0,0.0
5500,Center Drive,0.0,0.0,0.0,0,(),0.0,0.0
5505,Center Drive,0.0,0.0,0.0,0,(),0.0,0.0
5510,Center Drive,0.0,0.0,0.0,0,(),0.0,0.0
5515,Center Drive,0.0,0.0,0.0,0,(),0.0,0.0
5520,Center Drive,0.0,0.0,0.0,0,(),0.0,0.0
5525,Center Drive,0.0,0.0,0.0,0,(),0.0,0.0
5530,Center Drive,0.0,0.0,0.0,0,(),0.0,0.0
5535,Center Drive,0.0,0.0,0.0,0,(),0.0,0.0
5540,Center Drive,0.0,0.0,0.0,0,(),0.0,0.0
5545,Center Drive,0.0,0.0,0.0,0,(),0.0,0.0
5550,Center Drive,0.0,0.0,0.0,0,(),0.0,0.0
5555,Center Drive,0.0,0.0,0.0,0,(),0.0,0.0
5560,Center Drive,0.0,0.0,0.0,0,(),0.0,0.0
5565,Center Drive,0.0,0.0,0.0,0,(),0.0,0.0
5570,Center Drive,0.0,0.0,0.0,0,(),0.0,0.0
5575,Center Drive,0.0,0.0,0.0,0,(),0.0,0.0
5580,Center Drive,0.0,0.0,0.0,0,(),0.0,0.0
5585,Center Drive,0.0,0.0,0.0,0,(),0.0,0.0
5590,Center Drive,0.0,0.0,0.0,0,(),0.0,0.0
5595,Center Drive,0.0,0.0,0.0,0,(),0.0,0.0
5600,Center Drive,0.0,0.0,0.0,0,(),0.0,0.0
5605,Center Drive,0.0,0.0,0.0,0,(),0.0,0.0
5610,Center Drive,0.0,0.0,0.0,0,(),0.0,0.0
5615,Center Drive,0.0,0.0,0.0,0,(),0.0,0.0
5620,Center Drive,0.0,0.0,0.0,0,(),0.0,0.0
5625,Center Drive,0.0,0.0,0.0,0,(),0.0,0.0
5630,Center Drive,0.0,0.0,0.0,0,(),0.0,0.0
5635,Center Drive,0.0,0.0,0.0,0,(),0.0,0.0
5640,Center Drive,0.0,0.0,0.0,0,(),0.0,0.0
5645,Center Drive,0.0,0.0,0.0,0,(),0.0,0.0
5650,Center Drive,0.0,0.0,0.0,0,(),0.0,0.0
5655,Center Drive,0.0,0.0,0.0,0,(),0.0,0.0
5660,Center Drive,0.0,0.0,0.0,0,(),0.0,0.0
5665,Center Drive,0.0,0.0,0.0,0,(),0.0,0.0
5670,Center Drive,0.0,0.0,0.0,0,(),0.0,0.0
5675,Center Drive,0.0,0.0,0.0,0,(),0.0,0.0
5680,Center Drive,0.0,0.0,0.0,0,(),0.0,0.0
5685,Center Drive,0.0,0.0,0.0,0,(),0.0,0.0
5690,Center Drive,0.0,0.0,0.0,0,(),0.0,0.0
5695,Center Drive,0.0,0.0,0.0,0,(),0.0,0.0
5700,Center Drive,0.0,0.0,0.0,0,(),0.0,0.0
5705,Center Drive,0.0,0.0,0.0,0,(),0.0,0.0
5710,Center Drive,0.0,0.0,0.0,0,(),0.0,0.0
5715,Center Drive,0.0,0.0,0.0,0,(),0.0,0.0
5720,Center Drive,0.0,0.0,0.0,0,(),0.0,0.0
5725,Center Drive,0.0,0.0,0.0,0,(),0.0,0.0
5730,Center Drive,0.0,0.0,0.0,0,(),0.0,0.0
5735,Center Drive,0.0,0.0,0.0,0,(),0.0,0.0
5740,Center Drive,0.0,0.0,0.0,0,(),0.0,0.0
5745,Center Drive,0.0,0.0,0.0,0,(),0.0,0.0
5750,Center Drive,0.0,0.0,0.0,0,(),0.0,0.0
5755,Center Drive,0.0,0.0,0.0,0,(),0.0,0.0
5760,Center Drive,0.0,0.0,0.0,0,(),0.0,0.0
5765,Center Drive,0.0,0.0,0.0,0,(),0.0,0.0
5770,Center Drive,0.0,0.0,0.0,0,(),0.0,0.0
5775,Center Drive,0.0,0.0,0.0,0,(),0.0,0.0
5780,Center Drive,0.0,0.0,0.0,0,(),0.0,0.0
5785,Center Drive,0.0,0.0,0.0,0,(),0.0,0.0
5790,Center Drive,0.0,0.0,0.0,0,(),0.0,0.0
5795,Center Drive,0.0,0.0,0.0,0,(),0.0,0.0
5800,Center Drive,0.0,0.0,0.0,0,(),0.0,0.0
5805,Center Drive,0.0,0.0,0.0,0,(),0.0,0.0
5810,Center Drive,0.0,0.0,0.0,0,(),0.0,0.0
5815,Center Drive,0.0,0.0,0.0,0,(),0.0,0.0
5820,Center Drive,0.0,0.0,0.0,0,(),0.0,0.0
5825,Center Drive,0.0,0.0,0.0,0,(),0.0,0.0
5830,Center Drive,0.0,0.0,0.0,0,(),0.0,0.0
5835,Center Drive,0.0,0.0,0.0,0,(),0.0,0.0
5840,Center Drive,0.0,0.0,0.0,0,(),0.0,0.0
5845,Center Drive,0.0,0.0,0.0,0,(),0.0,0.0
5850,Center Drive,0.0,0.0,0.0,0,(),0.0,0.0
5855,Center Drive,0.0,0.0,0.0,0,(),0.0,0.0
5860,Center Drive,0.0,0.0,0.0,0,(),0.0,0.0
5865,Center Drive,0.0,0.0,0.0,0,(),0.0,0.0
5870,Center Drive,0.0,0.0,0.0,0,(),0.0,0.0
5875,Center Drive,0.0,0.0,0.0,0,(),0.0,0.0
5880,Center Drive,0.0,0.0,0.0,0,(),0.0,0.0
5885,Center Drive,0.0,0.0,0.0,0,(),0.0,0.0
5890,Center Drive,0.0,0.0,0.0,0,(),0.0,0.0
5895,Center Drive,0.0,0.0,0.0,0,(),0.0,0.0
5900,Center Drive,0.0,0.0,0.0,0,(),0.0,0.0
5905,Center Drive,0.0,0.0,0.0,0,(),0.0,0.0
5910,Center Drive,0.0,0.0,0.0,0,(),0.0,0.0
5915,Center Drive,0.0,0.0,0.0,0,(),0.0,0.0
5920,Center Drive,0.0,0.0,0.0,0,(),0.0,0.0
5925,Center Drive,0.0,0.0,0.0,0,(),0.0,0.0
5930,Center Drive,0.0,0.0,0.0,0,(),0.0,0.0
5935,Center Drive,0.0,0.0,0.0,0,(),0.0,0.0
5940,Center Drive,0.0,0.0,0.0,0,(),0.0,0.0
5945,Center Drive,0.0,0.0,0.0,0,(),0.0,0.0
5950,Center Drive,0.0,0.0,0.0,0,(),0.0,0.0
5955,Center Drive,0.0,0.0,0.0,0,(),0.0,0.0
5960,Center Drive,0.0,0.0,0.0,0,(),0.0,0.0
5965,Center Drive,0.0,0.0,0.0,0,(),0.0,0.0
5970,Center Drive,0.0,0.0,0.0,0,(),0.0,0.0
5975,Center Drive,0.0,0.0,0.0,0,(),0.0,0.0
5980,Center Drive,0.0,0.0,0.0,0,(),0.0,0.0
5985,Center Drive,0.0,0.0,0.0,0,(),0.0,0.0
5990,Center Drive,0.0,0.0,0.0,0,(),0.0,0.0
5995,Center Drive,0.0,0.0,0.0,0,(),0.0,0.0
6000,Center Drive,0.0,0.0,0.0,0,(),0.0,0.0
6005,Center Drive,0.0,0.0,0.0,0,(),0.0,0.0
6010,Center Drive,0.0,0.0,0.0,0,(),0.0,0.0
6015,Center Drive,0.0,0.0,0.0,0,(),0.0,0.0
6020,Center Drive,0.0,0.0,0.0,0,(),0.0,0.0
6025,Center Drive,0.0,0.0,0.0,0,(),0.0,0.0
6030,Center Drive,0.0,0.0,0.0,0,(),0.0,0.0
6035,Center Drive,0.0,0.0,0.0,0,(),0.0,0.0
6040,Center Drive,0.0,0.0,0.0,0,(),0.0,0.0
6045,Center Drive,0.0,0.0,0.0,0,(),0.0,0.0
6050,Center Drive,0.0,0.0,0.0,0,(),0.0,0.0
6055,Center Drive,0.0,0.0,0.0,0,(),0.0,0.0
6060,Center Drive,0.0,0.0,0.0,0,(),0.0,0.0
6065,Center Drive,0.0,0.0,0.0,0,(),0.0,0.0
6070,Center Drive,0.0,0.0,0.0,0,(),0.0,0.0
6075,Center Drive,0.0,0.0,0.0,0,(),0.0,0.0
6080,Center Drive,0.0,0.0,0.0,0,(),0.0,0.0
6085,Center Drive,0.0,0.0,0.0,0,(),0.0,0.0
6090,Center Drive,0.0,0.0,0.0,0,(),0.0,0.0
6095,Center Drive,0.0,0.0,0.0,0,(),0.0,0.0
6100,Center Drive,0.0,0.0,0.0,0,(),0.0,0.0
6105,Center Drive,0.0,0.0,0.0,0,(),0.0,0.0
6110,Center Drive,0.0,0.0,0.0,0,(),0.0,0.0
6115,Center Drive,0.0,0.0,0.0,0,(),0.0,0.0
6120,Center Drive,0.0,0.0,0.0,0,(),0.0,0.0
6125,Center Drive,0.0,0.0,0.0,0,(),0.0,0.0
6130,Center Drive,0.0,0.0,0.0,0,(),0.0,0.0
6135,Center Drive,0.0,0.0,0.0,0,(),0.0,0.0
6140,Center Drive,0.0,0.0,0.0,0,(),0.0,0.0
6145,Center Drive,0.0,0.0,0.0,0,(),0.0,0.0
6150,Center Drive,0.0,0.0,0.0,0,(),0.0,0.0
6155,Center Drive,0.0,0.0,0.0,0,(),0.0,0.0
6160,Center Drive,0.0,0.0,0.0,0,(),0.0,0.0
6165,Center Drive,0.0,0.0,0.0,0,(),0.0,0.0
6170,Center Drive,0.0,0.0,0.0,0,(),0.0,0.0
6175,Center Drive,0.0,0.0,0.0,0,(),0.0,0.0
6180,Center Drive,0.0,0.0,0.0,0,(),0.0,0.0
6185,Center Drive,0.0,0.0,0.0,0,(),0.0,0.0
6190,Center Drive,0.0,0.0,0.0,0,(),0.0,0.0
6195,Center Drive,0.0,0.0,0.0,0,(),0.0,0.0
6200,Center Drive,0.0,0.0,0.0,0,(),0.0,0.0
6205,Center Drive,0.0,0.0,0.0,0,(),0.0,0.0
6210,Center Drive,0.0,0.0,0.0,0,(),0.0,0.0
6215,Center Drive,0.0,0.0,0.0,0,(),0.0,0.0
6220,Center Drive,0.0,0.0,0.0,0,(),0.0,0.0
6225,Center Drive,0.0,0.0,0.0,0,(),0.0,0.0
6230,Center Drive,0.0,0.0,0.0,0,(),0.0,0.0
6235,Center Drive,0.0,0.0,0.0,0,(),0.0,0.0
6240,Center Drive,0.0,0.0,0.0,0,(),0.0,0.0
6245,Center Drive,0.0,0.0,0.0,0,(),0.0,0.0
6250,Center Drive,0.0,0.0,0.0,0,(),0.0,0.0
6255,Center Drive,0.0,0.0,0.0,0,(),0.0,0.0
6260,Center Drive,0.0,0.0,0.0,0,(),0.0,0.0
6265,Center Drive,0.0,0.0,0.0,0,(),0.0,0.0
6270,Center Drive,0.0,0.0,0.0,0,(),0.0,0.0
6275,Center Drive,0.0,0.0,0.0,0,(),0.0,0.0
6280,Center Drive,0.0,0.0,0.0,0,(),0.0,0.0
6285,Center Drive,0.0,0.0,0.0,0,(),0.0,0.0
6290,Center Drive,0.0,0.0,0.0,0,(),0.0,0.0
6295,Center Drive,0.0,0.0,0.0,0,(),0.0,0.0
6300,Center Drive,0.0,0.0,0.0,0,(),0.0,0.0
6305,Center Drive,0.0,0.0,0.0,0,(),0.0,0.0
6310,Center Drive,0.0,0.0,0.0,0,(),0.0,0.0
6315,Center Drive,0.0,0.0,0.0,0,(),0.0,0.0
6320,Center Drive,0.0,0.0,0.0,0,(),0.0,0.0
6325,Center Drive,0.0,0.0,0.0,0,(),0.0,0.0
6330,Center Drive,0.0,0.0,0.0,0,(),0.0,0.0
6335,Center Drive,0.0,0.0,0.0,0,(),0.0,0.0
6340,Center Drive,0.0,0.0,0.0,0,(),0.0,0.0
6345,Center Drive,0.0,0.0,0.0,0,(),0.0,0.0
6350,Center Drive,0.0,0.0,0.0,0,(),0.0,0.0
6355,Center Drive,0.0,0.0,0.0,0,(),0.0,0.0
6360,Center Drive,0.0,0.0,0.0,0,(),0.0,0.0
6365,Center Drive,0.0,0.0,0.0,0,(),0.0,0.0
6370,Center Drive,0.0,0.0,0.0,0,(),0.0,0.0
6375,Center Drive,0.0,0.0,0.0,0,(),0.0,0.0
6380,Center Drive,0.0,0.0,0.0,0,(),0.0,0.0
6385,Center Drive,0.0,0.0,0.0,0,(),0.0,0.0
6390,Center Drive,0.0,0.0,0.0,0,(),0.0,0.0
6395,Center Drive,0.0,0.0,0.0,0,(),0.0,0.0
6400,Center Drive,0.0,0.0,0.0,0,(),0.0,0.0
6405,Center Drive,0.0,0.0,0.0,0,(),0.0,0.0
6410,Center Drive,0.0,0.0,0.0,0,(),0.0,0.0
6415,Center Drive,0.0,0.0,0.0,0,(),0.0,0.0
6420,Center Drive,0.0,0.0,0.0,0,(),0.0,0.0
6425,Center Drive,0.0,0.0,0.0,0,(),0.0,0.0
6430,Center Drive,0.0,0.0,0.0,0,(),0.0,0.0
6435,Center Drive,0.0,0.0,0.0,0,(),0.0,0.0
6440,Center Drive,0.0,0.0,0.0,0,(),0.0,0.0
6445,Center Drive,0.0,0.0,0.0,0,(),0.0,0.0
6450,Center Drive,0.0,0.0,0.0,0,(),0.0,0.0
6455,Center Drive,0.0,0.0,0.0,0,(),0.0,0.0
6460,Center Drive,0.0,0.0,0.0,0,(),0.0,0.0
6465,Center Drive,0.0,0.0,0.0,0,(),0.0,0.0
6470,Center Drive,0.0,0.0,0.0,0,(),0.0,0.0
6475,Center Drive,0.0,0.0,0.0,0,(),0.0,0.0
6480,Center Drive,0.0,0.0,0.0,0,(),0.0,0.0
6485,Center Drive,0.0,0.0,0.0,0,(),0.0,0.0
6490,Center Drive,0.0,0.0,0.0,0,(),0.0,0.0
6495,Center Drive,0.0,0.0,0.0,0,(),0.0,0.0
6500,Center Drive,0.0,0.0,0.0,0,(),0.0,0.0
6505,Center Drive,0.0,0.0,0.0,0,(),0.0,0.0
6510,Center Drive,0.0,0.0,0.0,0,(),0.0,0.0
6515,Center Drive,0.0,0.0,0.0,0,(),0.0,0.0
6520,Center Drive,0.0,0.0,0.0,0,(),0.0,0.0
6525,Center Drive,0.0,0.0,0.0,0,(),0.0,0.0
6530,Center Drive,0.0,0.0,0.0,0,(),0.0,0.0
6535,Center Drive,0.0,0.0,0.0,0,(),0.0,0.0
6540,Center Drive,0.0,0.0,0.0,0,(),0.0,0.0
6545,Center Drive,0.0,0.0,0.0,0,(),0.0,0.0
6550,Center Drive,0.0,0.0,0.0,0,(),0.0,0.0
6555,Center Drive,0.0,0.0,0.0,0,(),0.0,0.0
6560,Center Drive,0.0,0.0,0.0,0,(),0.0,0.0
6565,Center Drive,0.0,0.0,0.0,0,(),0.0,0.0
6570,Center Drive,0.0,0.0,0.0,0,(),0.0,0.0
6575,Center Drive,0.0,0.0,0.0,0,(),0.0,0.0
6580,Center Drive,0.0,0.0,0.0,0,(),0.0,0.0
6585,Center Drive,0.0,0.0,0.0,0,(),0.0,0.0
6590,Center Drive,0.0,0.0,0.0,0,(),0.0,0.0
6595,Center Drive,0.0,0.0,0.0,0,(),0.0,0.0
6600,Center Drive,0.0,0.0,0.0,0,(),0.0,0.0
6605,Center Drive,0.0,0.0,0.0,0,(),0.0,0.0
6610,Center Drive,0.0,0.0,0.0,0,(),0.0,0.0
6615,Center Drive,0.0,0.0,0.0,0,(),0.0,0.0
6620,Center Drive,0.0,0.0,0.0,0,(),0.0,0.0
6625,Center Drive,0.0,0.0,0.0,0,(),0.0,0.0
6630,Center Drive,0.0,0.0,0.0,0,(),0.0,0.0
6635,Center Drive,0.0,0.0,0.0,0,(),0.0,0.0
6640,Center Drive,0.0,0.0,0.0,0,(),0.0,0.0
6645,Center Drive,0.0,0.0,0.0,0,(),0.0,0.0
6650,Center Drive,0.0,0.0,0.0,0,(),0.0,0.0
6655,Center Drive,0.0,0.0,0.0,0,(),0.0,0.0
6660,Center Drive,0.0,0.0,0.0,0,(),0.0,0.0
6665,Center Drive,0.0,0.0,0.0,0,(),0.0,0.0
6670,Center Drive,0.0,0.0,0.0,0,(),0.0,0.0
6675,Center Drive,0.0,0.0,0.0,0,(),0.0,0.0
6680,Center Drive,0.0,0.0,0.0,0,(),0.0,0.0
6685,Center Drive,0.0,0.0,0.0,0,(),0.0,0.0
6690,Center Drive,0.0,0.0,0.0,0,(),0.0,0.0
6695,Center Drive,0.0,0.0,0.0,0,(),0.0,0.0
6700,Center Drive,0.0,0.0,0.0,0,(),0.0,0.0
6705,Center Drive,0.0,0.0,0.0,0,(),0.0,0.0
6710,Center Drive,0.0,0.0,0.0,0,(),0.0,0.0
6715,Center Drive,0.0,0.0,0.0,0,(),0.0,0.0
6720,Center Drive,0.0,0.0,0.0,0,(),0.0,0.0
6725,Center Drive,0.0,0.0,0.0,0,(),0.0,0.0
6730,Center Drive,0.0,0.0,0.0,0,(),0.0,0.0
6735,Center Drive,0.0,0.0,0.0,0,(),0.0,0.0
6740,Center Drive,0.0,0.0,0.0,0,(),0.0,0.0
6745,Center Drive,0.0,0.0,0.0,0,(),0.0,0.0
6750,Center Drive,0.0,0.0,0.0,0,(),0.0,0.0
6755,Center Drive,0.0,0.0,0.0,0,(),0.0,0.0
6760,Center Drive,0.0,0.0,0.0,0,(),0.0,0.0
6765,Center Drive,0.0,0.0,0.0,0,(),0.0,0.0
6770,Center Drive,0.0,0.0,0.0,0,(),0.0,0.0
6775,Center Drive,0.0,0.0,0.0,0,(),0.0,0.0
6780,Center Drive,0.0,0.0,0.0,0,(),0.0,0.0
6785,Center Drive,0.0,0.0,0.0,0,(),0.0,0.0
6790,Center Drive,0.0,0.0,0.0,0,(),0.0,0.0
6795,Center Drive,0.0,0.0,0.0,0,(),0.0,0.0
6800,Center Drive,0.0,0.0,0.0,0,(),0.0,0.0
6805,Center Drive,0.0,0.0,0.0,0,(),0.0,0.0
6810,Center Drive,0.0,0.0,0.0,0,(),0.0,0.0
6815,Center Drive,0.0,0.0,0.0,0,(),0.0,0.0
6820,Center Drive,0.0,0.0,0.0,0,(),0.0,0.0
6825,Center Drive,0.0,0.0,0.0,0,(),0.0,0.0
6830,Center Drive,0.0,0.0,0.0,0,(),0.0,0.0
6835,Center Drive,0.0,0.0,0.0,0,(),0.0,0.0
6840,Center Drive,0.0,0.0,0.0,0,(),0.0,0.0
6845,Center Drive,0.0,0.0,0.0,0,(),0.0,0.0
6850,Center Drive,0.0,0.0,0.0,0,(),0.0,0.0
6855,Center Drive,0.0,0.0,0.0,0,(),0.0,0.0
6860,Center Drive,0.0,0.0,0.0,0,(),0.0,0.0
6865,Center Drive,0.0,0.0,0.0,0,(),0.0,0.0
6870,Center Drive,0.0,0.0,0.0,0,(),0.0,0.0
6875,Center Drive,0.0,0.0,0.0,0,(),0.0,0.0
6880,Center Drive,0.0,0.0,0.0,0,(),0.0,0.0
6885,Center Drive,0.0,0.0,0.0,0,(),0.0,0.0
6890,Center Drive,0.0,0.0,0.0,0,(),0.0,0.0
6895,Center Drive,0.0,0.0,0.0,0,(),0.0,0.0
6900,Center Drive,0.0,0.0,0.0,0,(),0.0,0.0
6905,Center Drive,0.0,0.0,0.0,0,(),0.0,0.0
6910,Center Drive,0.0,0.0,0.0,0,(),0.0,0.0
6915,Center Drive,0.0,0.0,0.0,0,(),0.0,0.0
6920,Center Drive,0.0,0.0,0.0,0,(),0.0,0.0
6925,Center Drive,0.0,0.0,0.0,0,(),0.0,0.0
6930,Center Drive,0.0,0.0,0.0,0,(),0.0,0.0
6935,Center Drive,0.0,0.0,0.0,0,(),0.0,0.0
6940,Center Drive,0.0,0.0,0.0,0,(),0.0,0.0
6945,Center Drive,0.0,0.0,0.0,0,(),0.0,0.0
6950,Center Drive,0.0,0.0,0.0,0,(),0.0,0.0
6955,Center Drive,0.0,0.0,0.0,0,(),0.0,0.0
6960,Center Drive,0.0,0.0,0.0,0,(),0.0,0.0
6965,Center Drive,0.0,0.0,0.0,0,(),0.0,0.0
6970,Center Drive,0.0,0.0,0.0,0,(),0.0,0.0
6975,Center Drive,0.0,0.0,0.0,0,(),0.0,0.0
6980,Center Drive,0.0,0.0,0.0,0,(),0.0,0.0
6985,Center Drive,0.0,0.0,0.0,0,(),0.0,0.0
6990,Center Drive,0.0,0.0,0.0,0,(),0.0,0.0
6995,Center Drive,0.0,0.0,0.0,0,(),0.0,0.0
7000,Center Drive,0.0,0.0,0.0,0,(),0.0,0.0
7005,Center Drive,0.0,0.0,0.0,0,(),0.0,0.0
7010,Center Drive,0.0,0.0,0.0,0,(),0.0,0.0
7015,Center Drive,0.0,0.0,0.0,0,(),0.0,0.0
7020,Center Drive,0.0,0.0,0.0,0,(),0.0,0.0
7025,Center Drive,0.0,0.0,0.0,0,(),0.0,0.0
7030,Center Drive,0.0,0.0,0.0,0,(),0.0,0.0
7035,Center Drive,0.0,0.0,0.0,0,(),0.0,0.0
7040,Center Drive,0.0,0.0,0.0,0,(),0.0,0.0
7045,Center Drive,0.0,0.0,0.0,0,(),0.0,0.0
7050,Center Drive,0.0,0.0,0.0,0,(),0.0,0.0
7055,Center Drive,0.0,0.0,0.0,0,(),0.0,0.0
7060,Center Drive,0.0,0.0,0.0,0,(),0.0,0.0
7065,Center Drive,0.0,0.0,0.0,0,(),0.0,0.0
7070,Center Drive,0.0,0.0,0.0,0,(),0.0,0.0
7075,Center Drive,0.0,0.0,0.0,0,(),0.0,0.0
7080,Center Drive,0.0,0.0,0.0,0,(),0.0,0.0
7085,Center Drive,0.0,0.0,0.0,0,(),0.0,0.0
7090,Center Drive,0.0,0.0,0.0,0,(),0.0,0.0
7095,Center Drive,0.0,0.0,0.0,0,(),0.0,0.0
7100,Center Drive,0.0,0.0,0.0,0,(),0.0,0.0
7105,Center Drive,0.0,0.0,0.0,0,(),0.0,0.0
7110,Center Drive,0.0,0.0,0.0,0,(),0.0,0.0
7115,Center Drive,0.0,0.0,0.0,0,(),0.0,0.0
7120,Center Drive,0.0,0.0,0.0,0,(),0.0,0.0
7125,Center Drive,0.0,0.0,0.0,0,(),0.0,0.0
7130,Center Drive,0.0,0.0,0.0,0,(),0.0,0.0
7135,Center Drive,0.0,0.0,0.0,0,(),0.0,0.0
7140,Center Drive,0.0,0.0,0.0,0,(),0.0,0.0
7145,Center Drive,0.0,0.0,0.0,0,(),0.0,0.0
7150,Center Drive,0.0,0.0,0.0,0,(),0.0,0.0
7155,Center Drive,0.0,0.0,0.0,0,(),0.0,0.0
7160,Center Drive,0.0,0.0,0.0,0,(),0.0,0.0
7165,Center Drive,0.0,0.0,0.0,0,(),0.0,0.0
7170,Center Drive,0.0,0.0,0.0,0,(),0.0,0.0
7175,Center Drive,0.0,0.0,0.0,0,(),0.0,0.0
7180,Center Drive,0.0,0.0,0.0,0,(),0.0,0.0
7185,Center Drive,0.0,0.0,0.0,0,(),0.0,0.0
7190,Center Drive,0.0,0.0,0.0,0,(),0.0,0.0
7195,Center Drive,0.0,0.0,0.0,0,(),0.0,0.0
7200,Center Drive,0.0,0.0,0.0,0,(),0.0,0.0
7205,Center Drive,0.0,0.0,0.0,0,(),0.0,0.0
7210,Center Drive,0.0,0.0,0.0,0,(),0.0,0.0
7215,Center Drive,0.0,0.0,0.0,0,(),0.0,0.0
7220,Center Drive,0.0,0.0,0.0,0,(),0.0,0.0
7225,Center Drive,0.0,0.0,0.0,0,(),0.0,0.0
7230,Center Drive,0.0,0.0,0.0,0,(),0.0,0.0
7235,Center Drive,0.0,0.0,0.0,0,(),0.0,0.0
7240,Center Drive,0.0,0.0,0.0,0,(),0.0,0.0
7245,Center Drive,0.0,0.0,0.0,0,(),0.0,0.0
7250,Center Drive,0.0,0.0,0.0,0,(),0.0,0.0
7255,Center Drive,0.0,0.0,0.0,0,(),0.0,0.0
7260,Center Drive,0.0,0.0,0.0,0,(),0.0,0.0
7265,Center Drive,0.0,0.0,0.0,0,(),0.0,0.0
7270,Center Drive,0.0,0.0,0.0,0,(),0.0,0.0
7275,Center Drive,0.0,0.0,0.0,0,(),0.0,0.0
7280,Center Drive,0.0,0.0,0.0,0,(),0.0,0.0
7285,Center Drive,0.0,0.0,0.0,0,(),0.0,0.0
7290,Center Drive,0.0,0.0,0.0,0,(),0.0,0.0
7295,Center Drive,0.0,0.0,0.0,0,(),0.0,0.0
7300,Center Drive,0.0,0.0,0.0,0,(),0.0,0.0
7305,Center Drive,0.0,0.0,0.0,0,(),0.0,0.0
7310,Center Drive,0.0,0.0,0.0,0,(),0.0,0.0
7315,Center Drive,0.0,0.0,0.0,0,(),0.0,0.0
7320,Center Drive,0.0,0.0,0.0,0,(),0.0,0.0
7325,Center Drive,0.0,0.0,0.0,0,(),0.0,0.0
7330,Center Drive,0.0,0.0,0.0,0,(),0.0,0.0
7335,Center Drive,0.0,0.0,0.0,0,(),0.0,0.0
7340,Center Drive,0.0,0.0,0.0,0,(),0.0,0.0
7345,Center Drive,0.0,0.0,0.0,0,(),0.0,0.0
7350,Center Drive,0.0,0.0,0.0,0,(),0.0,0.0
7355,Center Drive,0.0,0.0,0.0,0,(),0.0,0.0
7360,Center Drive,0.0,0.0,0.0,0,(),0.0,0.0
7365,Center Drive,0.0,0.0,0.0,0,(),0.0,0.0
7370,Center Drive,0.0,0.0,0.0,0,(),0.0,0.0
7375,Center Drive,0.0,0.0,0.0,0,(),0.0,0.0
7380,Center Drive,0.0,0.0,0.0,0,(),0.0,0.0
7385,Center Drive,0.0,0.0,0.0,0,(),0.0,0.0
7390,Center Drive,0.0,0.0,0.0,0,(),0.0,0.0
7395,Center Drive,0.0,0.0,0.0,0,(),0.0,0.0
7400,Center Drive,0.0,0.0,0.0,0,(),0.0,0.0
7405,Center Drive,0.0,0.0,0.0,0,(),0.0,0.0
7410,Center Drive,0.0,0.0,0.0,0,(),0.0,0.0
7415,Center Drive,0.0,0.0,0.0,0,(),0.0,0.0
7420,Center Drive,0.0,0.0,0.0,0,(),0.0,0.0
7425,Center Drive,0.0,0.0,0.0,0,(),0.0,0.0
7430,Center Drive,0.0,0.0,0.0,0,(),0.0,0.0
7435,Center Drive,0.0,0.0,0.0,0,(),0.0,0.0
7440,Center Drive,0.0,0.0,0.0,0,(),0.0,0.0
7445,Center Drive,0.0,0.0,0.0,0,(),0.0,0.0
7450,Center Drive,0.0,0.0,0.0,0,(),0.0,0.0
7455,Center Drive,0.0,0.0,0.0,0,(),0.0,0.0
7460,Center Drive,0.0,0.0,0.0,0,(),0.0,0.0
7465,Center Drive,0.0,0.0,0.0,0,(),0.0,0.0
7470,Center Drive,0.0,0.0,0.0,0,(),0.0,0.0
7475,Center Drive,0.0,0.0,0.0,0,(),0.0,0.0
7480,Center Drive,0.0,0.0,0.0,0,(),0.0,0.0
7485,Center Drive,0.0,0.0,0.0,0,(),0.0,0.0
7490,Center Drive,0.0,0.0,0.0,0,(),0.0,0.0
7495,Center Drive,0.0,0.0,0.0,0,(),0.0,0.0
7500,Center Drive,0.0,0.0,0.0,0,(),0.0,0.0
7505,Center Drive,0.0,0.0,0.0,0,(),0.0,0.0
7510,Center Drive,0.0,0.0,0.0,0,(),0.0,0.0
7515,Center Drive,0.0,0.0,0.0,0,(),0.0,0.0
7520,Center Drive,0.0,0.0,0.0,0,(),0.0,0.0
7525,Center Drive,0.0,0.0,0.0,0,(),0.0,0.0
7530,Center Drive,0.0,0.0,0.0,0,(),0.0,0.0
7535,Center Drive,0.0,0.0,0.0,0,(),0.0,0.0
7540,Center Drive,0.0,0.0,0.0,0,(),0.0,0.0
7545,Center Drive,0.0,0.0,0.0,0,(),0.0,0.0
7550,Center Drive,0.0,0.0,0.0,0,(),0.0,0.0
7555,Center Drive,0.0,0.0,0.0,0,(),0.0,0.0
7560,Center Drive,0.0,0.0,0.0,0,(),0.0,0.0
7565,Center Drive,0.0,0.0,0.0,0,(),0.0,0.0
7570,Center Drive,0.0,0.0,0.0,0,(),0.0,0.0
7575,Center Drive,0.0,0.0,0.0,0,(),0.0,0.0
7580,Center Drive,0.0,0.0,0.0,0,(),0.0,0.0
7585,Center Drive,0.0,0.0,0.0,0,(),0.0,0.0
7590,Center Drive,0.0,0.0,0.0,0,(),0.0,0.0
7595,Center Drive,0.0,0.0,0.0,0,(),0.0,0.0
7600,Center Drive,0.0,0.0,0.0,0,(),0.0,0.0
7605,Center Drive,0.0,0.0,0.0,0,(),0.0,0.0
7610,Center Drive,0.0,0.0,0.0,0,(),0.0,0.0
7615,Center Drive,0.0,0.0,0.0,0,(),0.0,0.0
7620,Center Drive,0.0,0.0,0.0,0,(),0.0,0.0
7625,Center Drive,0.0,0.0,0.0,0,(),0.0,0.0
7630,Center Drive,0.0,0.0,0.0,0,(),0.0,0.0
7635,Center Drive,0.0,0.0,0.0,0,(),0.0,0.0
7640,Center Drive,0.0,0.0,0.0,0,(),0.0,0.0
7645,Center Drive,0.0,0.0,0.0,0,(),0.0,0.0
7650,Center Drive,0.0,0.0,0.0,0,(),0.0,0.0
7655,Center Drive,0.0,0.0,0.0,0,(),0.0,0.0
7660,Center Drive,0.0,0.0,0.0,0,(),0.0,0.0
7665,Center Drive,0.0,0.0,0.0,0,(),0.0,0.0
7670,Center Drive,0.0,0.0,0.0,0,(),0.0,0.0
7675,Center Drive,0.0,0.0,0.0,0,(),0.0,0.0
7680,Center Drive,0.0,0.0,0.0,0,(),0.0,0.0
7685,Center Drive,0.0,0.0,0.0,0,(),0.0,0.0
7690,Center Drive,0.0,0.0,0.0,0,(),0.0,0.0
7695,Center Drive,0.0,0.0,0.0,0,(),0.0,0.0
7700,Center Drive,0.0,0.0,0.0,0,(),0.0,0.0
7705,Center Drive,0.0,0.0,0.0,0,(),0.0,0.0
7710,Center Drive,0.0,0.0,0.0,0,(),0.0,0.0
7715,Center Drive,0.0,0.0,0.0,0,(),0.0,0.0
7720,Center Drive,0.0,0.0,0.0,0,(),0.0,0.0
7725,Center Drive,0.0,0.0,0.0,0,(),0.0,0.0
7730,Center Drive,0.0,0.0,0.0,0,(),0.0,0.0
7735,Center Drive,0.0,0.0,0.0,0,(),0.0,0.0
7740,Center Drive,0.0,0.0,0.0,0,(),0.0,0.0
7745,Center Drive,0.0,0.0,0.0,0,(),0.0,0.0
7750,Center Drive,0.0,0.0,0.0,0,(),0.0,0.0
7755,Center Drive,0.0,0.0,0.0,0,(),0.0,0.0
7760,Center Drive,0.0,0.0,0.0,0,(),0.0,0.0
7765,Center Drive,0.0,0.0,0.0,0,(),0.0,0.0
7770,Center Drive,0.0,0.0,0.0,0,(),0.0,0.0
7775,Center Drive,0.0,0.0,0.0,0,(),0.0,0.0
7780,Center Drive,0.0,0.0,0.0,0,(),0.0,0.0
7785,Center Drive,0.0,0.0,0.0,0,(),0.0,0.0
7790,Center Drive,0.0,0.0,0.0,0,(),0.0,0.0
7795,Center Drive,0.0,0.0,0.0,0,(),0.0,0.0
7800,Center Drive,0.0,0.0,0.0,0,(),0.0,0.0
7805,Center Drive,0.0,0.0,0.0,0,(),0.0,0.0
7810,Center Drive,0.0,0.0,0.0,0,(),0.0,0.0
7815,Center Drive,0.0,0.0,0.0,0,(),0.0,0.0
7820,Center Drive,0.0,0.0,0.0,0,(),0.0,0.0
7825,Center Drive,0.0,0.0,0.0,0,(),0.0,0.0
7830,Center Drive,0.0,0.0,0.0,0,(),0.0,0.0
7835,Center Drive,0.0,0.0,0.0,0,(),0.0,0.0
7840,Center Drive,0.0,0.0,0.0,0,(),0.0,0.0
7845,Center Drive,0.0,0.0,0.0,0,(),0.0,0.0
7850,Center Drive,0.0,0.0,0.0,0,(),0.0,0.0
7855,Center Drive,0.0,0.0,0.0,0,(),0.0,0.0
7860,Center Drive,0.0,0.0,0.0,0,(),0.0,0.0
7865,Center Drive,0.0,0.0,0.0,0,(),0.0,0.0
7870,Center Drive,0.0,0.0,0.0,0,(),0.0,0.0
7875,Center Drive,0.0,0.0,0.0,0,(),0.0,0.0
7880,Center Drive,0.0,0.0,0.0,0,(),0.0,0.0
7885,Center Drive,0.0,0.0,0.0,0,(),0.0,0.0
7890,Center Drive,0.0,0.0,0.0,0,(),0.0,0.0
7895,Center Drive,0.0,0.0,0.0,0,(),0.0,0.0
7900,Center Drive,0.0,0.0,0.0,0,(),0.0,0.0
7905,Center Drive,0.0,0.0,0.0,0,(),0.0,0.0
7910,Center Drive,0.0,0.0,0.0,0,(),0.0,0.0
7915,Center Drive,0.0,0.0,0.0,0,(),0.0,0.0
7920,Center Drive,0.0,0.0,0.0,0,(),0.0,0.0
7925,Center Drive,0.0,0.0,0.0,0,(),0.0,0.0
7930,Center Drive,0.0,0.0,0.0,0,(),0.0,0.0
7935,Center Drive,0.0,0.0,0.0,0,(),0.0,0.0
7940,Center Drive,0.0,0.0,0.0,0,(),0.0,0.0
7945,Center Drive,0.0,0.0,0.0,0,(),0.0,0.0
7950,Center Drive,0.0,0.0,0.0,0,(),0.0,0.0
7955,Center Drive,0.0,0.0,0.0,0,(),0.0,0.0
7960,Center Drive,0.0,0.0,0.0,0,(),0.0,0.0
7965,Center Drive,0.0,0.0,0.0,0,(),0.0,0.0
7970,Center Drive,0.0,0.0,0.0,0,(),0.0,0.0
7975,Center Drive,0.0,0.0,0.0,0,(),0.0,0.0
7980,Center Drive,0.0,0.0,0.0,0,(),0.0,0.0
7985,Center Drive,0.0,0.0,0.0,0,(),0.0,0.0
7990,Center Drive,0.0,0.0,0.0,0,(),0.0,0.0
7995,Center Drive,0.0,0.0,0.0,0,(),0.0,0.0
8000,Center Drive,0.0,0.0,0.0,0,(),0.0,0.0
8005,Center Drive,0.0,0.0,0.0,0,(),0.0,0.0
8010,Center Drive,0.0,0.0,0.0,0,(),0.0,0.0
8015,Center Drive,0.0,0.0,0.0,0,(),0.0,0.0
8020,Center Drive,0.0,0.0,0.0,0,(),0.0,0.0
8025,Center Drive,0.0,0.0,0.0,0,(),0.0,0.0
8030,Center Drive,0.0,0.0,0.0,0,(),0.0,0.0
8035,Center Drive,0.0,0.0,0.0,0,(),0.0,0.0
8040,Center Drive,0.0,0.0,0.0,0,(),0.0,0.0
8045,Center Drive,0.0,0.0,0.0,0,(),0.0,0.0
8050,Center Drive,0.0,0.0,0.0,0,(),0.0,0.0
8055,Center Drive,0.0,0.0,0.0,0,(),0.0,0.0
8060,Center Drive,0.0,0.0,0.0,0,(),0.0,0.0
8065,Center Drive,0.0,0.0,0.0,0,(),0.0,0.0
8070,Center Drive,0.0,0.0,0.0,0,(),0.0,0.0
8075,Center Drive,0.0,0.0,0.0,0,(),0.0,0.0
8080,Center Drive,0.0,0.0,0.0,0,(),0.0,0.0
8085,Center Drive,0.0,0.0,0.0,0,(),0.0,0.0
8090,Center Drive,0.0,0.0,0.0,0,(),0.0,0.0
8095,Center Drive,0.0,0.0,0.0,0,(),0.0,0.0
8100,Center Drive,0.0,0.0,0.0,0,(),0.0,0.0
8105,Center Drive,0.0,0.0,0.0,0,(),0.0,0.0
8110,Center Drive,0.0,0.0,0.0,0,(),0.0,0.0
8115,Center Drive,0.0,0.0,0.0,0,(),0.0,0.0
8120,Center Drive,0.0,0.0,0.0,0,(),0.0,0.0
8125,Center Drive,0.0,0.0,0.0,0,(),0.0,0.0
8130,Center Drive,0.0,0.0,0.0,0,(),0.0,0.0
8135,Center Drive,0.0,0.0,0.0,0,(),0.0,0.0
8140,Center Drive,0.0,0.0,0.0,0,(),0.0,0.0
8145,Center Drive,0.0,0.0,0.0,0,(),0.0,0.0
8150,Center Drive,0.0,0.0,0.0,0,(),0.0,0.0
8155,Center Drive,0.0,0.0,0.0,0,(),0.0,0.0
8160,Center Drive,0.0,0.0,0.0,0,(),0.0,0.0
8165,Center Drive,0.0,0.0,0.0,0,(),0.0,0.0
8170,Center Drive,0.0,0.0,0.0,0,(),0.0,0.0
8175,Center Drive,0.0,0.0,0.0,0,(),0.0,0.0
8180,Center Drive,0.0,0.0,0.0,0,(),0.0,0.0
8185,Center Drive,0.0,0.0,0.0,0,(),0.0,0.0
8190,Center Drive,0.0,0.0,0.0,0,(),0.0,0.0
8195,Center Drive,0.0,0.0,0.0,0,(),0.0,0.0
8200,Center Drive,0.0,0.0,0.0,0,(),0.0,0.0
8205,Center Drive,0.0,0.0,0.0,0,(),0.0,0.0
8210,Center Drive,0.0,0.0,0.0,0,(),0.0,0.0
8215,Center Drive,0.0,0.0,0.0,0,(),0.0,0.0
8220,Center Drive,0.0,0.0,0.0,0,(),0.0,0.0
8225,Center Drive,0.0,0.0,0.0,0,(),0.0,0.0
8230,Center Drive,0.0,0.0,0.0,0,(),0.0,0.0
8235,Center Drive,0.0,0.0,0.0,0,(),0.0,0.0
8240,Center Drive,0.0,0.0,0.0,0,(),0.0,0.0
8245,Center Drive,0.0,0.0,0.0,0,(),0.0,0.0
8250,Center Drive,0.0,0.0,0.0,0,(),0.0,0.0
8255,Center Drive,0.0,0.0,0.0,0,(),0.0,0.0
8260,Center Drive,0.0,0.0,0.0,0,(),0.0,0.0
8265,Center Drive,0.0,0.0,0.0,0,(),0.0,0.0
8270,Center Drive,0.0,0.0,0.0,0,(),0.0,0.0
8275,Center Drive,0.0,0.0,0.0,0,(),0.0,0.0
8280,Center Drive,0.0,0.0,0.0,0,(),0.0,0.0
8285,Center Drive,0.0,0.0,0.0,0,(),0.0,0.0
8290,Center Drive,0.0,0.0,0.0,0,(),0.0,0.0
8295,Center Drive,0.0,0.0,0.0,0,(),0.0,0.0
8300,Center Drive,0.0,0.0,0.0,0,(),0.0,0.0
8305,Center Drive,0.0,0.0,0.0,0,(),0.0,0.0
8310,Center Drive,0.0,0.0,0.0,0,(),0.0,0.0
8315,Center Drive,0.0,0.0,0.0,0,(),0.0,0.0
8320,Center Drive,0.0,0.0,0.0,0,(),0.0,0.0
8325,Center Drive,0.0,0.0,0.0,0,(),0.0,0.0
8330,Center Drive,0.0,0.0,0.0,0,(),0.0,0.0
8335,Center Drive,0.0,0.0,0.0,0,(),0.0,0.0
8340,Center Drive,0.0,0.0,0.0,0,(),0.0,0.0
8345,Center Drive,0.0,0.0,0.0,0,(),0.0,0.0
8350,Center Drive,0.0,0.0,0.0,0,(),0.0,0.0
8355,Center Drive,0.0,0.0,0.0,0,(),0.0,0.0
8360,Center Drive,0.0,0.0,0.0,0,(),0.0,0.0
8365,Center Drive,0.0,0.0,0.0,0,(),0.0,0.0
8370,Center Drive,0.0,0.0,0.0,0,(),0.0,0.0
8375,Center Drive,0.0,0.0,0.0,0,(),0.0,0.0
8380,Center Drive,0.0,0.0,0.0,0,(),0.0,0.0
8385,Center Drive,0.0,0.0,0.0,0,(),0.0,0.0
8390,Center Drive,0.0,0.0,0.0,0,(),0.0,0.0
8395,Center Drive,0.0,0.0,0.0,0,(),0.0,0.0
8400,Center Drive,0.0,0.0,0.0,0,(),0.0,0.0
8405,Center Drive,0.0,0.0,0.0,0,(),0.0,0.0
8410,Center Drive,0.0,0.0,0.0,0,(),0.0,0.0
8415,Center Drive,0.0,0.0,0.0,0,(),0.0,0.0
8420,Center Drive,0.0,0.0,0.0,0,(),0.0,0.0
8425,Center Drive,0.0,0.0,0.0,0,(),0.0,0.0
8430,Center Drive,0.0,0.0,0.0,0,(),0.0,0.0
8435,Center Drive,0.0,0.0,0.0,0,(),0.0,0.0
8440,Center Drive,0.0,0.0,0.0,0,(),0.0,0.0
8445,Center Drive,0.0,0.0,0.0,0,(),0.0,0.0
8450,Center Drive,0.0,0.0,0.0,0,(),0.0,0.0
8455,Center Drive,0.0,0.0,0.0,0,(),0.0,0.0
8460,Center Drive,0.0,0.0,0.0,0,(),0.0,0.0
8465,Center Drive,0.0,0.0,0.0,0,(),0.0,0.0
8470,Center Drive,0.0,0.0,0.0,0,(),0.0,0.0
8475,Center Drive,0.0,0.0,0.0,0,(),0.0,0.0
8480,Center Drive,0.0,0.0,0.0,0,(),0.0,0.0
8485,Center Drive,0.0,0.0,0.0,0,(),0.0,0.0
8490,Center Drive,0.0,0.0,0.0,0,(),0.0,0.0
8495,Center Drive,0.0,0.0,0.0,0,(),0.0,0.0
8500,Center Drive,0.0,0.0,0.0,0,(),0.0,0.0
8505,Center Drive,0.0,0.0,0.0,0,(),0.0,0.0
8510,Center Drive,0.0,0.0,0.0,0,(),0.0,0.0
8515,Center Drive,0.0,0.0,0.0,0,(),0.0,0.0
8520,Center Drive,0.0,0.0,0.0,0,(),0.0,0.0
8525,Center Drive,0.0,0.0,0.0,0,(),0.0,0.0
8530,Center Drive,0.0,0.0,0.0,0,(),0.0,0.0
8535,Center Drive,0.0,0.0,0.0,0,(),0.0,0.0
8540,Center Drive,0.0,0.0,0.0,0,(),0.0,0.0
8545,Center Drive,0.0,0.0,0.0,0,(),0.0,0.0
8550,Center Drive,0.0,0.0,0.0,0,(),0.0,0.0
8555,Center Drive,0.0,0.0,0.0,0,(),0.0,0.0
8560,Center Drive,0.0,0.0,0.0,0,(),0.0,0.0
8565,Center Drive,0.0,0.0,0.0,0,(),0.0,0.0
8570,Center Drive,0.0,0.0,0.0,0,(),0.0,0.0
8575,Center Drive,0.0,0.0,0.0,0,(),0.0,0.0
8580,Center Drive,0.0,0.0,0.0,0,(),0.0,0.0
8585,Center Drive,0.0,0.0,0.0,0,(),0.0,0.0
8590,Center Drive,0.0,0.0,0.0,0,(),0.0,0.0
8595,Center Drive,0.0,0.0,0.0,0,(),0.0,0.0
8600,Center Drive,0.0,0.0,0.0,0,(),0.0,0.0
8605,Center Drive,0.0,0.0,0.0,0,(),0.0,0.0
8610,Center Drive,0.0,0.0,0.0,0,(),0.0,0.0
8615,Center Drive,0.0,0.0,0.0,0,(),0.0,0.0
8620,Center Drive,0.0,0.0,0.0,0,(),0.0,0.0
8625,Center Drive,0.0,0.0,0.0,0,(),0.0,0.0
8630,Center Drive,0.0,0.0,0.0,0,(),0.0,0.0
8635,Center Drive,0.0,0.0,0.0,0,(),0.0,0.0
8640,Center Drive,0.0,0.0,0.0,0,(),0.0,0.0
8645,Center Drive,0.0,0.0,0.0,0,(),0.0,0.0
8650,Center Drive,0.0,0.0,0.0,0,(),0.0,0.0
8655,Center Drive,0.0,0.0,0.0,0,(),0.0,0.0
8660,Center Drive,0.0,0.0,0.0,0,(),0.0,0.0
8665,Center Drive,0.0,0.0,0.0,0,(),0.0,0.0
8670,Center Drive,0.0,0.0,0.0,0,(),0.0,0.0
8675,Center Drive,0.0,0.0,0.0,0,(),0.0,0.0
8680,Center Drive,0.0,0.0,0.0,0,(),0.0,0.0
8685,Center Drive,0.0,0.0,0.0,0,(),0.0,0.0
8690,Center Drive,0.0,0.0,0.0,0,(),0.0,0.0
8695,Center Drive,0.0,0.0,0.0,0,(),0.0,0.0
8700,Center Drive,0.0,0.0,0.0,0,(),0.0,0.0
8705,Center Drive,0.0,0.0,0.0,0,(),0.0,0.0
8710,Center Drive,0.0,0.0,0.0,0,(),0.0,0.0
8715,Center Drive,0.0,0.0,0.0,0,(),0.0,0.0
8720,Center Drive,0.0,0.0,0.0,0,(),0.0,0.0
8725,Center Drive,0.0,0.0,0.0,0,(),0.0,0.0
8730,Center Drive,0.0,0.0,0.0,0,(),0.0,0.0
8735,Center Drive,0.0,0.0,0.0,0,(),0.0,0.0
8740,Center Drive,0.0,0.0,0.0,0,(),0.0,0.0
8745,Center Drive,0.0,0.0,0.0,0,(),0.0,0.0
8750,Center Drive,0.0,0.0,0.0,0,(),0.0,0.0
8755,Center Drive,0.0,0.0,0.0,0,(),0.0,0.0
8760,Center Drive,0.0,0.0,0.0,0,(),0.0,0.0
8765,Center Drive,0.0,0.0,0.0,0,(),0.0,0.0
8770,Center Drive,0.0,0.0,0.0,0,(),0.0,0.0
8775,Center Drive,0.0,0.0,0.0,0,(),0.0,0.0
8780,Center Drive,0.0,0.0,0.0,0,(),0.0,0.0
8785,Center Drive,0.0,0.0,0.0,0,(),0.0,0.0
8790,Center Drive,0.0,0.0,0.0,0,(),0.0,0.0
8795,Center Drive,0.0,0.0,0.0,0,(),0.0,0.0
8800,Center Drive,0.0,0.0,0.0,0,(),0.0,0.0
8805,Center Drive,0.0,0.0,0.0,0,(),0.0,0.0
8810,Center Drive,0.0,0.0,0.0,0,(),0.0,0.0
8815,Center Drive,0.0,0.0,0.0,0,(),0.0,0.0
8820,Center Drive,0.0,0.0,0.0,0,(),0.0,0.0
8825,Center Drive,0.0,0.0,0.0,0,(),0.0,0.0
8830,Center Drive,0.0,0.0,0.0,0,(),0.0,0.0
8835,Center Drive,0.0,0.0,0.0,0,(),0.0,0.0
8840,Center Drive,0.0,0.0,0.0,0,(),0.0,0.0
8845,Center Drive,0.0,0.0,0.0,0,(),0.0,0.0
8850,Center Drive,0.0,0.0,0.0,0,(),0.0,0.0
8855,Center Drive,0.0,0.0,0.0,0,(),0.0,0.0
8860,Center Drive,0.0,0.0,0.0,0,(),0.0,0.0
8865,Center Drive,0.0,0.0,0.0,0,(),0.0,0.0
8870,Center Drive,0.0,0.0,0.0,0,(),0.0,0.0
8875,Center Drive,0.0,0.0,0.0,0,(),0.0,0.0
8880,Center Drive,0.0,0.0,0.0,0,(),0.0,0.0
8885,Center Drive,0.0,0.0,0.0,0,(),0.0,0.0
8890,Center Drive,0.0,0.0,0.0,0,(),0.0,0.0
8895,Center Drive,0.0,0.0,0.0,0,(),0.0,0.0
8900,Center Drive,0.0,0.0,0.0,0,(),0.0,0.0
8905,Center Drive,0.0,0.0,0.0,0,(),0.0,0.0
8910,Center Drive,0.0,0.0,0.0,0,(),0.0,0.0
8915,Center Drive,0.0,0.0,0.0,0,(),0.0,0.0
8920,Center Drive,0.0,0.0,0.0,0,(),0.0,0.0
8925,Center Drive,0.0,0.0,0.0,0,(),0.0,0.0
8930,Center Drive,0.0,0.0,0.0,0,(),0.0,0.0
8935,Center Drive,0.0,0.0,0.0,0,(),0.0,0.0
8940,Center Drive,0.0,0.0,0.0,0,(),0.0,0.0
8945,Center Drive,0.0,0.0,0.0,0,(),0.0,0.0
8950,Center Drive,0.0,0.0,0.0,0,(),0.0,0.0
8955,Center Drive,0.0,0.0,0.0,0,(),0.0,0.0
8960,Center Drive,0.0,0.0,0.0,0,(),0.0,0.0
8965,Center Drive,0.0,0.0,0.0,0,(),0.0,0.0
8970,Center Drive,0.0,0.0,0.0,0,(),0.0,0.0
8975,Center Drive,0.0,0.0,0.0,0,(),0.0,0.0
8980,Center Drive,0.0,0.0,0.0,0,(),0.0,0.0
8985,Center Drive,0.0,0.0,0.0,0,(),0.0,0.0
8990,Center Drive,0.0,0.0,0.0,0,(),0.0,0.0
8995,Center Drive,0.0,0.0,0.0,0,(),0.0,0.0
9000,Center Drive,0.0,0.0,0.0,0,(),0.0,0.0
9005,Center Drive,0.0,0.0,0.0,0,(),0.0,0.0
9010,Center Drive,0.0,0.0,0.0,0,(),0.0,0.0
9015,Center Drive,0.0,0.0,0.0,0,(),0.0,0.0
9020,Center Drive,0.0,0.0,0.0,0,(),0.0,0.0
9025,Center Drive,0.0,0.0,0.0,0,(),0.0,0.0
9030,Center Drive,0.0,0.0,0.0,0,(),0.0,0.0
9035,Center Drive,0.0,0.0,0.0,0,(),0.0,0.0
9040,Center Drive,0.0,0.0,0.0,0,(),0.0,0.0
9045,Center Drive,0.0,0.0,0.0,0,(),0.0,0.0
9050,Center Drive,0.0,0.0,0.0,0,(),0.0,0.0
9055,Center Drive,0.0,0.0,0.0,0,(),0.0,0.0
9060,Center Drive,0.0,0.0,0.0,0,(),0.0,0.0
9065,Center Drive,0.0,0.0,0.0,0,(),0.0,0.0
9070,Center Drive,0.0,0.0,0.0,0,(),0.0,0.0
9075,Center Drive,0.0,0.0,0.0,0,(),0.0,0.0
9080,Center Drive,0.0,0.0,0.0,0,(),0.0,0.0
9085,Center Drive,0.0,0.0,0.0,0,(),0.0,0.0
9090,Center Drive,0.0,0.0,0.0,0,(),0.0,0.0
9095,Center Drive,0.0,0.0,0.0,0,(),0.0,0.0
9100,Center Drive,0.0,0.0,0.0,0,(),0.0,0.0
9105,Center Drive,0.0,0.0,0.0,0,(),0.0,0.0
9110,Center Drive,0.0,0.0,0.0,0,(),0.0,0.0
9115,Center Drive,0.0,0.0,0.0,0,(),0.0,0.0
9120,Center Drive,0.0,0.0,0.0,0,(),0.0,0.0
9125,Center Drive,0.0,0.0,0.0,0,(),0.0,0.0
9130,Center Drive,0.0,0.0,0.0,0,(),0.0,0.0
9135,Center Drive,0.0,0.0,0.0,0,(),0.0,0.0
9140,Center Drive,0.0,0.0,0.0,0,(),0.0,0.0
9145,Center Drive,0.0,0.0,0.0,0,(),0.0,0.0
9150,Center Drive,0.0,0.0,0.0,0,(),0.0,0.0
9155,Center Drive,0.0,0.0,0.0,0,(),0.0,0.0
9160,Center Drive,0.0,0.0,0.0,0,(),0.0,0.0
9165,Center Drive,0.0,0.0,0.0,0,(),0.0,0.0
9170,Center Drive,0.0,0.0,0.0,0,(),0.0,0.0
9175,Center Drive,0.0,0.0,0.0,0,(),0.0,0.0
9180,Center Drive,0.0,0.0,0.0,0,(),0.0,0.0
9185,Center Drive,0.0,0.0,0.0,0,(),0.0,0.0
9190,Center Drive,0.0,0.0,0.0,0,(),0.0,0.0
9195,Center Drive,0.0,0.0,0.0,0,(),0.0,0.0
9200,Center Drive,0.0,0.0,0.0,0,(),0.0,0.0
9205,Center Drive,0.0,0.0,0.0,0,(),0.0,0.0
9210,Center Drive,0.0,0.0,0.0,0,(),0.0,0.0
9215,Center Drive,0.0,0.0,0.0,0,(),0.0,0.0
9220,Center Drive,0.0,0.0,0.0,0,(),0.0,0.0
9225,Center Drive,0.0,0.0,0.0,0,(),0.0,0.0
9230,Center Drive,0.0,0.0,0.0,0,(),0.0,0.0
9235,Center Drive,0.0,0.0,0.0,0,(),0.0,0.0
9240,Center Drive,0.0,0.0,0.0,0,(),0.0,0.0
9245,Center Drive,0.0,0.0,0.0,0,(),0.0,0.0
9250,Center Drive,0.0,0.0,0.0,0,(),0.0,0.0
9255,Center Drive,0.0,0.0,0.0,0,(),0.0,0.0
9260,Center Drive,0.0,0.0,0.0,0,(),0.0,0.0
9265,Center Drive,0.0,0.0,0.0,0,(),0.0,0.0
9270,Center Drive,0.0,0.0,0.0,0,(),0.0,0.0
9275,Center Drive,0.0,0.0,0.0,0,(),0.0,0.0
9280,Center Drive,0.0,0.0,0.0,0,(),0.0,0.0
9285,Center Drive,0.0,0.0,0.0,0,(),0.0,0.0
9290,Center Drive,0.0,0.0,0.0,0,(),0.0,0.0
9295,Center Drive,0.0,0.0,0.0,0,(),0.0,0.0
9300,Center Drive,0.0,0.0,0.0,0,(),0.0,0.0
9305,Center Drive,0.0,0.0,0.0,0,(),0.0,0.0
9310,Center Drive,0.0,0.0,0.0,0,(),0.0,0.0
9315,Center Drive,0.0,0.0,0.0,0,(),0.0,0.0
9320,Center Drive,0.0,0.0,0.0,0,(),0.0,0.0
9325,Center Drive,0.0,0.0,0.0,0,(),0.0,0.0
9330,Center Drive,0.0,0.0,0.0,0,(),0.0,0.0
9335,Center Drive,0.0,0.0,0.0,0,(),0.0,0.0
9340,Center Drive,0.0,0.0,0.0,0,(),0.0,0.0
9345,Center Drive,0.0,0.0,0.0,0,(),0.0,0.0
9350,Center Drive,0.0,0.0,0.0,0,(),0.0,0.0
9355,Center Drive,0.0,0.0,0.0,0,(),0.0,0.0
9360,Center Drive,0.0,0.0,0.0,0,(),0.0,0.0
9365,Center Drive,0.0,0.0,0.0,0,(),0.0,0.0
9370,Center Drive,0.0,0.0,0.0,0,(),0.0,0.0
9375,Center Drive,0.0,0.0,0.0,0,(),0.0,0.0
9380,Center Drive,0.0,0.0,0.0,0,(),0.0,0.0
9385,Center Drive,0.0,0.0,0.0,0,(),0.0,0.0
9390,Center Drive,0.0,0.0,0.0,0,(),0.0,0.0
9395,Center Drive,0.0,0.0,0.0,0,(),0.0,0.0
9400,Center Drive,0.0,0.0,0.0,0,(),0.0,0.0
9405,Center Drive,0.0,0.0,0.0,0,(),0.0,0.0
9410,Center Drive,0.0,0.0,0.0,0,(),0.0,0.0
9415,Center Drive,0.0,0.0,0.0,0,(),0.0,0.0
9420,Center Drive,0.0,0.0,0.0,0,(),0.0,0.0
9425,Center Drive,0.0,0.0,0.0,0,(),0.0,0.0
9430,Center Drive,0.0,0.0,0.0,0,(),0.0,0.0
9435,Center Drive,0.0,0.0,0.0,0,(),0.0,0.0
9440,Center Drive,0.0,0.0,0.0,0,(),0.0,0.0
9445,Center Drive,0.0,0.0,0.0,0,(),0.0,0.0
9450,Center Drive,0.0,0.0,0.0,0,(),0.0,0.0
9455,Center Drive,0.0,0.0,0.0,0,(),0.0,0.0
9460,Center Drive,0.0,0.0,0.0,0,(),0.0,0.0
9465,Center Drive,0.0,0.0,0.0,0,(),0.0,0.0
9470,Center Drive,0.0,0.0,0.0,0,(),0.0,0.0
9475,Center Drive,0.0,0.0,0.0,0,(),0.0,0.0
9480,Center Drive,0.0,0.0,0.0,0,(),0.0,0.0
9485,Center Drive,0.0,0.0,0.0,0,(),0.0,0.0
9490,Center Drive,0.0,0.0,0.0,0,(),0.0,0.0
9495,Center Drive,0.0,0.0,0.0,0,(),0.0,0.0
9500,Center Drive,0.0,0.0,0.0,0,(),0.0,0.0
9505,Center Drive,0.0,0.0,0.0,0,(),0.0,0.0
9510,Center Drive,0.0,0.0,0.0,0,(),0.0,0.0
9515,Center Drive,0.0,0.0,0.0,0,(),0.0,0.0
9520,Center Drive,0.0,0.0,0.0,0,(),0.0,0.0
9525,Center Drive,0.0,0.0,0.0,0,(),0.0,0.0
9530,Center Drive,0.0,0.0,0.0,0,(),0.0,0.0
9535,Center Drive,0.0,0.0,0.0,0,(),0.0,0.0
9540,Center Drive,0.0,0.0,0.0,0,(),0.0,0.0
9545,Center Drive,0.0,0.0,0.0,0,(),0.0,0.0
9550,Center Drive,0.0,0.0,0.0,0,(),0.0,0.0
9555,Center Drive,0.0,0.0,0.0,0,(),0.0,0.0
9560,Center Drive,0.0,0.0,0.0,0,(),0.0,0.0
9565,Center Drive,0.0,0.0,0.0,0,(),0.0,0.0
9570,Center Drive,0.0,0.0,0.0,0,(),0.0,0.0
9575,Center Drive,0.0,0.0,0.0,0,(),0.0,0.0
9580,Center Drive,0.0,0.0,0.0,0,(),0.0,0.0
9585,Center Drive,0.0,0.0,0.0,0,(),0.0,0.0
9590,Center Drive,0.0,0.0,0.0,0,(),0.0,0.0
9595,Center Drive,0.0,0.0,0.0,0,(),0.0,0.0
9600,Center Drive,0.0,0.0,0.0,0,(),0.0,0.0
9605,Center Drive,0.0,0.0,0.0,0,(),0.0,0.0
9610,Center Drive,0.0,0.0,0.0,0,(),0.0,0.0
9615,Center Drive,0.0,0.0,0.0,0,(),0.0,0.0
9620,Center Drive,0.0,0.0,0.0,0,(),0.0,0.0
9625,Center Drive,0.0,0.0,0.0,0,(),0.0,0.0
9630,Center Drive,0.0,0.0,0.0,0,(),0.0,0.0
9635,Center Drive,0.0,0.0,0.0,0,(),0.0,0.0
9640,Center Drive,0.0,0.0,0.0,0,(),0.0,0.0
9645,Center Drive,0.0,0.0,0.0,0,(),0.0,0.0
9650,Center Drive,0.0,0.0,0.0,0,(),0.0,0.0
9655,Center Drive,0.0,0.0,0.0,0,(),0.0,0.0
9660,Center Drive,0.0,0.0,0.0,0,(),0.0,0.0
9665,Center Drive,0.0,0.0,0.0,0,(),0.0,0.0
9670,Center Drive,0.0,0.0,0.0,0,(),0.0,0.0
9675,Center Drive,0.0,0.0,0.0,0,(),0.0,0.0
9680,Center Drive,0.0,0.0,0.0,0,(),0.0,0.0
9685,Center Drive,0.0,0.0,0.0,0,(),0.0,0.0
9690,Center Drive,0.0,0.0,0.0,0,(),0.0,0.0
9695,Center Drive,0.0,0.0,0.0,0,(),0.0,0.0
9700,Center Drive,0.0,0.0,0.0,0,(),0.0,0.0
9705,Center Drive,0.0,0.0,0.0,0,(),0.0,0.0
9710,Center Drive,0.0,0.0,0.0,0,(),0.0,0.0
9715,Center Drive,0.0,0.0,0.0,0,(),0.0,0.0
9720,Center Drive,0.0,0.0,0.0,0,(),0.0,0.0
9725,Center Drive,0.0,0.0,0.0,0,(),0.0,0.0
9730,Center Drive,0.0,0.0,0.0,0,(),0.0,0.0
9735,Center Drive,0.0,0.0,0.0,0,(),0.0,0.0
9740,Center Drive,0.0,0.0,0.0,0,(),0.0,0.0
9745,Center Drive,0.0,0.0,0.0,0,(),0.0,0.0
9750,Center Drive,0.0,0.0,0.0,0,(),0.0,0.0
9755,Center Drive,0.0,0.0,0.0,0,(),0.0,0.0
9760,Center Drive,0.0,0.0,0.0,0,(),0.0,0.0
9765,Center Drive,0.0,0.0,0.0,0,(),0.0,0.0
9770,Center Drive,0.0,0.0,0.0,0,(),0.0,0.0
9775,Center Drive,0.0,0.0,0.0,0,(),0.0,0.0
9780,Center Drive,0.0,0.0,0.0,0,(),0.0,0.0
9785,Center Drive,0.0,0.0,0.0,0,(),0.0,0.0
9790,Center Drive,0.0,0.0,0.0,0,(),0.0,0.0
9795,Center Drive,0.0,0.0,0.0,0,(),0.0,0.0
9800,Center Drive,0.0,0.0,0.0,0,(),0.0,0.0
9805,Center Drive,0.0,0.0,0.0,0,(),0.0,0.0
9810,Center Drive,0.0,0.0,0.0,0,(),0.0,0.0
9815,Center Drive,0.0,0.0,0.0,0,(),0.0,0.0
9820,Center Drive,0.0,0.0,0.0,0,(),0.0,0.0
9825,Center Drive,0.0,0.0,0.0,0,(),0.0,0.0
9830,Center Drive,0.0,0.0,0.0,0,(),0.0,0.0
9835,Center Drive,0.0,0.0,0.0,0,(),0.0,0.0
9840,Center Drive,0.0,0.0,0.0,0,(),0.0,0.0
9845,Center Drive,0.0,0.0,0.0,0,(),0.0,0.0
9850,Center Drive,0.0,0.0,0.0,0,(),0.0,0.0
9855,Center Drive,0.0,0.0,0.0,0,(),0.0,0.0
9860,Center Drive,0.0,0.0,0.0,0,(),0.0,0.0
9865,Center Drive,0.0,0.0,0.0,0,(),0.0,0.0
9870,Center Drive,0.0,0.0,0.0,0,(),0.0,0.0
9875,Center Drive,0.0,0.0,0.0,0,(),0.0,0.0
9880,Center Drive,0.0,0.0,0.0,0,(),0.0,0.0
9885,Center Drive,0.0,0.0,0.0,0,(),0.0,0.0
9890,Center Drive,0.0,0.0,0.0,0,(),0.0,0.0
9895,Center Drive,0.0,0.0,0.0,0,(),0.0,0.0
9900,Center Drive,0.0,0.0,0.0,0,(),0.0,0.0
9905,Center Drive,0.0,0.0,0.0,0,(),0.0,0.0
9910,Center Drive,0.0,0.0,0.0,0,(),0.0,0.0
9915,Center Drive,0.0,0.0,0.0,0,(),0.0,0.0
9920,Center Drive,0.0,0.0,0.0,0,(),0.0,0.0
9925,Center Drive,0.0,0.0,0.0,0,(),0.0,0.0
9930,Center Drive,0.0,0.0,0.0,0,(),0.0,0.0
9935,Center Drive,0.0,0.0,0.0,0,(),0.0,0.0
9940,Center Drive,0.0,0.0,0.0,0,(),0.0,0.0
9945,Center Drive,0.0,0.0,0.0,0,(),0.0,0.0
9950,Center Drive,0.0,0.0,0.0,0,(),0.0,0.0
9955,Center Drive,0.0,0.0,0.0,0,(),0.0,0.0
9960,Center Drive,0.0,0.0,0.0,0,(),0.0,0.0
9965,Center Drive,0.0,0.0,0.0,0,(),0.0,0.0
9970,Center Drive,0.0,0.0,0.0,0,(),0.0,0.0
9975,Center Drive,0.0,0.0,0.0,0,(),0.0,0.0
9980,Center Drive,0.0,0.0,0.0,0,(),0.0,0.0
9985,Center Drive,0.0,0.0,0.0,0,(),0.0,0.0
9990,Center Drive,0.0,0.0,0.0,0,(),0.0,0.0
9995,Center Drive,0.0,0.0,0.0,0,(),0.0,0.0
10000,Center Drive,0.0,0.0,0.0,0,(),0.0,0.0
10005,Center Drive,0.0,0.0,0.0,0,(),0.0,0.0
10010,Center Drive,0.0,0.0,0.0,0,(),0.0,0.0
10015,Center Drive,0.0,0.0,0.0,0,(),0.0,0.0
10020,Center Drive,0.0,0.0,0.0,0,(),0.0,0.0
10025,Center Drive,0.0,0.0,0.0,0,(),0.0,0.0
10030,Center Drive,0.0,0.0,0.0,0,(),0.0,0.0
10035,Center Drive,0.0,0.0,0.0,0,(),0.0,0.0
10040,Center Drive,0.0,0.0,0.0,0,(),0.0,0.0
10045,Center Drive,0.0,0.0,0.0,0,(),0.0,0.0
10050,Center Drive,0.0,0.0,0.0,0,(),0.0,0.0
10055,Center Drive,0.0,0.0,0.0,0,(),0.0,0.0
10060,Center Drive,0.0,0.0,0.0,0,(),0.0,0.0
10065,Center Drive,0.0,0.0,0.0,0,(),0.0,0.0
10070,Center Drive,0.0,0.0,0.0,0,(),0.0,0.0
10075,Center Drive,0.0,0.0,0.0,0,(),0.0,0.0
10080,Center Drive,0.0,0.0,0.0,0,(),0.0,0.0
10085,Center Drive,0.0,0.0,0.0,0,(),0.0,0.0
10090,Center Drive,0.0,0.0,0.0,0,(),0.0,0.0
10095,Center Drive,0.0,0.0,0.0,0,(),0.0,0.0
10100,Center Drive,0.0,0.0,0.0,0,(),0.0,0.0
10105,Center Drive,0.0,0.0,0.0,0,(),0.0,0.0
10110,Center Drive,0.0,0.0,0.0,0,(),0.0,0.0
10115,Center Drive,0.0,0.0,0.0,0,(),0.0,0.0
10120,Center Drive,0.0,0.0,0.0,0,(),0.0,0.0
10125,Center Drive,0.0,0.0,0.0,0,(),0.0,0.0
10130,Center Drive,0.0,0.0,0.0,0,(),0.0,0.0
10135,Center Drive,0.0,0.0,0.0,0,(),0.0,0.0
10140,Center Drive,0.0,0.0,0.0,0,(),0.0,0.0
10145,Center Drive,0.0,0.0,0.0,0,(),0.0,0.0
10150,Center Drive,0.0,0.0,0.0,0,(),0.0,0.0
10155,Center Drive,0.0,0.0,0.0,0,(),0.0,0.0
10160,Center Drive,0.0,0.0,0.0,0,(),0.0,0.0
10165,Center Drive,0.0,0.0,0.0,0,(),0.0,0.0
10170,Center Drive,0.0,0.0,0.0,0,(),0.0,0.0
10175,Center Drive,0.0,0.0,0.0,0,(),0.0,0.0
10180,Center Drive,0.0,0.0,0.0,0,(),0.0,0.0
10185,Center Drive,0.0,0.0,0.0,0,(),0.0,0.0
10190,Center Drive,0.0,0.0,0.0,0,(),0.0,0.0
10195,Center Drive,0.0,0.0,0.0,0,(),0.0,0.0
10200,Center Drive,0.0,0.0,0.0,0,(),0.0,0.0
10205,Center Drive,0.0,0.0,0.0,0,(),0.0,0.0
10210,Center Drive,0.0,0.0,0.0,0,(),0.0,0.0
10215,Center Drive,0.0,0.0,0.0,0,(),0.0,0.0
10220,Center Drive,0.0,0.0,0.0,0,(),0.0,0.0
10225,Center Drive,0.0,0.0,0.0,0,(),0.0,0.0
10230,Center Drive,0.0,0.0,0.0,0,(),0.0,0.0
10235,Center Drive,0.0,0.0,0.0,0,(),0.0,0.0
10240,Center Drive,0.0,0.0,0.0,0,(),0.0,0.0
10245,Center Drive,0.0,0.0,0.0,0,(),0.0,0.0
10250,Center Drive,0.0,0.0,0.0,0,(),0.0,0.0
10255,Center Drive,0.0,0.0,0.0,0,(),0.0,0.0
10260,Center Drive,0.0,0.0,0.0,0,(),0.0,0.0
10265,Center Drive,0.0,0.0,0.0,0,(),0.0,0.0
10270,Center Drive,0.0,0.0,0.0,0,(),0.0,0.0
10275,Center Drive,0.0,0.0,0.0,0,(),0.0,0.0
10280,Center Drive,0.0,0.0,0.0,0,(),0.0,0.0
10285,Center Drive,0.0,0.0,0.0,0,(),0.0,0.0
10290,Center Drive,0.0,0.0,0.0,0,(),0.0,0.0
10295,Center Drive,0.0,0.0,0.0,0,(),0.0,0.0
10300,Center Drive,0.0,0.0,0.0,0,(),0.0,0.0
10305,Center Drive,0.0,0.0,0.0,0,(),0.0,0.0
10310,Center Drive,0.0,0.0,0.0,0,(),0.0,0.0
10315,Center Drive,0.0,0.0,0.0,0,(),0.0,0.0
10320,Center Drive,0.0,0.0,0.0,0,(),0.0,0.0
10325,Center Drive,0.0,0.0,0.0,0,(),0.0,0.0
10330,Center Drive,0.0,0.0,0.0,0,(),0.0,0.0
10335,Center Drive,0.0,0.0,0.0,0,(),0.0,0.0
10340,Center Drive,0.0,0.0,0.0,0,(),0.0,0.0
10345,Center Drive,0.0,0.0,0.0,0,(),0.0,0.0
10350,Center Drive,0.0,0.0,0.0,0,(),0.0,0.0
10355,Center Drive,0.0,0.0,0.0,0,(),0.0,0.0
10360,Center Drive,0.0,0.0,0.0,0,(),0.0,0.0
10365,Center Drive,0.0,0.0,0.0,0,(),0.0,0.0
10370,Center Drive,0.0,0.0,0.0,0,(),0.0,0.0
10375,Center Drive,0.0,0.0,0.0,0,(),0.0,0.0
10380,Center Drive,0.0,0.0,0.0,0,(),0.0,0.0
10385,Center Drive,0.0,0.0,0.0,0,(),0.0,0.0
10390,Center Drive,0.0,0.0,0.0,0,(),0.0,0.0
10395,Center Drive,0.0,0.0,0.0,0,(),0.0,0.0
10400,Center Drive,0.0,0.0,0.0,0,(),0.0,0.0
10405,Center Drive,0.0,0.0,0.0,0,(),0.0,0.0
10410,Center Drive,0.0,0.0,0.0,0,(),0.0,0.0
10415,Center Drive,0.0,0.0,0.0,0,(),0.0,0.0
10420,Center Drive,0.0,0.0,0.0,0,(),0.0,0.0
10425,Center Drive,0.0,0.0,0.0,0,(),0.0,0.0
10430,Center Drive,0.0,0.0,0.0,0,(),0.0,0.0
10435,Center Drive,0.0,0.0,0.0,0,(),0.0,0.0
10440,Center Drive,0.0,0.0,0.0,0,(),0.0,0.0
10445,Center Drive,0.0,0.0,0.0,0,(),0.0,0.0
10450,Center Drive,0.0,0.0,0.0,0,(),0.0,0.0
10455,Center Drive,0.0,0.0,0.0,0,(),0.0,0.0
10460,Center Drive,0.0,0.0,0.0,0,(),0.0,0.0
10465,Center Drive,0.0,0.0,0.0,0,(),0.0,0.0
10470,Center Drive,0.0,0.0,0.0,0,(),0.0,0.0
10475,Center Drive,0.0,0.0,0.0,0,(),0.0,0.0
10480,Center Drive,0.0,0.0,0.0,0,(),0.0,0.0
10485,Center Drive,0.0,0.0,0.0,0,(),0.0,0.0
10490,Center Drive,0.0,0.0,0.0,0,(),0.0,0.0
10495,Center Drive,0.0,0.0,0.0,0,(),0.0,0.0
10500,Center Drive,0.0,0.0,0.0,0,(),0.0,0.0
10505,Center Drive,0.0,0.0,0.0,0,(),0.0,0.0
10510,Center Drive,0.0,0.0,0.0,0,(),0.0,0.0
10515,Center Drive,0.0,0.0,0.0,0,(),0.0,0.0
10520,Center Drive,0.0,0.0,0.0,0,(),0.0,0.0
10525,Center Drive,0.0,0.0,0.0,0,(),0.0,0.0
10530,Center Drive,0.0,0.0,0.0,0,(),0.0,0.0
10535,Center Drive,0.0,0.0,0.0,0,(),0.0,0.0
10540,Center Drive,0.0,0.0,0.0,0,(),0.0,0.0
10545,Center Drive,0.0,0.0,0.0,0,(),0.0,0.0
10550,Center Drive,0.0,0.0,0.0,0,(),0.0,0.0
10555,Center Drive,0.0,0.0,0.0,0,(),0.0,0.0
10560,Center Drive,0.0,0.0,0.0,0,(),0.0,0.0
10565,Center Drive,0.0,0.0,0.0,0,(),0.0,0.0
10570,Center Drive,0.0,0.0,0.0,0,(),0.0,0.0
10575,Center Drive,0.0,0.0,0.0,0,(),0.0,0.0
10580,Center Drive,0.0,0.0,0.0,0,(),0.0,0.0
10585,Center Drive,0.0,0.0,0.0,0,(),0.0,0.0
10590,Center Drive,0.0,0.0,0.0,0,(),0.0,0.0
10595,Center Drive,0.0,0.0,0.0,0,(),0.0,0.0
10600,Center Drive,0.0,0.0,0.0,0,(),0.0,0.0
10605,Center Drive,0.0,0.0,0.0,0,(),0.0,0.0
10610,Center Drive,0.0,0.0,0.0,0,(),0.0,0.0
10615,Center Drive,0.0,0.0,0.0,0,(),0.0,0.0
10620,Center Drive,0.0,0.0,0.0,0,(),0.0,0.0
10625,Center Drive,0.0,0.0,0.0,0,(),0.0,0.0
10630,Center Drive,0.0,0.0,0.0,0,(),0.0,0.0
10635,Center Drive,0.0,0.0,0.0,0,(),0.0,0.0
10640,Center Drive,0.0,0.0,0.0,0,(),0.0,0.0
10645,Center Drive,0.0,0.0,0.0,0,(),0.0,0.0
10650,Center Drive,0.0,0.0,0.0,0,(),0.0,0.0
10655,Center Drive,0.0,0.0,0.0,0,(),0.0,0.0
10660,Center Drive,0.0,0.0,0.0,0,(),0.0,0.0
10665,Center Drive,0.0,0.0,0.0,0,(),0.0,0.0
10670,Center Drive,0.0,0.0,0.0,0,(),0.0,0.0
10675,Center Drive,0.0,0.0,0.0,0,(),0.0,0.0
10680,Center Drive,0.0,0.0,0.0,0,(),0.0,0.0
10685,Center Drive,0.0,0.0,0.0,0,(),0.0,0.0
10690,Center Drive,0.0,0.0,0.0,0,(),0.0,0.0
10695,Center Drive,0.0,0.0,0.0,0,(),0.0,0.0
10700,Center Drive,0.0,0.0,0.0,0,(),0.0,0.0
10705,Center Drive,0.0,0.0,0.0,0,(),0.0,0.0
10710,Center Drive,0.0,0.0,0.0,0,(),0.0,0.0
10715,Center Drive,0.0,0.0,0.0,0,(),0.0,0.0
10720,Center Drive,0.0,0.0,0.0,0,(),0.0,0.0
10725,Center Drive,0.0,0.0,0.0,0,(),0.0,0.0
10730,Center Drive,0.0,0.0,0.0,0,(),0.0,0.0
10735,Center Drive,0.0,0.0,0.0,0,(),0.0,0.0
10740,Center Drive,0.0,0.0,0.0,0,(),0.0,0.0
10745,Center Drive,0.0,0.0,0.0,0,(),0.0,0.0
10750,Center Drive,0.0,0.0,0.0,0,(),0.0,0.0
10755,Center Drive,0.0,0.0,0.0,0,(),0.0,0.0
10760,Center Drive,0.0,0.0,0.0,0,(),0.0,0.0
10765,Center Drive,0.0,0.0,0.0,0,(),0.0,0.0
10770,Center Drive,0.0,0.0,0.0,0,(),0.0,0.0
10775,Center Drive,0.0,0.0,0.0,0,(),0.0,0.0
10780,Center Drive,0.0,0.0,0.0,0,(),0.0,0.0
10785,Center Drive,0.0,0.0,0.0,0,(),0.0,0.0
10790,Center Drive,0.0,0.0,0.0,0,(),0.0,0.0
10795,Center Drive,0.0,0.0,0.0,0,(),0.0,0.0
10800,Center Drive,0.0,0.0,0.0,0,(),0.0,0.0
10805,Center Drive,0.0,0.0,0.0,0,(),0.0,0.0
10810,Center Drive,0.0,0.0,0.0,0,(),0.0,0.0
10815,Center Drive,0.0,0.0,0.0,0,(),0.0,0.0
10820,Center Drive,0.0,0.0,0.0,0,(),0.0,0.0
10825,Center Drive,0.0,0.0,0.0,0,(),0.0,0.0
10830,Center Drive,0.0,0.0,0.0,0,(),0.0,0.0
10835,Center Drive,0.0,0.0,0.0,0,(),0.0,0.0
10840,Center Drive,0.0,0.0,0.0,0,(),0.0,0.0
10845,Center Drive,0.0,0.0,0.0,0,(),0.0,0.0
10850,Center Drive,0.0,0.0,0.0,0,(),0.0,0.0
10855,Center Drive,0.0,0.0,0.0,0,(),0.0,0.0
10860,Center Drive,0.0,0.0,0.0,0,(),0.0,0.0
10865,Center Drive,0.0,0.0,0.0,0,(),0.0,0.0
10870,Center Drive,0.0,0.0,0.0,0,(),0.0,0.0
10875,Center Drive,0.0,0.0,0.0,0,(),0.0,0.0
10880,Center Drive,0.0,0.0,0.0,0,(),0.0,0.0
10885,Center Drive,0.0,0.0,0.0,0,(),0.0,0.0
10890,Center Drive,0.0,0.0,0.0,0,(),0.0,0.0
10895,Center Drive,0.0,0.0,0.0,0,(),0.0,0.0
10900,Center Drive,0.0,0.0,0.0,0,(),0.0,0.0
10905,Center Drive,0.0,0.0,0.0,0,(),0.0,0.0
10910,Center Drive,0.0,0.0,0.0,0,(),0.0,0.0
10915,Center Drive,0.0,0.0,0.0,0,(),0.0,0.0
10920,Center Drive,0.0,0.0,0.0,0,(),0.0,0.0
10925,Center Drive,0.0,0.0,0.0,0,(),0.0,0.0
10930,Center Drive,0.0,0.0,0.0,0,(),0.0,0.0
10935,Center Drive,0.0,0.0,0.0,0,(),0.0,0.0
10940,Center Drive,0.0,0.0,0.0,0,(),0.0,0.0
10945,Center Drive,0.0,0.0,0.0,0,(),0.0,0.0
10950,Center Drive,0.0,0.0,0.0,0,(),0.0,0.0
10955,Center Drive,0.0,0.0,0.0,0,(),0.0,0.0
10960,Center Drive,0.0,0.0,0.0,0,(),0.0,0.0
10965,Center Drive,0.0,0.0,0.0,0,(),0.0,0.0
10970,Center Drive,0.0,0.0,0.0,0,(),0.0,0.0
10975,Center Drive,0.0,0.0,0.0,0,(),0.0,0.0
10980,Center Drive,0.0,0.0,0.0,0,(),0.0,0.0
10985,Center Drive,0.0,0.0,0.0,0,(),0.0,0.0
10990,Center Drive,0.0,0.0,0.0,0,(),0.0,0.0
10995,Center Drive,0.0,0.0,0.0,0,(),0.0,0.0
11000,Center Drive,0.0,0.0,0.0,0,(),0.0,0.0
11005,Center Drive,0.0,0.0,0.0,0,(),0.0,0.0
11010,Center Drive,0.0,0.0,0.0,0,(),0.0,0.0
11015,Center Drive,0.0,0.0,0.0,0,(),0.0,0.0
11020,Center Drive,0.0,0.0,0.0,0,(),0.0,0.0
11025,Center Drive,0.0,0.0,0.0,0,(),0.0,0.0
11030,Center Drive,0.0,0.0,0.0,0,(),0.0,0.0
11035,Center Drive,0.0,0.0,0.0,0,(),0.0,0.0
11040,Center Drive,0.0,0.0,0.0,0,(),0.0,0.0
11045,Center Drive,0.0,0.0,0.0,0,(),0.0,0.0
11050,Center Drive,0.0,0.0,0.0,0,(),0.0,0.0
11055,Center Drive,0.0,0.0,0.0,0,(),0.0,0.0
11060,Center Drive,0.0,0.0,0.0,0,(),0.0,0.0
11065,Center Drive,0.0,0.0,0.0,0,(),0.0,0.0
11070,Center Drive,0.0,0.0,0.0,0,(),0.0,0.0
11075,Center Drive,0.0,0.0,0.0,0,(),0.0,0.0
11080,Center Drive,0.0,0.0,0.0,0,(),0.0,0.0
11085,Center Drive,0.0,0.0,0.0,0,(),0.0,0.0
11090,Center Drive,0.0,0.0,0.0,0,(),0.0,0.0
11095,Center Drive,0.0,0.0,0.0,0,(),0.0,0.0
11100,Center Drive,0.0,0.0,0.0,0,(),0.0,0.0
11105,Center Drive,0.0,0.0,0.0,0,(),0.0,0.0
11110,Center Drive,0.0,0.0,0.0,0,(),0.0,0.0
11115,Center Drive,0.0,0.0,0.0,0,(),0.0,0.0
11120,Center Drive,0.0,0.0,0.0,0,(),0.0,0.0
11125,Center Drive,0.0,0.0,0.0,0,(),0.0,0.0
11130,Center Drive,0.0,0.0,0.0,0,(),0.0,0.0
11135,Center Drive,0.0,0.0,0.0,0,(),0.0,0.0
11140,Center Drive,0.0,0.0,0.0,0,(),0.0,0.0
11145,Center Drive,0.0,0.0,0.0,0,(),0.0,0.0
11150,Center Drive,0.0,0.0,0.0,0,(),0.0,0.0
11155,Center Drive,0.0,0.0,0.0,0,(),0.0,0.0
11160,Center Drive,0.0,0.0,0.0,0,(),0.0,0.0
11165,Center Drive,0.0,0.0,0.0,0,(),0.0,0.0
11170,Center Drive,0.0,0.0,0.0,0,(),0.0,0.0
11175,Center Drive,0.0,0.0,0.0,0,(),0.0,0.0
11180,Center Drive,0.0,0.0,0.0,0,(),0.0,0.0
11185,Center Drive,0.0,0.0,0.0,0,(),0.0,0.0
11190,Center Drive,0.0,0.0,0.0,0,(),0.0,0.0
11195,Center Drive,0.0,0.0,0.0,0,(),0.0,0.0
11200,Center Drive,0.0,0.0,0.0,0,(),0.0,0.0
11205,Center Drive,0.0,0.0,0.0,0,(),0.0,0.0
11210,Center Drive,0.0,0.0,0.0,0,(),0.0,0.0
11215,Center Drive,0.0,0.0,0.0,0,(),0.0,0.0
11220,Center Drive,0.0,0.0,0.0,0,(),0.0,0.0
11225,Center Drive,0.0,0.0,0.0,0,(),0.0,0.0
11230,Center Drive,0.0,0.0,0.0,0,(),0.0,0.0
11235,Center Drive,0.0,0.0,0.0,0,(),0.0,0.0
11240,Center Drive,0.0,0.0,0.0,0,(),0.0,0.0
11245,Center Drive,0.0,0.0,0.0,0,(),0.0,0.0
11250,Center Drive,0.0,0.0,0.0,0,(),0.0,0.0
11255,Center Drive,0.0,0.0,0.0,0,(),0.0,0.0
11260,Center Drive,0.0,0.0,0.0,0,(),0.0,0.0
11265,Center Drive,0.0,0.0,0.0,0,(),0.0,0.0
11270,Center Drive,0.0,0.0,0.0,0,(),0.0,0.0
11275,Center Drive,0.0,0.0,0.0,0,(),0.0,0.0
11280,Center Drive,0.0,0.0,0.0,0,(),0.0,0.0
11285,Center Drive,0.0,0.0,0.0,0,(),0.0,0.0
11290,Center Drive,0.0,0.0,0.0,0,(),0.0,0.0
11295,Center Drive,0.0,0.0,0.0,0,(),0.0,0.0
11300,Center Drive,0.0,0.0,0.0,0,(),0.0,0.0
11305,Center Drive,0.0,0.0,0.0,0,(),0.0,0.0
11310,Center Drive,0.0,0.0,0.0,0,(),0.0,0.0
11315,Center Drive,0.0,0.0,0.0,0,(),0.0,0.0
11320,Center Drive,0.0,0.0,0.0,0,(),0.0,0.0
11325,Center Drive,0.0,0.0,0.0,0,(),0.0,0.0
11330,Center Drive,0.0,0.0,0.0,0,(),0.0,0.0
11335,Center Drive,0.0,0.0,0.0,0,(),0.0,0.0
11340,Center Drive,0.0,0.0,0.0,0,(),0.0,0.0
11345,Center Drive,0.0,0.0,0.0,0,(),0.0,0.0
11350,Center Drive,0.0,0.0,0.0,0,(),0.0,0.0
11355,Center Drive,0.0,0.0,0.0,0,(),0.0,0.0
11360,Center Drive,0.0,0.0,0.0,0,(),0.0,0.0
11365,Center Drive,0.0,0.0,0.0,0,(),0.0,0.0
11370,Center Drive,0.0,0.0,0.0,0,(),0.0,0.0
11375,Center Drive,0.0,0.0,0.0,0,(),0.0,0.0
11380,Center Drive,0.0,0.0,0.0,0,(),0.0,0.0
11385,Center Drive,0.0,0.0,0.0,0,(),0.0,0.0
11390,Center Drive,0.0,0.0,0.0,0,(),0.0,0.0
11395,Center Drive,0.0,0.0,0.0,0,(),0.0,0.0
11400,Center Drive,0.0,0.0,0.0,0,(),0.0,0.0
11405,Center Drive,0.0,0.0,0.0,0,(),0.0,0.0
11410,Center Drive,0.0,0.0,0.0,0,(),0.0,0.0
11415,Center Drive,0.0,0.0,0.0,0,(),0.0,0.0
11420,Center Drive,0.0,0.0,0.0,0,(),0.0,0.0
11425,Center Drive,0.0,0.0,0.0,0,(),0.0,0.0
11430,Center Drive,0.0,0.0,0.0,0,(),0.0,0.0
11435,Center Drive,0.0,0.0,0.0,0,(),0.0,0.0
11440,Center Drive,0.0,0.0,0.0,0,(),0.0,0.0
11445,Center Drive,0.0,0.0,0.0,0,(),0.0,0.0
11450,Center Drive,0.0,0.0,0.0,0,(),0.0,0.0
11455,Center Drive,0.0,0.0,0.0,0,(),0.0,0.0
11460,Center Drive,0.0,0.0,0.0,0,(),0.0,0.0
11465,Center Drive,0.0,0.0,0.0,0,(),0.0,0.0
11470,Center Drive,0.0,0.0,0.0,0,(),0.0,0.0
11475,Center Drive,0.0,0.0,0.0,0,(),0.0,0.0
11480,Center Drive,0.0,0.0,0.0,0,(),0.0,0.0
11485,Center Drive,0.0,0.0,0.0,0,(),0.0,0.0
11490,Center Drive,0.0,0.0,0.0,0,(),0.0,0.0
11495,Center Drive,0.0,0.0,0.0,0,(),0.0,0.0
11500,Center Drive,0.0,0.0,0.0,0,(),0.0,0.0
11505,Center Drive,0.0,0.0,0.0,0,(),0.0,0.0
11510,Center Drive,0.0,0.0,0.0,0,(),0.0,0.0
11515,Center Drive,0.0,0.0,0.0,0,(),0.0,0.0
11520,Center Drive,0.0,0.0,0.0,0,(),0.0,0.0
11525,Center Drive,0.0,0.0,0.0,0,(),0.0,0.0
11530,Center Drive,0.0,0.0,0.0,0,(),0.0,0.0
11535,Center Drive,0.0,0.0,0.0,0,(),0.0,0.0
11540,Center Drive,0.0,0.0,0.0,0,(),0.0,0.0
11545,Center Drive,0.0,0.0,0.0,0,(),0.0,0.0
11550,Center Drive,0.0,0.0,0.0,0,(),0.0,0.0
11555,Center Drive,0.0,0.0,0.0,0,(),0.0,0.0
11560,Center Drive,0.0,0.0,0.0,0,(),0.0,0.0
11565,Center Drive,0.0,0.0,0.0,0,(),0.0,0.0
11570,Center Drive,0.0,0.0,0.0,0,(),0.0,0.0
11575,Center Drive,0.0,0.0,0.0,0,(),0.0,0.0
11580,Center Drive,0.0,0.0,0.0,0,(),0.0,0.0
11585,Center Drive,0.0,0.0,0.0,0,(),0.0,0.0
11590,Center Drive,0.0,0.0,0.0,0,(),0.0,0.0
11595,Center Drive,0.0,0.0,0.0,0,(),0.0,0.0
11600,Center Drive,0.0,0.0,0.0,0,(),0.0,0.0
11605,Center Drive,0.0,0.0,0.0,0,(),0.0,0.0
11610,Center Drive,0.0,0.0,0.0,0,(),0.0,0.0
11615,Center Drive,0.0,0.0,0.0,0,(),0.0,0.0
11620,Center Drive,0.0,0.0,0.0,0,(),0.0,0.0
11625,Center Drive,0.0,0.0,0.0,0,(),0.0,0.0
11630,Center Drive,0.0,0.0,0.0,0,(),0.0,0.0
11635,Center Drive,0.0,0.0,0.0,0,(),0.0,0.0
11640,Center Drive,0.0,0.0,0.0,0,(),0.0,0.0
11645,Center Drive,0.0,0.0,0.0,0,(),0.0,0.0
11650,Center Drive,0.0,0.0,0.0,0,(),0.0,0.0
11655,Center Drive,0.0,0.0,0.0,0,(),0.0,0.0
11660,Center Drive,0.0,0.0,0.0,0,(),0.0,0.0
11665,Center Drive,0.0,0.0,0.0,0,(),0.0,0.0
11670,Center Drive,0.0,0.0,0.0,0,(),0.0,0.0
11675,Center Drive,0.0,0.0,0.0,0,(),0.0,0.0
11680,Center Drive,0.0,0.0,0.0,0,(),0.0,0.0
11685,Center Drive,0.0,0.0,0.0,0,(),0.0,0.0
11690,Center Drive,0.0,0.0,0.0,0,(),0.0,0.0
11695,Center Drive,0.0,0.0,0.0,0,(),0.0,0.0
11700,Center Drive,0.0,0.0,0.0,0,(),0.0,0.0
11705,Center Drive,0.0,0.0,0.0,0,(),0.0,0.0
11710,Center Drive,0.0,0.0,0.0,0,(),0.0,0.0
11715,Center Drive,0.0,0.0,0.0,0,(),0.0,0.0
11720,Center Drive,0.0,0.0,0.0,0,(),0.0,0.0
11725,Center Drive,0.0,0.0,0.0,0,(),0.0,0.0
11730,Center Drive,0.0,0.0,0.0,0,(),0.0,0.0
11735,Center Drive,0.0,0.0,0.0,0,(),0.0,0.0
11740,Center Drive,0.0,0.0,0.0,0,(),0.0,0.0
11745,Center Drive,0.0,0.0,0.0,0,(),0.0,0.0
11750,Center Drive,0.0,0.0,0.0,0,(),0.0,0.0
11755,Center Drive,0.0,0.0,0.0,0,(),0.0,0.0
11760,Center Drive,0.0,0.0,0.0,0,(),0.0,0.0
11765,Center Drive,0.0,0.0,0.0,0,(),0.0,0.0
11770,Center Drive,0.0,0.0,0.0,0,(),0.0,0.0
11775,Center Drive,0.0,0.0,0.0,0,(),0.0,0.0
11780,Center Drive,0.0,0.0,0.0,0,(),0.0,0.0
11785,Center Drive,0.0,0.0,0.0,0,(),0.0,0.0
11790,Center Drive,0.0,0.0,0.0,0,(),0.0,0.0
11795,Center Drive,0.0,0.0,0.0,0,(),0.0,0.0
11800,Center Drive,0.0,0.0,0.0,0,(),0.0,0.0
11805,Center Drive,0.0,0.0,0.0,0,(),0.0,0.0
11810,Center Drive,0.0,0.0,0.0,0,(),0.0,0.0
11815,Center Drive,0.0,0.0,0.0,0,(),0.0,0.0
11820,Center Drive,0.0,0.0,0.0,0,(),0.0,0.0
11825,Center Drive,0.0,0.0,0.0,0,(),0.0,0.0
11830,Center Drive,0.0,0.0,0.0,0,(),0.0,0.0
11835,Center Drive,0.0,0.0,0.0,0,(),0.0,0.0
11840,Center Drive,0.0,0.0,0.0,0,(),0.0,0.0
11845,Center Drive,0.0,0.0,0.0,0,(),0.0,0.0
11850,Center Drive,0.0,0.0,0.0,0,(),0.0,0.0
11855,Center Drive,0.0,0.0,0.0,0,(),0.0,0.0
11860,Center Drive,0.0,0.0,0.0,0,(),0.0,0.0
11865,Center Drive,0.0,0.0,0.0,0,(),0.0,0.0
11870,Center Drive,0.0,0.0,0.0,0,(),0.0,0.0
11875,Center Drive,0.0,0.0,0.0,0,(),0.0,0.0
11880,Center Drive,0.0,0.0,0.0,0,(),0.0,0.0
11885,Center Drive,0.0,0.0,0.0,0,(),0.0,0.0
11890,Center Drive,0.0,0.0,0.0,0,(),0.0,0.0
11895,Center Drive,0.0,0.0,0.0,0,(),0.0,0.0
11900,Center Drive,0.0,0.0,0.0,0,(),0.0,0.0
11905,Center Drive,0.0,0.0,0.0,0,(),0.0,0.0
11910,Center Drive,0.0,0.0,0.0,0,(),0.0,0.0
11915,Center Drive,0.0,0.0,0.0,0,(),0.0,0.0
11920,Center Drive,0.0,0.0,0.0,0,(),0.0,0.0
11925,Center Drive,0.0,0.0,0.0,0,(),0.0,0.0
11930,Center Drive,0.0,0.0,0.0,0,(),0.0,0.0
11935,Center Drive,0.0,0.0,0.0,0,(),0.0,0.0
11940,Center Drive,0.0,0.0,0.0,0,(),0.0,0.0
11945,Center Drive,0.0,0.0,0.0,0,(),0.0,0.0
11950,Center Drive,0.0,0.0,0.0,0,(),0.0,0.0
11955,Center Drive,0.0,0.0,0.0,0,(),0.0,0.0
11960,Center Drive,0.0,0.0,0.0,0,(),0.0,0.0
11965,Center Drive,0.0,0.0,0.0,0,(),0.0,0.0
11970,Center Drive,0.0,0.0,0.0,0,(),0.0,0.0
11975,Center Drive,0.0,0.0,0.0,0,(),0.0,0.0
11980,Center Drive,0.0,0.0,0.0,0,(),0.0,0.0
11985,Center Drive,0.0,0.0,0.0,0,(),0.0,0.0
11990,Center Drive,0.0,0.0,0.0,0,(),0.0,0.0
11995,Center Drive,0.0,0.0,0.0,0,(),0.0,0.0
12000,Center Drive,0.0,0.0,0.0,0,(),0.0,0.0
12005,Center Drive,0.0,0.0,0.0,0,(),0.0,0.0
12010,Center Drive,0.0,0.0,0.0,0,(),0.0,0.0
12015,Center Drive,0.0,0.0,0.0,0,(),0.0,0.0
12020,Center Drive,0.0,0.0,0.0,0,(),0.0,0.0
12025,Center Drive,0.0,0.0,0.0,0,(),0.0,0.0
12030,Center Drive,0.0,0.0,0.0,0,(),0.0,0.0
12035,Center Drive,0.0,0.0,0.0,0,(),0.0,0.0
12040,Center Drive,0.0,0.0,0.0,0,(),0.0,0.0
12045,Center Drive,0.0,0.0,0.0,0,(),0.0,0.0
12050,Center Drive,0.0,0.0,0.0,0,(),0.0,0.0
12055,Center Drive,0.0,0.0,0.0,0,(),0.0,0.0
12060,Center Drive,0.0,0.0,0.0,0,(),0.0,0.0
12065,Center Drive,0.0,0.0,0.0,0,(),0.0,0.0
12070,Center Drive,0.0,0.0,0.0,0,(),0.0,0.0
12075,Center Drive,0.0,0.0,0.0,0,(),0.0,0.0
12080,Center Drive,0.0,0.0,0.0,0,(),0.0,0.0
12085,Center Drive,0.0,0.0,0.0,0,(),0.0,0.0
12090,Center Drive,0.0,0.0,0.0,0,(),0.0,0.0
12095,Center Drive,0.0,0.0,0.0,0,(),0.0,0.0
12100,Center Drive,0.0,0.0,0.0,0,(),0.0,0.0
12105,Center Drive,0.0,0.0,0.0,0,(),0.0,0.0
12110,Center Drive,0.0,0.0,0.0,0,(),0.0,0.0
12115,Center Drive,0.0,0.0,0.0,0,(),0.0,0.0
12120,Center Drive,0.0,0.0,0.0,0,(),0.0,0.0
12125,Center Drive,0.0,0.0,0.0,0,(),0.0,0.0
12130,Center Drive,0.0,0.0,0.0,0,(),0.0,0.0
12135,Center Drive,0.0,0.0,0.0,0,(),0.0,0.0
12140,Center Drive,0.0,0.0,0.0,0,(),0.0,0.0
12145,Center Drive,0.0,0.0,0.0,0,(),0.0,0.0
12150,Center Drive,0.0,0.0,0.0,0,(),0.0,0.0
12155,Center Drive,0.0,0.0,0.0,0,(),0.0,0.0
12160,Center Drive,0.0,0.0,0.0,0,(),0.0,0.0
12165,Center Drive,0.0,0.0,0.0,0,(),0.0,0.0
12170,Center Drive,0.0,0.0,0.0,0,(),0.0,0.0
12175,Center Drive,0.0,0.0,0.0,0,(),0.0,0.0
12180,Center Drive,0.0,0.0,0.0,0,(),0.0,0.0
12185,Center Drive,0.0,0.0,0.0,0,(),0.0,0.0
12190,Center Drive,0.0,0.0,0.0,0,(),0.0,0.0
12195,Center Drive,0.0,0.0,0.0,0,(),0.0,0.0
12200,Center Drive,0.0,0.0,0.0,0,(),0.0,0.0
12205,Center Drive,0.0,0.0,0.0,0,(),0.0,0.0
12210,Center Drive,0.0,0.0,0.0,0,(),0.0,0.0
12215,Center Drive,0.0,0.0,0.0,0,(),0.0,0.0
12220,Center Drive,0.0,0.0,0.0,0,(),0.0,0.0
12225,Center Drive,0.0,0.0,0.0,0,(),0.0,0.0
12230,Center Drive,0.0,0.0,0.0,0,(),0.0,0.0
12235,Center Drive,0.0,0.0,0.0,0,(),0.0,0.0
12240,Center Drive,0.0,0.0,0.0,0,(),0.0,0.0
12245,Center Drive,0.0,0.0,0.0,0,(),0.0,0.0
12250,Center Drive,0.0,0.0,0.0,0,(),0.0,0.0
12255,Center Drive,0.0,0.0,0.0,0,(),0.0,0.0
12260,Center Drive,0.0,0.0,0.0,0,(),0.0,0.0
12265,Center Drive,0.0,0.0,0.0,0,(),0.0,0.0
12270,Center Drive,0.0,0.0,0.0,0,(),0.0,0.0
12275,Center Drive,0.0,0.0,0.0,0,(),0.0,0.0
12280,Center Drive,0.0,0.0,0.0,0,(),0.0,0.0
12285,Center Drive,0.0,0.0,0.0,0,(),0.0,0.0
12290,Center Drive,0.0,0.0,0.0,0,(),0.0,0.0
12295,Center Drive,0.0,0.0,0.0,0,(),0.0,0.0
12300,Center Drive,0.0,0.0,0.0,0,(),0.0,0.0
12305,Center Drive,0.0,0.0,0.0,0,(),0.0,0.0
12310,Center Drive,0.0,0.0,0.0,0,(),0.0,0.0
12315,Center Drive,0.0,0.0,0.0,0,(),0.0,0.0
12320,Center Drive,0.0,0.0,0.0,0,(),0.0,0.0
12325,Center Drive,0.0,0.0,0.0,0,(),0.0,0.0
12330,Center Drive,0.0,0.0,0.0,0,(),0.0,0.0
12335,Center Drive,0.0,0.0,0.0,0,(),0.0,0.0
12340,Center Drive,0.0,0.0,0.0,0,(),0.0,0.0
12345,Center Drive,0.0,0.0,0.0,0,(),0.0,0.0
12350,Center Drive,0.0,0.0,0.0,0,(),0.0,0.0
12355,Center Drive,0.0,0.0,0.0,0,(),0.0,0.0
12360,Center Drive,0.0,0.0,0.0,0,(),0.0,0.0
12365,Center Drive,0.0,0.0,0.0,0,(),0.0,0.0
12370,Center Drive,0.0,0.0,0.0,0,(),0.0,0.0
12375,Center Drive,0.0,0.0,0.0,0,(),0.0,0.0
12380,Center Drive,0.0,0.0,0.0,0,(),0.0,0.0
12385,Center Drive,0.0,0.0,0.0,0,(),0.0,0.0
12390,Center Drive,0.0,0.0,0.0,0,(),0.0,0.0
12395,Center Drive,0.0,0.0,0.0,0,(),0.0,0.0
12400,Center Drive,0.0,0.0,0.0,0,(),0.0,0.0
12405,Center Drive,0.0,0.0,0.0,0,(),0.0,0.0
12410,Center Drive,0.0,0.0,0.0,0,(),0.0,0.0
12415,Center Drive,0.0,0.0,0.0,0,(),0.0,0.0
12420,Center Drive,0.0,0.0,0.0,0,(),0.0,0.0
12425,Center Drive,0.0,0.0,0.0,0,(),0.0,0.0
12430,Center Drive,0.0,0.0,0.0,0,(),0.0,0.0
12435,Center Drive,0.0,0.0,0.0,0,(),0.0,0.0
12440,Center Drive,0.0,0.0,0.0,0,(),0.0,0.0
12445,Center Drive,0.0,0.0,0.0,0,(),0.0,0.0
12450,Center Drive,0.0,0.0,0.0,0,(),0.0,0.0
12455,Center Drive,0.0,0.0,0.0,0,(),0.0,0.0
12460,Center Drive,0.0,0.0,0.0,0,(),0.0,0.0
12465,Center Drive,0.0,0.0,0.0,0,(),0.0,0.0
12470,Center Drive,0.0,0.0,0.0,0,(),0.0,0.0
12475,Center Drive,0.0,0.0,0.0,0,(),0.0,0.0
12480,Center Drive,0.0,0.0,0.0,0,(),0.0,0.0
12485,Center Drive,0.0,0.0,0.0,0,(),0.0,0.0
12490,Center Drive,0.0,0.0,0.0,0,(),0.0,0.0
12495,Center Drive,0.0,0.0,0.0,0,(),0.0,0.0
12500,Center Drive,0.0,0.0,0.0,0,(),0.0,0.0
12505,Center Drive,0.0,0.0,0.0,0,(),0.0,0.0
12510,Center Drive,0.0,0.0,0.0,0,(),0.0,0.0
12515,Center Drive,0.0,0.0,0.0,0,(),0.0,0.0
12520,Center Drive,0.0,0.0,0.0,0,(),0.0,0.0
12525,Center Drive,0.0,0.0,0.0,0,(),0.0,0.0
12530,Center Drive,0.0,0.0,0.0,0,(),0.0,0.0
12535,Center Drive,0.0,0.0,0.0,0,(),0.0,0.0
12540,Center Drive,0.0,0.0,0.0,0,(),0.0,0.0
12545,Center Drive,0.0,0.0,0.0,0,(),0.0,0.0
12550,Center Drive,0.0,0.0,0.0,0,(),0.0,0.0
12555,Center Drive,0.0,0.0,0.0,0,(),0.0,0.0
12560,Center Drive,0.0,0.0,0.0,0,(),0.0,0.0
12565,Center Drive,0.0,0.0,0.0,0,(),0.0,0.0
12570,Center Drive,0.0,0.0,0.0,0,(),0.0,0.0
12575,Center Drive,0.0,0.0,0.0,0,(),0.0,0.0
12580,Center Drive,0.0,0.0,0.0,0,(),0.0,0.0
12585,Center Drive,0.0,0.0,0.0,0,(),0.0,0.0
12590,Center Drive,0.0,0.0,0.0,0,(),0.0,0.0
12595,Center Drive,0.0,0.0,0.0,0,(),0.0,0.0
12600,Center Drive,0.0,0.0,0.0,0,(),0.0,0.0
12605,Center Drive,0.0,0.0,0.0,0,(),0.0,0.0
12610,Center Drive,0.0,0.0,0.0,0,(),0.0,0.0
12615,Center Drive,0.0,0.0,0.0,0,(),0.0,0.0
12620,Center Drive,0.0,0.0,0.0,0,(),0.0,0.0
12625,Center Drive,0.0,0.0,0.0,0,(),0.0,0.0
12630,Center Drive,0.0,0.0,0.0,0,(),0.0,0.0
12635,Center Drive,0.0,0.0,0.0,0,(),0.0,0.0
12640,Center Drive,0.0,0.0,0.0,0,(),0.0,0.0
12645,Center Drive,0.0,0.0,0.0,0,(),0.0,0.0
12650,Center Drive,0.0,0.0,0.0,0,(),0.0,0.0
12655,Center Drive,0.0,0.0,0.0,0,(),0.0,0.0
12660,Center Drive,0.0,0.0,0.0,0,(),0.0,0.0
12665,Center Drive,0.0,0.0,0.0,0,(),0.0,0.0
12670,Center Drive,0.0,0.0,0.0,0,(),0.0,0.0
12675,Center Drive,0.0,0.0,0.0,0,(),0.0,0.0
12680,Center Drive,0.0,0.0,0.0,0,(),0.0,0.0
12685,Center Drive,0.0,0.0,0.0,0,(),0.0,0.0
12690,Center Drive,0.0,0.0,0.0,0,(),0.0,0.0
12695,Center Drive,0.0,0.0,0.0,0,(),0.0,0.0
12700,Center Drive,0.0,0.0,0.0,0,(),0.0,0.0
12705,Center Drive,0.0,0.0,0.0,0,(),0.0,0.0
12710,Center Drive,0.0,0.0,0.0,0,(),0.0,0.0
12715,Center Drive,0.0,0.0,0.0,0,(),0.0,0.0
12720,Center Drive,0.0,0.0,0.0,0,(),0.0,0.0
12725,Center Drive,0.0,0.0,0.0,0,(),0.0,0.0
12730,Center Drive,0.0,0.0,0.0,0,(),0.0,0.0
12735,Center Drive,0.0,0.0,0.0,0,(),0.0,0.0
12740,Center Drive,0.0,0.0,0.0,0,(),0.0,0.0
12745,Center Drive,0.0,0.0,0.0,0,(),0.0,0.0
12750,Center Drive,0.0,0.0,0.0,0,(),0.0,0.0
12755,Center Drive,0.0,0.0,0.0,0,(),0.0,0.0
12760,Center Drive,0.0,0.0,0.0,0,(),0.0,0.0
12765,Center Drive,0.0,0.0,0.0,0,(),0.0,0.0
12770,Center Drive,0.0,0.0,0.0,0,(),0.0,0.0
12775,Center Drive,0.0,0.0,0.0,0,(),0.0,0.0
12780,Center Drive,0.0,0.0,0.0,0,(),0.0,0.0
12785,Center Drive,0.0,0.0,0.0,0,(),0.0,0.0
12790,Center Drive,0.0,0.0,0.0,0,(),0.0,0.0
12795,Center Drive,0.0,0.0,0.0,0,(),0.0,0.0
12800,Center Drive,0.0,0.0,0.0,0,(),0.0,0.0
12805,Center Drive,0.0,0.0,0.0,0,(),0.0,0.0
12810,Center Drive,0.0,0.0,0.0,0,(),0.0,0.0
12815,Center Drive,0.0,0.0,0.0,0,(),0.0,0.0
12820,Center Drive,0.0,0.0,0.0,0,(),0.0,0.0
12825,Center Drive,0.0,0.0,0.0,0,(),0.0,0.0
12830,Center Drive,0.0,0.0,0.0,0,(),0.0,0.0
12835,Center Drive,0.0,0.0,0.0,0,(),0.0,0.0
12840,Center Drive,0.0,0.0,0.0,0,(),0.0,0.0
12845,Center Drive,0.0,0.0,0.0,0,(),0.0,0.0
12850,Center Drive,0.0,0.0,0.0,0,(),0.0,0.0
12855,Center Drive,0.0,0.0,0.0,0,(),0.0,0.0
12860,Center Drive,0.0,0.0,0.0,0,(),0.0,0.0
12865,Center Drive,0.0,0.0,0.0,0,(),0.0,0.0
12870,Center Drive,0.0,0.0,0.0,0,(),0.0,0.0
12875,Center Drive,0.0,0.0,0.0,0,(),0.0,0.0
12880,Center Drive,0.0,0.0,0.0,0,(),0.0,0.0
12885,Center Drive,0.0,0.0,0.0,0,(),0.0,0.0
12890,Center Drive,0.0,0.0,0.0,0,(),0.0,0.0
12895,Center Drive,0.0,0.0,0.0,0,(),0.0,0.0
12900,Center Drive,0.0,0.0,0.0,0,(),0.0,0.0
12905,Center Drive,0.0,0.0,0.0,0,(),0.0,0.0
12910,Center Drive,0.0,0.0,0.0,0,(),0.0,0.0
12915,Center Drive,0.0,0.0,0.0,0,(),0.0,0.0
12920,Center Drive,0.0,0.0,0.0,0,(),0.0,0.0
12925,Center Drive,0.0,0.0,0.0,0,(),0.0,0.0
12930,Center Drive,0.0,0.0,0.0,0,(),0.0,0.0
12935,Center Drive,0.0,0.0,0.0,0,(),0.0,0.0
12940,Center Drive,0.0,0.0,58.70589160163645,1,(),0.0,0.0
12945,Center Drive,0.0,0.0,0.0,0,(),0.0,0.0
12950,Center Drive,0.0,0.0,0.0,0,(),0.0,0.0
12955,Center Drive,0.0,0.0,0.0,0,(),0.0,0.0
12960,Center Drive,0.0,0.0,0.0,0,(),0.0,0.0
12965,Center Drive,0.0,0.0,0.0,0,(),0.0,0.0
12970,Center Drive,0.0,0.0,0.0,0,(),0.0,0.0
12975,Center Drive,0.0,0.0,0.0,0,(),0.0,0.0
12980,Center Drive,0.0,0.0,0.0,0,(),0.0,0.0
12985,Center Drive,0.0,0.0,0.0,0,(),0.0,0.0
12990,Center Drive,0.0,0.0,0.0,0,(),0.0,0.0
12995,Center Drive,0.0,0.0,0.0,0,(),0.0,0.0
13000,Center Drive,0.0,0.0,0.0,0,(),0.0,0.0
13005,Center Drive,0.0,0.0,0.0,0,(),0.0,0.0
13010,Center Drive,0.0,0.0,0.0,0,(),0.0,0.0
13015,Center Drive,0.0,0.0,0.0,0,(),0.0,0.0
13020,Center Drive,0.0,0.0,0.0,0,(),0.0,0.0
13025,Center Drive,0.0,0.0,0.0,0,(),0.0,0.0
13030,Center Drive,0.0,0.0,0.0,0,(),0.0,0.0
13035,Center Drive,0.0,0.0,0.0,0,(),0.0,0.0
13040,Center Drive,0.0,0.0,0.0,0,(),0.0,0.0
13045,Center Drive,0.0,0.0,0.0,0,(),0.0,0.0
13050,Center Drive,0.0,0.0,0.0,0,(),0.0,0.0
13055,Center Drive,0.0,0.0,0.0,0,(),0.0,0.0
13060,Center Drive,0.0,0.0,0.0,0,(),0.0,0.0
13065,Center Drive,0.0,0.0,0.0,0,(),0.0,0.0
13070,Center Drive,0.0,0.0,0.0,0,(),0.0,0.0
13075,Center Drive,0.0,0.0,0.0,0,(),0.0,0.0
13080,Center Drive,0.0,0.0,0.0,0,(),0.0,0.0
13085,Center Drive,0.0,0.0,0.0,0,(),0.0,0.0
13090,Center Drive,0.0,0.0,0.0,0,(),0.0,0.0
13095,Center Drive,0.0,0.0,0.0,0,(),0.0,0.0
13100,Center Drive,0.0,0.0,0.0,0,(),0.0,0.0
13105,Center Drive,0.0,0.0,0.0,0,(),0.0,0.0
13110,Center Drive,0.0,0.0,0.0,0,(),0.0,0.0
13115,Center Drive,0.0,0.0,0.0,0,(),0.0,0.0
13120,Center Drive,0.0,0.0,0.0,0,(),0.0,0.0
13125,Center Drive,0.0,0.0,0.0,0,(),0.0,0.0
13130,Center Drive,0.0,0.0,0.0,0,(),0.0,0.0
13135,Center Drive,0.0,0.0,0.0,0,(),0.0,0.0
13140,Center Drive,0.0,0.0,0.0,0,(),0.0,0.0
13145,Center Drive,0.0,0.0,0.0,0,(),0.0,0.0
13150,Center Drive,0.0,0.0,0.0,0,(),0.0,0.0
13155,Center Drive,0.0,0.0,0.0,0,(),0.0,0.0
13160,Center Drive,0.0,0.0,0.0,0,(),0.0,0.0
13165,Center Drive,0.0,0.0,0.0,0,(),0.0,0.0
13170,Center Drive,0.0,0.0,0.0,0,(),0.0,0.0
13175,Center Drive,0.0,0.0,0.0,0,(),0.0,0.0
13180,Center Drive,0.0,0.0,0.0,0,(),0.0,0.0
13185,Center Drive,0.0,0.0,0.0,0,(),0.0,0.0
13190,Center Drive,0.0,0.0,0.0,0,(),0.0,0.0
13195,Center Drive,0.0,0.0,0.0,0,(),0.0,0.0
13200,Center Drive,0.0,0.0,0.0,0,(),0.0,0.0
13205,Center Drive,0.0,0.0,0.0,0,(),0.0,0.0
13210,Center Drive,0.0,0.0,0.0,0,(),0.0,0.0
13215,Center Drive,0.0,0.0,0.0,0,(),0.0,0.0
13220,Center Drive,0.0,0.0,0.0,0,(),0.0,0.0
13225,Center Drive,0.0,0.0,0.0,0,(),0.0,0.0
13230,Center Drive,0.0,0.0,0.0,0,(),0.0,0.0
13235,Center Drive,0.0,0.0,0.0,0,(),0.0,0.0
13240,Center Drive,0.0,0.0,0.0,0,(),0.0,0.0
13245,Center Drive,0.0,0.0,0.0,0,(),0.0,0.0
13250,Center Drive,0.0,0.0,0.0,0,(),0.0,0.0
13255,Center Drive,0.0,0.0,0.0,0,(),0.0,0.0
13260,Center Drive,0.0,0.0,0.0,0,(),0.0,0.0
13265,Center Drive,0.0,0.0,0.0,0,(),0.0,0.0
13270,Center Drive,0.0,0.0,0.0,0,(),0.0,0.0
13275,Center Drive,0.0,0.0,0.0,0,(),0.0,0.0
13280,Center Drive,0.0,0.0,0.0,0,(),0.0,0.0
13285,Center Drive,0.0,0.0,0.0,0,(),0.0,0.0
13290,Center Drive,0.0,0.0,0.0,0,(),0.0,0.0
13295,Center Drive,0.0,0.0,0.0,0,(),0.0,0.0
13300,Center Drive,0.0,0.0,0.0,0,(),0.0,0.0
13305,Center Drive,0.0,0.0,0.0,0,(),0.0,0.0
13310,Center Drive,0.0,0.0,0.0,0,(),0.0,0.0
13315,Center Drive,0.0,0.0,0.0,0,(),0.0,0.0
13320,Center Drive,0.0,0.0,0.0,0,(),0.0,0.0
13325,Center Drive,0.0,0.0,0.0,0,(),0.0,0.0
13330,Center Drive,0.0,0.0,0.0,0,(),0.0,0.0
13335,Center Drive,0.0,0.0,0.0,0,(),0.0,0.0
13340,Center Drive,0.0,0.0,0.0,0,(),0.0,0.0
13345,Center Drive,0.0,0.0,0.0,0,(),0.0,0.0
13350,Center Drive,0.0,0.0,0.0,0,(),0.0,0.0
13355,Center Drive,0.0,0.0,0.0,0,(),0.0,0.0
13360,Center Drive,0.0,0.0,0.0,0,(),0.0,0.0
13365,Center Drive,0.0,0.0,0.0,0,(),0.0,0.0
13370,Center Drive,0.0,0.0,0.0,0,(),0.0,0.0
13375,Center Drive,0.0,0.0,0.0,0,(),0.0,0.0
13380,Center Drive,0.0,0.0,0.0,0,(),0.0,0.0
13385,Center Drive,0.0,0.0,0.0,0,(),0.0,0.0
13390,Center Drive,0.0,0.0,0.0,0,(),0.0,0.0
13395,Center Drive,0.0,0.0,0.0,0,(),0.0,0.0
13400,Center Drive,0.0,0.0,0.0,0,(),0.0,0.0
13405,Center Drive,0.0,0.0,0.0,0,(),0.0,0.0
13410,Center Drive,0.0,0.0,0.0,0,(),0.0,0.0
13415,Center Drive,0.0,0.0,0.0,0,(),0.0,0.0
13420,Center Drive,0.0,0.0,0.0,0,(),0.0,0.0
13425,Center Drive,0.0,0.0,0.0,0,(),0.0,0.0
13430,Center Drive,0.0,0.0,0.0,0,(),0.0,0.0
13435,Center Drive,0.0,0.0,0.0,0,(),0.0,0.0
13440,Center Drive,0.0,0.0,0.0,0,(),0.0,0.0
13445,Center Drive,0.0,0.0,0.0,0,(),0.0,0.0
13450,Center Drive,0.0,0.0,0.0,0,(),0.0,0.0
13455,Center Drive,0.0,0.0,0.0,0,(),0.0,0.0
13460,Center Drive,0.0,0.0,0.0,0,(),0.0,0.0
13465,Center Drive,0.0,0.0,0.0,0,(),0.0,0.0
13470,Center Drive,0.0,0.0,0.0,0,(),0.0,0.0
13475,Center Drive,0.0,0.0,0.0,0,(),0.0,0.0
13480,Center Drive,0.0,0.0,0.0,0,(),0.0,0.0
13485,Center Drive,0.0,0.0,0.0,0,(),0.0,0.0
13490,Center Drive,0.0,0.0,0.0,0,(),0.0,0.0
13495,Center Drive,0.0,0.0,0.0,0,(),0.0,0.0
13500,Center Drive,0.0,0.0,0.0,0,(),0.0,0.0
13505,Center Drive,0.0,0.0,0.0,0,(),0.0,0.0
13510,Center Drive,0.0,0.0,0.0,0,(),0.0,0.0
13515,Center Drive,0.0,0.0,0.0,0,(),0.0,0.0
13520,Center Drive,0.0,0.0,0.0,0,(),0.0,0.0
13525,Center Drive,0.0,0.0,0.0,0,(),0.0,0.0
13530,Center Drive,0.0,0.0,0.0,0,(),0.0,0.0
13535,Center Drive,0.0,0.0,0.0,0,(),0.0,0.0
13540,Center Drive,0.0,0.0,0.0,0,(),0.0,0.0
13545,Center Drive,0.0,0.0,0.0,0,(),0.0,0.0
13550,Center Drive,0.0,0.0,0.0,0,(),0.0,0.0
13555,Center Drive,0.0,0.0,0.0,0,(),0.0,0.0
13560,Center Drive,0.0,0.0,0.0,0,(),0.0,0.0
13565,Center Drive,0.0,0.0,0.0,0,(),0.0,0.0
13570,Center Drive,0.0,0.0,0.0,0,(),0.0,0.0
13575,Center Drive,0.0,0.0,0.0,0,(),0.0,0.0
13580,Center Drive,0.0,0.0,0.0,0,(),0.0,0.0
13585,Center Drive,0.0,0.0,0.0,0,(),0.0,0.0
13590,Center Drive,0.0,0.0,0.0,0,(),0.0,0.0
13595,Center Drive,0.0,0.0,0.0,0,(),0.0,0.0
13600,Center Drive,0.0,0.0,0.0,0,(),0.0,0.0
13605,Center Drive,0.0,0.0,0.0,0,(),0.0,0.0
13610,Center Drive,0.0,0.0,0.0,0,(),0.0,0.0
13615,Center Drive,0.0,0.0,0.0,0,(),0.0,0.0
13620,Center Drive,0.0,0.0,0.0,0,(),0.0,0.0
13625,Center Drive,0.0,0.0,0.0,0,(),0.0,0.0
13630,Center Drive,0.0,0.0,0.0,0,(),0.0,0.0
13635,Center Drive,0.0,0.0,0.0,0,(),0.0,0.0
13640,Center Drive,0.0,0.0,0.0,0,(),0.0,0.0
13645,Center Drive,0.0,0.0,0.0,0,(),0.0,0.0
13650,Center Drive,0.0,0.0,0.0,0,(),0.0,0.0
13655,Center Drive,0.0,0.0,0.0,0,(),0.0,0.0
13660,Center Drive,0.0,0.0,0.0,0,(),0.0,0.0
13665,Center Drive,0.0,0.0,0.0,0,(),0.0,0.0
13670,Center Drive,0.0,0.0,0.0,0,(),0.0,0.0
13675,Center Drive,0.0,0.0,0.0,0,(),0.0,0.0
13680,Center Drive,0.0,0.0,0.0,0,(),0.0,0.0
13685,Center Drive,0.0,0.0,0.0,0,(),0.0,0.0
13690,Center Drive,0.0,0.0,0.0,0,(),0.0,0.0
13695,Center Drive,0.0,0.0,0.0,0,(),0.0,0.0
13700,Center Drive,0.0,0.0,0.0,0,(),0.0,0.0
13705,Center Drive,0.0,0.0,0.0,0,(),0.0,0.0
13710,Center Drive,0.0,0.0,0.0,0,(),0.0,0.0
13715,Center Drive,0.0,0.0,0.0,0,(),0.0,0.0
13720,Center Drive,0.0,0.0,0.0,0,(),0.0,0.0
13725,Center Drive,0.0,0.0,0.0,0,(),0.0,0.0
13730,Center Drive,0.0,0.0,0.0,0,(),0.0,0.0
13735,Center Drive,0.0,0.0,0.0,0,(),0.0,0.0
13740,Center Drive,0.0,0.0,0.0,0,(),0.0,0.0
13745,Center Drive,0.0,0.0,0.0,0,(),0.0,0.0
13750,Center Drive,0.0,0.0,0.0,0,(),0.0,0.0
13755,Center Drive,0.0,0.0,0.0,0,(),0.0,0.0
13760,Center Drive,0.0,0.0,0.0,0,(),0.0,0.0
13765,Center Drive,0.0,0.0,0.0,0,(),0.0,0.0
13770,Center Drive,0.0,0.0,0.0,0,(),0.0,0.0
13775,Center Drive,0.0,0.0,0.0,0,(),0.0,0.0
13780,Center Drive,0.0,0.0,0.0,0,(),0.0,0.0
13785,Center Drive,0.0,0.0,0.0,0,(),0.0,0.0
13790,Center Drive,0.0,0.0,0.0,0,(),0.0,0.0
13795,Center Drive,0.0,0.0,0.0,0,(),0.0,0.0
13800,Center Drive,0.0,0.0,0.0,0,(),0.0,0.0
13805,Center Drive,0.0,0.0,0.0,0,(),0.0,0.0
13810,Center Drive,0.0,0.0,0.0,0,(),0.0,0.0
13815,Center Drive,0.0,0.0,0.0,0,(),0.0,0.0
13820,Center Drive,0.0,0.0,0.0,0,(),0.0,0.0
13825,Center Drive,0.0,0.0,0.0,0,(),0.0,0.0
13830,Center Drive,0.0,0.0,0.0,0,(),0.0,0.0
13835,Center Drive,0.0,0.0,0.0,0,(),0.0,0.0
13840,Center Drive,0.0,0.0,0.0,0,(),0.0,0.0
13845,Center Drive,0.0,0.0,0.0,0,(),0.0,0.0
13850,Center Drive,0.0,0.0,0.0,0,(),0.0,0.0
13855,Center Drive,0.0,0.0,0.0,0,(),0.0,0.0
13860,Center Drive,0.0,0.0,0.0,0,(),0.0,0.0
13865,Center Drive,0.0,0.0,0.0,0,(),0.0,0.0
13870,Center Drive,0.0,0.0,0.0,0,(),0.0,0.0
13875,Center Drive,0.0,0.0,0.0,0,(),0.0,0.0
13880,Center Drive,0.0,0.0,0.0,0,(),0.0,0.0
13885,Center Drive,0.0,0.0,0.0,0,(),0.0,0.0
13890,Center Drive,0.0,0.0,0.0,0,(),0.0,0.0
13895,Center Drive,0.0,0.0,0.0,0,(),0.0,0.0
13900,Center Drive,0.0,0.0,0.0,0,(),0.0,0.0
13905,Center Drive,0.0,0.0,0.0,0,(),0.0,0.0
13910,Center Drive,0.0,0.0,0.0,0,(),0.0,0.0
13915,Center Drive,0.0,0.0,0.0,0,(),0.0,0.0
13920,Center Drive,0.0,0.0,0.0,0,(),0.0,0.0
13925,Center Drive,0.0,0.0,0.0,0,(),0.0,0.0
13930,Center Drive,0.0,0.0,0.0,0,(),0.0,0.0
13935,Center Drive,0.0,0.0,0.0,0,(),0.0,0.0
13940,Center Drive,0.0,0.0,0.0,0,(),0.0,0.0
13945,Center Drive,0.0,0.0,0.0,0,(),0.0,0.0
13950,Center Drive,0.0,0.0,0.0,0,(),0.0,0.0
13955,Center Drive,0.0,0.0,0.0,0,(),0.0,0.0
13960,Center Drive,0.0,0.0,0.0,0,(),0.0,0.0
13965,Center Drive,0.0,0.0,0.0,0,(),0.0,0.0
13970,Center Drive,0.0,0.0,0.0,0,(),0.0,0.0
13975,Center Drive,0.0,0.0,0.0,0,(),0.0,0.0
13980,Center Drive,0.0,0.0,0.0,0,(),0.0,0.0
13985,Center Drive,0.0,0.0,0.0,0,(),0.0,0.0
13990,Center Drive,0.0,0.0,0.0,0,(),0.0,0.0
13995,Center Drive,0.0,0.0,0.0,0,(),0.0,0.0
14000,Center Drive,0.0,0.0,0.0,0,(),0.0,0.0
14005,Center Drive,0.0,0.0,0.0,0,(),0.0,0.0
14010,Center Drive,0.0,0.0,0.0,0,(),0.0,0.0
14015,Center Drive,0.0,0.0,0.0,0,(),0.0,0.0
14020,Center Drive,0.0,0.0,0.0,0,(),0.0,0.0
14025,Center Drive,0.0,0.0,0.0,0,(),0.0,0.0
14030,Center Drive,0.0,0.0,0.0,0,(),0.0,0.0
14035,Center Drive,0.0,0.0,0.0,0,(),0.0,0.0
14040,Center Drive,0.0,0.0,0.0,0,(),0.0,0.0
14045,Center Drive,0.0,0.0,0.0,0,(),0.0,0.0
14050,Center Drive,0.0,0.0,0.0,0,(),0.0,0.0
14055,Center Drive,0.0,0.0,0.0,0,(),0.0,0.0
14060,Center Drive,0.0,0.0,0.0,0,(),0.0,0.0
14065,Center Drive,0.0,0.0,0.0,0,(),0.0,0.0
14070,Center Drive,0.0,0.0,0.0,0,(),0.0,0.0
14075,Center Drive,0.0,0.0,0.0,0,(),0.0,0.0
14080,Center Drive,0.0,0.0,0.0,0,(),0.0,0.0
14085,Center Drive,0.0,0.0,0.0,0,(),0.0,0.0
14090,Center Drive,0.0,0.0,0.0,0,(),0.0,0.0
14095,Center Drive,0.0,0.0,0.0,0,(),0.0,0.0
14100,Center Drive,0.0,0.0,0.0,0,(),0.0,0.0
14105,Center Drive,0.0,0.0,0.0,0,(),0.0,0.0
14110,Center Drive,0.0,0.0,0.0,0,(),0.0,0.0
14115,Center Drive,0.0,0.0,0.0,0,(),0.0,0.0
14120,Center Drive,0.0,0.0,0.0,0,(),0.0,0.0
14125,Center Drive,0.0,0.0,0.0,0,(),0.0,0.0
14130,Center Drive,0.0,0.0,0.0,0,(),0.0,0.0
14135,Center Drive,0.0,0.0,0.0,0,(),0.0,0.0
14140,Center Drive,0.0,0.0,0.0,0,(),0.0,0.0
14145,Center Drive,0.0,0.0,0.0,0,(),0.0,0.0
14150,Center Drive,0.0,0.0,0.0,0,(),0.0,0.0
14155,Center Drive,0.0,0.0,0.0,0,(),0.0,0.0
14160,Center Drive,0.0,0.0,0.0,0,(),0.0,0.0
14165,Center Drive,0.0,0.0,0.0,0,(),0.0,0.0
14170,Center Drive,0.0,0.0,0.0,0,(),0.0,0.0
14175,Center Drive,0.0,0.0,0.0,0,(),0.0,0.0
14180,Center Drive,0.0,0.0,0.0,0,(),0.0,0.0
14185,Center Drive,0.0,0.0,0.0,0,(),0.0,0.0
14190,Center Drive,0.0,0.0,0.0,0,(),0.0,0.0
14195,Center Drive,0.0,0.0,0.0,0,(),0.0,0.0
14200,Center Drive,0.0,0.0,0.0,0,(),0.0,0.0
14205,Center Drive,0.0,0.0,0.0,0,(),0.0,0.0
14210,Center Drive,0.0,0.0,0.0,0,(),0.0,0.0
14215,Center Drive,0.0,0.0,0.0,0,(),0.0,0.0
14220,Center Drive,0.0,0.0,0.0,0,(),0.0,0.0
14225,Center Drive,0.0,0.0,0.0,0,(),0.0,0.0
14230,Center Drive,0.0,0.0,0.0,0,(),0.0,0.0
14235,Center Drive,0.0,0.0,0.0,0,(),0.0,0.0
14240,Center Drive,0.0,0.0,0.0,0,(),0.0,0.0
14245,Center Drive,0.0,0.0,0.0,0,(),0.0,0.0
14250,Center Drive,0.0,0.0,0.0,0,(),0.0,0.0
14255,Center Drive,0.0,0.0,0.0,0,(),0.0,0.0
14260,Center Drive,0.0,0.0,0.0,0,(),0.0,0.0
14265,Center Drive,0.0,0.0,0.0,0,(),0.0,0.0
14270,Center Drive,0.0,0.0,0.0,0,(),0.0,0.0
14275,Center Drive,0.0,0.0,0.0,0,(),0.0,0.0
14280,Center Drive,0.0,0.0,0.0,0,(),0.0,0.0
14285,Center Drive,0.0,0.0,0.0,0,(),0.0,0.0
14290,Center Drive,0.0,0.0,0.0,0,(),0.0,0.0
14295,Center Drive,0.0,0.0,0.0,0,(),0.0,0.0
14300,Center Drive,0.0,0.0,0.0,0,(),0.0,0.0
14305,Center Drive,0.0,0.0,0.0,0,(),0.0,0.0
14310,Center Drive,0.0,0.0,0.0,0,(),0.0,0.0
14315,Center Drive,0.0,0.0,0.0,0,(),0.0,0.0
14320,Center Drive,0.0,0.0,0.0,0,(),0.0,0.0
14325,Center Drive,0.0,0.0,0.0,0,(),0.0,0.0
14330,Center Drive,0.0,0.0,0.0,0,(),0.0,0.0
14335,Center Drive,0.0,0.0,0.0,0,(),0.0,0.0
14340,Center Drive,0.0,0.0,0.0,0,(),0.0,0.0
14345,Center Drive,0.0,0.0,0.0,0,(),0.0,0.0
14350,Center Drive,0.0,0.0,0.0,0,(),0.0,0.0
14355,Center Drive,0.0,0.0,0.0,0,(),0.0,0.0
14360,Center Drive,0.0,0.0,0.0,0,(),0.0,0.0
14365,Center Drive,0.0,0.0,0.0,0,(),0.0,0.0
14370,Center Drive,0.0,0.0,0.0,0,(),0.0,0.0
14375,Center Drive,0.0,0.0,0.0,0,(),0.0,0.0
14380,Center Drive,0.0,0.0,0.0,0,(),0.0,0.0
14385,Center Drive,0.0,0.0,0.0,0,(),0.0,0.0
14390,Center Drive,0.0,0.0,0.0,0,(),0.0,0.0
14395,Center Drive,0.0,0.0,0.0,0,(),0.0,0.0
14400,Center Drive,0.0,0.0,0.0,0,(),0.0,0.0
14405,Center Drive,0.0,0.0,0.0,0,(),0.0,0.0
14410,Center Drive,0.0,0.0,0.0,0,(),0.0,0.0
14415,Center Drive,0.0,0.0,0.0,0,(),0.0,0.0
14420,Center Drive,0.0,0.0,0.0,0,(),0.0,0.0
14425,Center Drive,0.0,0.0,0.0,0,(),0.0,0.0
14430,Center Drive,0.0,0.0,0.0,0,(),0.0,0.0
14435,Center Drive,0.0,0.0,0.0,0,(),0.0,0.0
14440,Center Drive,0.0,0.0,0.0,0,(),0.0,0.0
14445,Center Drive,0.0,0.0,0.0,0,(),0.0,0.0
14450,Center Drive,0.0,0.0,0.0,0,(),0.0,0.0
14455,Center Drive,0.0,0.0,0.0,0,(),0.0,0.0
14460,Center Drive,0.0,0.0,0.0,0,(),0.0,0.0
14465,Center Drive,0.0,0.0,0.0,0,(),0.0,0.0
14470,Center Drive,0.0,0.0,0.0,0,(),0.0,0.0
14475,Center Drive,0.0,0.0,0.0,0,(),0.0,0.0
14480,Center Drive,0.0,0.0,0.0,0,(),0.0,0.0
14485,Center Drive,0.0,0.0,0.0,0,(),0.0,0.0
14490,Center Drive,0.0,0.0,0.0,0,(),0.0,0.0
14495,Center Drive,0.0,0.0,0.0,0,(),0.0,0.0
14500,Center Drive,0.0,0.0,0.0,0,(),0.0,0.0
14505,Center Drive,0.0,0.0,0.0,0,(),0.0,0.0
14510,Center Drive,0.0,0.0,0.0,0,(),0.0,0.0
14515,Center Drive,0.0,0.0,0.0,0,(),0.0,0.0
14520,Center Drive,0.0,0.0,0.0,0,(),0.0,0.0
14525,Center Drive,0.0,0.0,0.0,0,(),0.0,0.0
14530,Center Drive,0.0,0.0,0.0,0,(),0.0,0.0
14535,Center Drive,0.0,0.0,0.0,0,(),0.0,0.0
14540,Center Drive,0.0,0.0,0.0,0,(),0.0,0.0
14545,Center Drive,0.0,0.0,0.0,0,(),0.0,0.0
14550,Center Drive,0.0,0.0,0.0,0,(),0.0,0.0
14555,Center Drive,0.0,0.0,0.0,0,(),0.0,0.0
14560,Center Drive,0.0,0.0,0.0,0,(),0.0,0.0
14565,Center Drive,0.0,0.0,0.0,0,(),0.0,0.0
14570,Center Drive,0.0,0.0,0.0,0,(),0.0,0.0
14575,Center Drive,0.0,0.0,0.0,0,(),0.0,0.0
14580,Center Drive,0.0,0.0,0.0,0,(),0.0,0.0
14585,Center Drive,0.0,0.0,0.0,0,(),0.0,0.0
14590,Center Drive,0.0,0.0,0.0,0,(),0.0,0.0
14595,Center Drive,0.0,0.0,0.0,0,(),0.0,0.0
14600,Center Drive,0.0,0.0,0.0,0,(),0.0,0.0
14605,Center Drive,0.0,0.0,0.0,0,(),0.0,0.0
14610,Center Drive,0.0,0.0,0.0,0,(),0.0,0.0
14615,Center Drive,0.0,0.0,0.0,0,(),0.0,0.0
14620,Center Drive,0.0,0.0,0.0,0,(),0.0,0.0
14625,Center Drive,0.0,0.0,0.0,0,(),0.0,0.0
14630,Center Drive,0.0,0.0,0.0,0,(),0.0,0.0
14635,Center Drive,0.0,0.0,0.0,0,(),0.0,0.0
14640,Center Drive,0.0,0.0,0.0,0,(),0.0,0.0
14645,Center Drive,0.0,0.0,0.0,0,(),0.0,0.0
14650,Center Drive,0.0,0.0,0.0,0,(),0.0,0.0
14655,Center Drive,0.0,0.0,0.0,0,(),0.0,0.0
14660,Center Drive,0.0,0.0,0.0,0,(),0.0,0.0
14665,Center Drive,0.0,0.0,0.0,0,(),0.0,0.0
14670,Center Drive,0.0,0.0,0.0,0,(),0.0,0.0
14675,Center Drive,0.0,0.0,0.0,0,(),0.0,0.0
14680,Center Drive,0.0,0.0,0.0,0,(),0.0,0.0
14685,Center Drive,0.0,0.0,0.0,0,(),0.0,0.0
14690,Center Drive,0.0,0.0,0.0,0,(),0.0,0.0
14695,Center Drive,0.0,0.0,0.0,0,(),0.0,0.0
14700,Center Drive,0.0,0.0,0.0,0,(),0.0,0.0
14705,Center Drive,0.0,0.0,0.0,0,(),0.0,0.0
14710,Center Drive,0.0,0.0,0.0,0,(),0.0,0.0
14715,Center Drive,0.0,0.0,0.0,0,(),0.0,0.0
14720,Center Drive,0.0,0.0,0.0,0,(),0.0,0.0
14725,Center Drive,0.0,0.0,0.0,0,(),0.0,0.0
14730,Center Drive,0.0,0.0,0.0,0,(),0.0,0.0
14735,Center Drive,0.0,0.0,0.0,0,(),0.0,0.0
14740,Center Drive,0.0,0.0,0.0,0,(),0.0,0.0
14745,Center Drive,0.0,0.0,0.0,0,(),0.0,0.0
14750,Center Drive,0.0,0.0,0.0,0,(),0.0,0.0
14755,Center Drive,0.0,0.0,0.0,0,(),0.0,0.0
14760,Center Drive,0.0,0.0,0.0,0,(),0.0,0.0
14765,Center Drive,0.0,0.0,0.0,0,(),0.0,0.0
14770,Center Drive,0.0,0.0,0.0,0,(),0.0,0.0
14775,Center Drive,0.0,0.0,0.0,0,(),0.0,0.0
14780,Center Drive,0.0,0.0,0.0,0,(),0.0,0.0
14785,Center Drive,0.0,0.0,0.0,0,(),0.0,0.0
14790,Center Drive,0.0,0.0,0.0,0,(),0.0,0.0
14795,Center Drive,0.0,0.0,0.0,0,(),0.0,0.0
14800,Center Drive,0.0,0.0,0.0,0,(),0.0,0.0
14805,Center Drive,0.0,0.0,0.0,0,(),0.0,0.0
14810,Center Drive,0.0,0.0,0.0,0,(),0.0,0.0
14815,Center Drive,0.0,0.0,0.0,0,(),0.0,0.0
14820,Center Drive,0.0,0.0,0.0,0,(),0.0,0.0
14825,Center Drive,0.0,0.0,0.0,0,(),0.0,0.0
14830,Center Drive,0.0,0.0,0.0,0,(),0.0,0.0
14835,Center Drive,0.0,0.0,0.0,0,(),0.0,0.0
14840,Center Drive,0.0,0.0,0.0,0,(),0.0,0.0
14845,Center Drive,0.0,0.0,0.0,0,(),0.0,0.0
14850,Center Drive,0.0,0.0,0.0,0,(),0.0,0.0
14855,Center Drive,0.0,0.0,0.0,0,(),0.0,0.0
14860,Center Drive,0.0,0.0,0.0,0,(),0.0,0.0
14865,Center Drive,0.0,0.0,0.0,0,(),0.0,0.0
14870,Center Drive,0.0,0.0,0.0,0,(),0.0,0.0
14875,Center Drive,0.0,0.0,0.0,0,(),0.0,0.0
14880,Center Drive,0.0,0.0,0.0,0,(),0.0,0.0
14885,Center Drive,0.0,0.0,0.0,0,(),0.0,0.0
14890,Center Drive,0.0,0.0,0.0,0,(),0.0,0.0
14895,Center Drive,0.0,0.0,0.0,0,(),0.0,0.0
14900,Center Drive,0.0,0.0,0.0,0,(),0.0,0.0
14905,Center Drive,0.0,0.0,0.0,0,(),0.0,0.0
14910,Center Drive,0.0,0.0,0.0,0,(),0.0,0.0
14915,Center Drive,0.0,0.0,0.0,0,(),0.0,0.0
14920,Center Drive,0.0,0.0,0.0,0,(),0.0,0.0
14925,Center Drive,0.0,0.0,0.0,0,(),0.0,0.0
14930,Center Drive,0.0,0.0,0.0,0,(),0.0,0.0
14935,Center Drive,0.0,0.0,0.0,0,(),0.0,0.0
14940,Center Drive,0.0,0.0,0.0,0,(),0.0,0.0
14945,Center Drive,0.0,0.0,0.0,0,(),0.0,0.0
14950,Center Drive,0.0,0.0,0.0,0,(),0.0,0.0
14955,Center Drive,0.0,0.0,0.0,0,(),0.0,0.0
14960,Center Drive,0.0,0.0,0.0,0,(),0.0,0.0
14965,Center Drive,0.0,0.0,0.0,0,(),0.0,0.0
14970,Center Drive,0.0,0.0,0.0,0,(),0.0,0.0
14975,Center Drive,0.0,0.0,0.0,0,(),0.0,0.0
14980,Center Drive,0.0,0.0,0.0,0,(),0.0,0.0
14985,Center Drive,0.0,0.0,0.0,0,(),0.0,0.0
14990,Center Drive,0.0,0.0,0.0,0,(),0.0,0.0
14995,Center Drive,0.0,0.0,0.0,0,(),0.0,0.0
15000,Center Drive,0.0,0.0,0.0,0,(),0.0,0.0
15005,Center Drive,0.0,0.0,0.0,0,(),0.0,0.0
15010,Center Drive,0.0,0.0,0.0,0,(),0.0,0.0
15015,Center Drive,0.0,0.0,0.0,0,(),0.0,0.0
15020,Center Drive,0.0,0.0,0.0,0,(),0.0,0.0
15025,Center Drive,0.0,0.0,0.0,0,(),0.0,0.0
15030,Center Drive,0.0,0.0,0.0,0,(),0.0,0.0
15035,Center Drive,0.0,0.0,0.0,0,(),0.0,0.0
15040,Center Drive,0.0,0.0,0.0,0,(),0.0,0.0
15045,Center Drive,0.0,0.0,0.0,0,(),0.0,0.0
15050,Center Drive,0.0,0.0,0.0,0,(),0.0,0.0
15055,Center Drive,0.0,0.0,0.0,0,(),0.0,0.0
15060,Center Drive,0.0,0.0,0.0,0,(),0.0,0.0
15065,Center Drive,0.0,0.0,0.0,0,(),0.0,0.0
15070,Center Drive,0.0,0.0,0.0,0,(),0.0,0.0
15075,Center Drive,0.0,0.0,0.0,0,(),0.0,0.0
15080,Center Drive,0.0,0.0,0.0,0,(),0.0,0.0
15085,Center Drive,0.0,0.0,0.0,0,(),0.0,0.0
15090,Center Drive,0.0,0.0,0.0,0,(),0.0,0.0
15095,Center Drive,0.0,0.0,0.0,0,(),0.0,0.0
15100,Center Drive,0.0,0.0,0.0,0,(),0.0,0.0
15105,Center Drive,0.0,0.0,0.0,0,(),0.0,0.0
15110,Center Drive,0.0,0.0,0.0,0,(),0.0,0.0
15115,Center Drive,0.0,0.0,0.0,0,(),0.0,0.0
15120,Center Drive,0.0,0.0,0.0,0,(),0.0,0.0
15125,Center Drive,0.0,0.0,0.0,0,(),0.0,0.0
15130,Center Drive,0.0,0.0,0.0,0,(),0.0,0.0
15135,Center Drive,0.0,0.0,0.0,0,(),0.0,0.0
15140,Center Drive,0.0,0.0,0.0,0,(),0.0,0.0
15145,Center Drive,0.0,0.0,0.0,0,(),0.0,0.0
15150,Center Drive,0.0,0.0,0.0,0,(),0.0,0.0
15155,Center Drive,0.0,0.0,0.0,0,(),0.0,0.0
15160,Center Drive,0.0,0.0,0.0,0,(),0.0,0.0
15165,Center Drive,0.0,0.0,0.0,0,(),0.0,0.0
15170,Center Drive,0.0,0.0,0.0,0,(),0.0,0.0
15175,Center Drive,0.0,0.0,0.0,0,(),0.0,0.0
15180,Center Drive,0.0,0.0,0.0,0,(),0.0,0.0
15185,Center Drive,0.0,0.0,0.0,0,(),0.0,0.0
15190,Center Drive,0.0,0.0,0.0,0,(),0.0,0.0
15195,Center Drive,0.0,0.0,0.0,0,(),0.0,0.0
15200,Center Drive,0.0,0.0,0.0,0,(),0.0,0.0
15205,Center Drive,0.0,0.0,0.0,0,(),0.0,0.0
15210,Center Drive,0.0,0.0,0.0,0,(),0.0,0.0
15215,Center Drive,0.0,0.0,0.0,0,(),0.0,0.0
15220,Center Drive,0.0,0.0,0.0,0,(),0.0,0.0
15225,Center Drive,0.0,0.0,0.0,0,(),0.0,0.0
15230,Center Drive,0.0,0.0,0.0,0,(),0.0,0.0
15235,Center Drive,0.0,0.0,0.0,0,(),0.0,0.0
15240,Center Drive,0.0,0.0,0.0,0,(),0.0,0.0
15245,Center Drive,0.0,0.0,0.0,0,(),0.0,0.0
15250,Center Drive,0.0,0.0,0.0,0,(),0.0,0.0
15255,Center Drive,0.0,0.0,0.0,0,(),0.0,0.0
15260,Center Drive,0.0,0.0,0.0,0,(),0.0,0.0
15265,Center Drive,0.0,0.0,0.0,0,(),0.0,0.0
15270,Center Drive,0.0,0.0,0.0,0,(),0.0,0.0
15275,Center Drive,0.0,0.0,0.0,0,(),0.0,0.0
15280,Center Drive,0.0,0.0,0.0,0,(),0.0,0.0
15285,Center Drive,0.0,0.0,0.0,0,(),0.0,0.0
15290,Center Drive,0.0,0.0,0.0,0,(),0.0,0.0
15295,Center Drive,0.0,0.0,0.0,0,(),0.0,0.0
15300,Center Drive,0.0,0.0,0.0,0,(),0.0,0.0
15305,Center Drive,0.0,0.0,0.0,0,(),0.0,0.0
15310,Center Drive,0.0,0.0,0.0,0,(),0.0,0.0
15315,Center Drive,0.0,0.0,0.0,0,(),0.0,0.0
15320,Center Drive,0.0,0.0,0.0,0,(),0.0,0.0
15325,Center Drive,0.0,0.0,0.0,0,(),0.0,0.0
15330,Center Drive,0.0,0.0,0.0,0,(),0.0,0.0
15335,Center Drive,0.0,0.0,0.0,0,(),0.0,0.0
15340,Center Drive,0.0,0.0,0.0,0,(),0.0,0.0
15345,Center Drive,0.0,0.0,0.0,0,(),0.0,0.0
15350,Center Drive,0.0,0.0,0.0,0,(),0.0,0.0
15355,Center Drive,0.0,0.0,0.0,0,(),0.0,0.0
15360,Center Drive,0.0,0.0,0.0,0,(),0.0,0.0
15365,Center Drive,0.0,0.0,0.0,0,(),0.0,0.0
15370,Center Drive,0.0,0.0,0.0,0,(),0.0,0.0
15375,Center Drive,0.0,0.0,0.0,0,(),0.0,0.0
15380,Center Drive,0.0,0.0,0.0,0,(),0.0,0.0
15385,Center Drive,0.0,0.0,0.0,0,(),0.0,0.0
15390,Center Drive,0.0,0.0,0.0,0,(),0.0,0.0
15395,Center Drive,0.0,0.0,0.0,0,(),0.0,0.0
15400,Center Drive,0.0,0.0,0.0,0,(),0.0,0.0
15405,Center Drive,0.0,0.0,0.0,0,(),0.0,0.0
15410,Center Drive,0.0,0.0,0.0,0,(),0.0,0.0
15415,Center Drive,0.0,0.0,0.0,0,(),0.0,0.0
15420,Center Drive,0.0,0.0,0.0,0,(),0.0,0.0
15425,Center Drive,0.0,0.0,0.0,0,(),0.0,0.0
15430,Center Drive,0.0,0.0,0.0,0,(),0.0,0.0
15435,Center Drive,0.0,0.0,0.0,0,(),0.0,0.0
15440,Center Drive,0.0,0.0,0.0,0,(),0.0,0.0
15445,Center Drive,0.0,0.0,0.0,0,(),0.0,0.0
15450,Center Drive,0.0,0.0,0.0,0,(),0.0,0.0
15455,Center Drive,0.0,0.0,0.0,0,(),0.0,0.0
15460,Center Drive,0.0,0.0,0.0,0,(),0.0,0.0
15465,Center Drive,0.0,0.0,0.0,0,(),0.0,0.0
15470,Center Drive,0.0,0.0,0.0,0,(),0.0,0.0
15475,Center Drive,0.0,0.0,0.0,0,(),0.0,0.0
15480,Center Drive,0.0,0.0,0.0,0,(),0.0,0.0
15485,Center Drive,0.0,0.0,0.0,0,(),0.0,0.0
15490,Center Drive,0.0,0.0,0.0,0,(),0.0,0.0
15495,Center Drive,0.0,0.0,0.0,0,(),0.0,0.0
15500,Center Drive,0.0,0.0,0.0,0,(),0.0,0.0
15505,Center Drive,0.0,0.0,0.0,0,(),0.0,0.0
15510,Center Drive,0.0,0.0,0.0,0,(),0.0,0.0
15515,Center Drive,0.0,0.0,0.0,0,(),0.0,0.0
15520,Center Drive,0.0,0.0,0.0,0,(),0.0,0.0
15525,Center Drive,0.0,0.0,0.0,0,(),0.0,0.0
15530,Center Drive,0.0,0.0,0.0,0,(),0.0,0.0
15535,Center Drive,0.0,0.0,0.0,0,(),0.0,0.0
15540,Center Drive,0.0,0.0,0.0,0,(),0.0,0.0
15545,Center Drive,0.0,0.0,0.0,0,(),0.0,0.0
15550,Center Drive,0.0,0.0,0.0,0,(),0.0,0.0
15555,Center Drive,0.0,0.0,0.0,0,(),0.0,0.0
15560,Center Drive,0.0,0.0,0.0,0,(),0.0,0.0
15565,Center Drive,0.0,0.0,0.0,0,(),0.0,0.0
15570,Center Drive,0.0,0.0,0.0,0,(),0.0,0.0
15575,Center Drive,0.0,0.0,0.0,0,(),0.0,0.0
15580,Center Drive,0.0,0.0,0.0,0,(),0.0,0.0
15585,Center Drive,0.0,0.0,0.0,0,(),0.0,0.0
15590,Center Drive,0.0,0.0,0.0,0,(),0.0,0.0
15595,Center Drive,0.0,0.0,0.0,0,(),0.0,0.0
15600,Center Drive,0.0,0.0,0.0,0,(),0.0,0.0
15605,Center Drive,0.0,0.0,0.0,0,(),0.0,0.0
15610,Center Drive,0.0,0.0,0.0,0,(),0.0,0.0
15615,Center Drive,0.0,0.0,0.0,0,(),0.0,0.0
15620,Center Drive,0.0,0.0,0.0,0,(),0.0,0.0
15625,Center Drive,0.0,0.0,0.0,0,(),0.0,0.0
15630,Center Drive,0.0,0.0,0.0,0,(),0.0,0.0
15635,Center Drive,0.0,0.0,0.0,0,(),0.0,0.0
15640,Center Drive,0.0,0.0,0.0,0,(),0.0,0.0
15645,Center Drive,0.0,0.0,0.0,0,(),0.0,0.0
15650,Center Drive,0.0,0.0,0.0,0,(),0.0,0.0
15655,Center Drive,0.0,0.0,0.0,0,(),0.0,0.0
15660,Center Drive,0.0,0.0,0.0,0,(),0.0,0.0
15665,Center Drive,0.0,0.0,0.0,0,(),0.0,0.0
15670,Center Drive,0.0,0.0,0.0,0,(),0.0,0.0
15675,Center Drive,0.0,0.0,0.0,0,(),0.0,0.0
15680,Center Drive,0.0,0.0,0.0,0,(),0.0,0.0
15685,Center Drive,0.0,0.0,0.0,0,(),0.0,0.0
15690,Center Drive,0.0,0.0,0.0,0,(),0.0,0.0
15695,Center Drive,0.0,0.0,0.0,0,(),0.0,0.0
15700,Center Drive,0.0,0.0,0.0,0,(),0.0,0.0
15705,Center Drive,0.0,0.0,0.0,0,(),0.0,0.0
15710,Center Drive,0.0,0.0,0.0,0,(),0.0,0.0
15715,Center Drive,0.0,0.0,0.0,0,(),0.0,0.0
15720,Center Drive,0.0,0.0,0.0,0,(),0.0,0.0
15725,Center Drive,0.0,0.0,0.0,0,(),0.0,0.0
15730,Center Drive,0.0,0.0,0.0,0,(),0.0,0.0
15735,Center Drive,0.0,0.0,0.0,0,(),0.0,0.0
15740,Center Drive,0.0,0.0,0.0,0,(),0.0,0.0
15745,Center Drive,0.0,0.0,0.0,0,(),0.0,0.0
15750,Center Drive,0.0,0.0,0.0,0,(),0.0,0.0
15755,Center Drive,0.0,0.0,0.0,0,(),0.0,0.0
15760,Center Drive,0.0,0.0,0.0,0,(),0.0,0.0
15765,Center Drive,0.0,0.0,0.0,0,(),0.0,0.0
15770,Center Drive,0.0,0.0,0.0,0,(),0.0,0.0
15775,Center Drive,0.0,0.0,0.0,0,(),0.0,0.0
15780,Center Drive,0.0,0.0,0.0,0,(),0.0,0.0
15785,Center Drive,0.0,0.0,0.0,0,(),0.0,0.0
15790,Center Drive,0.0,0.0,0.0,0,(),0.0,0.0
15795,Center Drive,0.0,0.0,0.0,0,(),0.0,0.0
15800,Center Drive,0.0,0.0,0.0,0,(),0.0,0.0
15805,Center Drive,0.0,0.0,0.0,0,(),0.0,0.0
15810,Center Drive,0.0,0.0,0.0,0,(),0.0,0.0
15815,Center Drive,0.0,0.0,0.0,0,(),0.0,0.0
15820,Center Drive,0.0,0.0,0.0,0,(),0.0,0.0
15825,Center Drive,0.0,0.0,0.0,0,(),0.0,0.0
15830,Center Drive,0.0,0.0,0.0,0,(),0.0,0.0
15835,Center Drive,0.0,0.0,0.0,0,(),0.0,0.0
15840,Center Drive,0.0,0.0,0.0,0,(),0.0,0.0
15845,Center Drive,0.0,0.0,0.0,0,(),0.0,0.0
15850,Center Drive,0.0,0.0,0.0,0,(),0.0,0.0
15855,Center Drive,0.0,0.0,0.0,0,(),0.0,0.0
15860,Center Drive,0.0,0.0,0.0,0,(),0.0,0.0
15865,Center Drive,0.0,0.0,0.0,0,(),0.0,0.0
15870,Center Drive,0.0,0.0,0.0,0,(),0.0,0.0
15875,Center Drive,0.0,0.0,0.0,0,(),0.0,0.0
15880,Center Drive,0.0,0.0,0.0,0,(),0.0,0.0
15885,Center Drive,0.0,0.0,0.0,0,(),0.0,0.0
15890,Center Drive,0.0,0.0,0.0,0,(),0.0,0.0
15895,Center Drive,0.0,0.0,0.0,0,(),0.0,0.0
15900,Center Drive,0.0,0.0,0.0,0,(),0.0,0.0
15905,Center Drive,0.0,0.0,0.0,0,(),0.0,0.0
15910,Center Drive,0.0,0.0,0.0,0,(),0.0,0.0
15915,Center Drive,0.0,0.0,0.0,0,(),0.0,0.0
15920,Center Drive,0.0,0.0,0.0,0,(),0.0,0.0
15925,Center Drive,0.0,0.0,0.0,0,(),0.0,0.0
15930,Center Drive,0.0,0.0,0.0,0,(),0.0,0.0
15935,Center Drive,0.0,0.0,0.0,0,(),0.0,0.0
15940,Center Drive,0.0,0.0,0.0,0,(),0.0,0.0
15945,Center Drive,0.0,0.0,0.0,0,(),0.0,0.0
15950,Center Drive,0.0,0.0,0.0,0,(),0.0,0.0
15955,Center Drive,0.0,0.0,0.0,0,(),0.0,0.0
15960,Center Drive,0.0,0.0,0.0,0,(),0.0,0.0
15965,Center Drive,0.0,0.0,0.0,0,(),0.0,0.0
15970,Center Drive,0.0,0.0,0.0,0,(),0.0,0.0
15975,Center Drive,0.0,0.0,0.0,0,(),0.0,0.0
15980,Center Drive,0.0,0.0,0.0,0,(),0.0,0.0
15985,Center Drive,0.0,0.0,0.0,0,(),0.0,0.0
15990,Center Drive,0.0,0.0,0.0,0,(),0.0,0.0
15995,Center Drive,0.0,0.0,0.0,0,(),0.0,0.0
16000,Center Drive,0.0,0.0,0.0,0,(),0.0,0.0
16005,Center Drive,0.0,0.0,0.0,0,(),0.0,0.0
16010,Center Drive,0.0,0.0,0.0,0,(),0.0,0.0
16015,Center Drive,0.0,0.0,0.0,0,(),0.0,0.0
16020,Center Drive,0.0,0.0,0.0,0,(),0.0,0.0
16025,Center Drive,0.0,0.0,0.0,0,(),0.0,0.0
16030,Center Drive,0.0,0.0,0.0,0,(),0.0,0.0
16035,Center Drive,0.0,0.0,0.0,0,(),0.0,0.0
16040,Center Drive,0.0,0.0,0.0,0,(),0.0,0.0
16045,Center Drive,0.0,0.0,0.0,0,(),0.0,0.0
16050,Center Drive,0.0,0.0,0.0,0,(),0.0,0.0
16055,Center Drive,0.0,0.0,0.0,0,(),0.0,0.0
16060,Center Drive,0.0,0.0,0.0,0,(),0.0,0.0
16065,Center Drive,0.0,0.0,0.0,0,(),0.0,0.0
16070,Center Drive,0.0,0.0,0.0,0,(),0.0,0.0
16075,Center Drive,0.0,0.0,0.0,0,(),0.0,0.0
16080,Center Drive,0.0,0.0,0.0,0,(),0.0,0.0
16085,Center Drive,0.0,0.0,0.0,0,(),0.0,0.0
16090,Center Drive,0.0,0.0,0.0,0,(),0.0,0.0
16095,Center Drive,0.0,0.0,0.0,0,(),0.0,0.0
16100,Center Drive,0.0,0.0,0.0,0,(),0.0,0.0
16105,Center Drive,0.0,0.0,0.0,0,(),0.0,0.0
16110,Center Drive,0.0,0.0,0.0,0,(),0.0,0.0
16115,Center Drive,0.0,0.0,0.0,0,(),0.0,0.0
16120,Center Drive,0.0,0.0,0.0,0,(),0.0,0.0
16125,Center Drive,0.0,0.0,0.0,0,(),0.0,0.0
16130,Center Drive,0.0,0.0,0.0,0,(),0.0,0.0
16135,Center Drive,0.0,0.0,0.0,0,(),0.0,0.0
16140,Center Drive,0.0,0.0,0.0,0,(),0.0,0.0
16145,Center Drive,0.0,0.0,0.0,0,(),0.0,0.0
16150,Center Drive,0.0,0.0,0.0,0,(),0.0,0.0
16155,Center Drive,0.0,0.0,0.0,0,(),0.0,0.0
16160,Center Drive,0.0,0.0,0.0,0,(),0.0,0.0
16165,Center Drive,0.0,0.0,0.0,0,(),0.0,0.0
16170,Center Drive,0.0,0.0,0.0,0,(),0.0,0.0
16175,Center Drive,0.0,0.0,0.0,0,(),0.0,0.0
16180,Center Drive,0.0,0.0,0.0,0,(),0.0,0.0
16185,Center Drive,0.0,0.0,0.0,0,(),0.0,0.0
16190,Center Drive,0.0,0.0,0.0,0,(),0.0,0.0
16195,Center Drive,0.0,0.0,0.0,0,(),0.0,0.0
16200,Center Drive,0.0,0.0,0.0,0,(),0.0,0.0
16205,Center Drive,0.0,0.0,0.0,0,(),0.0,0.0
16210,Center Drive,0.0,0.0,0.0,0,(),0.0,0.0
16215,Center Drive,0.0,0.0,0.0,0,(),0.0,0.0
16220,Center Drive,0.0,0.0,0.0,0,(),0.0,0.0
16225,Center Drive,0.0,0.0,0.0,0,(),0.0,0.0
16230,Center Drive,0.0,0.0,0.0,0,(),0.0,0.0
16235,Center Drive,0.0,0.0,0.0,0,(),0.0,0.0
16240,Center Drive,0.0,0.0,0.0,0,(),0.0,0.0
16245,Center Drive,0.0,0.0,0.0,0,(),0.0,0.0
16250,Center Drive,0.0,0.0,0.0,0,(),0.0,0.0
16255,Center Drive,0.0,0.0,0.0,0,(),0.0,0.0
16260,Center Drive,0.0,0.0,0.0,0,(),0.0,0.0
16265,Center Drive,0.0,0.0,0.0,0,(),0.0,0.0
16270,Center Drive,0.0,0.0,0.0,0,(),0.0,0.0
16275,Center Drive,0.0,0.0,0.0,0,(),0.0,0.0
16280,Center Drive,0.0,0.0,0.0,0,(),0.0,0.0
16285,Center Drive,0.0,0.0,0.0,0,(),0.0,0.0
16290,Center Drive,0.0,0.0,0.0,0,(),0.0,0.0
16295,Center Drive,0.0,0.0,0.0,0,(),0.0,0.0
16300,Center Drive,0.0,0.0,0.0,0,(),0.0,0.0
16305,Center Drive,0.0,0.0,0.0,0,(),0.0,0.0
16310,Center Drive,0.0,0.0,0.0,0,(),0.0,0.0
16315,Center Drive,0.0,0.0,0.0,0,(),0.0,0.0
16320,Center Drive,0.0,0.0,0.0,0,(),0.0,0.0
16325,Center Drive,0.0,0.0,0.0,0,(),0.0,0.0
16330,Center Drive,0.0,0.0,0.0,0,(),0.0,0.0
16335,Center Drive,0.0,0.0,0.0,0,(),0.0,0.0
16340,Center Drive,0.0,0.0,0.0,0,(),0.0,0.0
16345,Center Drive,0.0,0.0,0.0,0,(),0.0,0.0
16350,Center Drive,0.0,0.0,0.0,0,(),0.0,0.0
16355,Center Drive,0.0,0.0,0.0,0,(),0.0,0.0
16360,Center Drive,0.0,0.0,0.0,0,(),0.0,0.0
16365,Center Drive,0.0,0.0,0.0,0,(),0.0,0.0
16370,Center Drive,0.0,0.0,0.0,0,(),0.0,0.0
16375,Center Drive,0.0,0.0,0.0,0,(),0.0,0.0
16380,Center Drive,0.0,0.0,0.0,0,(),0.0,0.0
16385,Center Drive,0.0,0.0,0.0,0,(),0.0,0.0
16390,Center Drive,0.0,0.0,0.0,0,(),0.0,0.0
16395,Center Drive,0.0,0.0,0.0,0,(),0.0,0.0
16400,Center Drive,0.0,0.0,0.0,0,(),0.0,0.0
16405,Center Drive,0.0,0.0,0.0,0,(),0.0,0.0
16410,Center Drive,0.0,0.0,0.0,0,(),0.0,0.0
16415,Center Drive,0.0,0.0,0.0,0,(),0.0,0.0
16420,Center Drive,0.0,0.0,0.0,0,(),0.0,0.0
16425,Center Drive,0.0,0.0,0.0,0,(),0.0,0.0
16430,Center Drive,0.0,0.0,0.0,0,(),0.0,0.0
16435,Center Drive,0.0,0.0,0.0,0,(),0.0,0.0
16440,Center Drive,0.0,0.0,0.0,0,(),0.0,0.0
16445,Center Drive,0.0,0.0,0.0,0,(),0.0,0.0
16450,Center Drive,0.0,0.0,0.0,0,(),0.0,0.0
16455,Center Drive,0.0,0.0,0.0,0,(),0.0,0.0
16460,Center Drive,0.0,0.0,0.0,0,(),0.0,0.0
16465,Center Drive,0.0,0.0,0.0,0,(),0.0,0.0
16470,Center Drive,0.0,0.0,0.0,0,(),0.0,0.0
16475,Center Drive,0.0,0.0,0.0,0,(),0.0,0.0
16480,Center Drive,0.0,0.0,0.0,0,(),0.0,0.0
16485,Center Drive,0.0,0.0,0.0,0,(),0.0,0.0
16490,Center Drive,0.0,0.0,0.0,0,(),0.0,0.0
16495,Center Drive,0.0,0.0,0.0,0,(),0.0,0.0
16500,Center Drive,0.0,0.0,0.0,0,(),0.0,0.0
16505,Center Drive,0.0,0.0,0.0,0,(),0.0,0.0
16510,Center Drive,0.0,0.0,0.0,0,(),0.0,0.0
16515,Center Drive,0.0,0.0,0.0,0,(),0.0,0.0
16520,Center Drive,0.0,0.0,0.0,0,(),0.0,0.0
16525,Center Drive,0.0,0.0,0.0,0,(),0.0,0.0
16530,Center Drive,0.0,0.0,0.0,0,(),0.0,0.0
16535,Center Drive,0.0,0.0,0.0,0,(),0.0,0.0
16540,Center Drive,0.0,0.0,0.0,0,(),0.0,0.0
16545,Center Drive,0.0,0.0,0.0,0,(),0.0,0.0
16550,Center Drive,0.0,0.0,0.0,0,(),0.0,0.0
16555,Center Drive,0.0,0.0,0.0,0,(),0.0,0.0
16560,Center Drive,0.0,0.0,0.0,0,(),0.0,0.0
16565,Center Drive,0.0,0.0,0.0,0,(),0.0,0.0
16570,Center Drive,0.0,0.0,0.0,0,(),0.0,0.0
16575,Center Drive,0.0,0.0,0.0,0,(),0.0,0.0
16580,Center Drive,0.0,0.0,0.0,0,(),0.0,0.0
16585,Center Drive,0.0,0.0,0.0,0,(),0.0,0.0
16590,Center Drive,0.0,0.0,0.0,0,(),0.0,0.0
16595,Center Drive,0.0,0.0,0.0,0,(),0.0,0.0
16600,Center Drive,0.0,0.0,0.0,0,(),0.0,0.0
16605,Center Drive,0.0,0.0,0.0,0,(),0.0,0.0
16610,Center Drive,0.0,0.0,0.0,0,(),0.0,0.0
16615,Center Drive,0.0,0.0,0.0,0,(),0.0,0.0
16620,Center Drive,0.0,0.0,0.0,0,(),0.0,0.0
16625,Center Drive,0.0,0.0,0.0,0,(),0.0,0.0
16630,Center Drive,0.0,0.0,0.0,0,(),0.0,0.0
16635,Center Drive,0.0,0.0,0.0,0,(),0.0,0.0
16640,Center Drive,0.0,0.0,0.0,0,(),0.0,0.0
16645,Center Drive,0.0,0.0,0.0,0,(),0.0,0.0
16650,Center Drive,0.0,0.0,0.0,0,(),0.0,0.0
16655,Center Drive,0.0,0.0,0.0,0,(),0.0,0.0
16660,Center Drive,0.0,0.0,0.0,0,(),0.0,0.0
16665,Center Drive,0.0,0.0,0.0,0,(),0.0,0.0
16670,Center Drive,0.0,0.0,0.0,0,(),0.0,0.0
16675,Center Drive,0.0,0.0,0.0,0,(),0.0,0.0
16680,Center Drive,0.0,0.0,0.0,0,(),0.0,0.0
16685,Center Drive,0.0,0.0,0.0,0,(),0.0,0.0
16690,Center Drive,0.0,0.0,0.0,0,(),0.0,0.0
16695,Center Drive,0.0,0.0,0.0,0,(),0.0,0.0
16700,Center Drive,0.0,0.0,0.0,0,(),0.0,0.0
16705,Center Drive,0.0,0.0,0.0,0,(),0.0,0.0
16710,Center Drive,0.0,0.0,0.0,0,(),0.0,0.0
16715,Center Drive,0.0,0.0,0.0,0,(),0.0,0.0
16720,Center Drive,0.0,0.0,0.0,0,(),0.0,0.0
16725,Center Drive,0.0,0.0,0.0,0,(),0.0,0.0
16730,Center Drive,0.0,0.0,0.0,0,(),0.0,0.0
16735,Center Drive,0.0,0.0,0.0,0,(),0.0,0.0
16740,Center Drive,0.0,0.0,0.0,0,(),0.0,0.0
16745,Center Drive,0.0,0.0,0.0,0,(),0.0,0.0
16750,Center Drive,0.0,0.0,0.0,0,(),0.0,0.0
16755,Center Drive,0.0,0.0,0.0,0,(),0.0,0.0
16760,Center Drive,0.0,0.0,0.0,0,(),0.0,0.0
16765,Center Drive,0.0,0.0,0.0,0,(),0.0,0.0
16770,Center Drive,0.0,0.0,0.0,0,(),0.0,0.0
16775,Center Drive,0.0,0.0,0.0,0,(),0.0,0.0
16780,Center Drive,0.0,0.0,0.0,0,(),0.0,0.0
16785,Center Drive,0.0,0.0,0.0,0,(),0.0,0.0
16790,Center Drive,0.0,0.0,0.0,0,(),0.0,0.0
16795,Center Drive,0.0,0.0,0.0,0,(),0.0,0.0
16800,Center Drive,0.0,0.0,0.0,0,(),0.0,0.0
16805,Center Drive,0.0,0.0,0.0,0,(),0.0,0.0
16810,Center Drive,0.0,0.0,0.0,0,(),0.0,0.0
16815,Center Drive,0.0,0.0,0.0,0,(),0.0,0.0
16820,Center Drive,0.0,0.0,0.0,0,(),0.0,0.0
16825,Center Drive,0.0,0.0,0.0,0,(),0.0,0.0
16830,Center Drive,0.0,0.0,0.0,0,(),0.0,0.0
16835,Center Drive,0.0,0.0,0.0,0,(),0.0,0.0
16840,Center Drive,0.0,0.0,0.0,0,(),0.0,0.0
16845,Center Drive,0.0,0.0,0.0,0,(),0.0,0.0
16850,Center Drive,0.0,0.0,0.0,0,(),0.0,0.0
16855,Center Drive,0.0,0.0,0.0,0,(),0.0,0.0
16860,Center Drive,0.0,0.0,0.0,0,(),0.0,0.0
16865,Center Drive,0.0,0.0,0.0,0,(),0.0,0.0
16870,Center Drive,0.0,0.0,0.0,0,(),0.0,0.0
16875,Center Drive,0.0,0.0,0.0,0,(),0.0,0.0
16880,Center Drive,0.0,0.0,0.0,0,(),0.0,0.0
16885,Center Drive,0.0,0.0,0.0,0,(),0.0,0.0
16890,Center Drive,0.0,0.0,0.0,0,(),0.0,0.0
16895,Center Drive,0.0,0.0,0.0,0,(),0.0,0.0
16900,Center Drive,0.0,0.0,0.0,0,(),0.0,0.0
16905,Center Drive,0.0,0.0,0.0,0,(),0.0,0.0
16910,Center Drive,0.0,0.0,0.0,0,(),0.0,0.0
16915,Center Drive,0.0,0.0,0.0,0,(),0.0,0.0
16920,Center Drive,0.0,0.0,0.0,0,(),0.0,0.0
16925,Center Drive,0.0,0.0,0.0,0,(),0.0,0.0
16930,Center Drive,0.0,0.0,0.0,0,(),0.0,0.0
16935,Center Drive,0.0,0.0,0.0,0,(),0.0,0.0
16940,Center Drive,0.0,0.0,0.0,0,(),0.0,0.0
16945,Center Drive,0.0,0.0,0.0,0,(),0.0,0.0
16950,Center Drive,0.0,0.0,0.0,0,(),0.0,0.0
16955,Center Drive,0.0,0.0,0.0,0,(),0.0,0.0
16960,Center Drive,0.0,0.0,0.0,0,(),0.0,0.0
16965,Center Drive,0.0,0.0,0.0,0,(),0.0,0.0
16970,Center Drive,0.0,0.0,0.0,0,(),0.0,0.0
16975,Center Drive,0.0,0.0,0.0,0,(),0.0,0.0
16980,Center Drive,0.0,0.0,0.0,0,(),0.0,0.0
16985,Center Drive,0.0,0.0,0.0,0,(),0.0,0.0
16990,Center Drive,0.0,0.0,0.0,0,(),0.0,0.0
16995,Center Drive,0.0,0.0,0.0,0,(),0.0,0.0
17000,Center Drive,0.0,0.0,0.0,0,(),0.0,0.0
17005,Center Drive,0.0,0.0,0.0,0,(),0.0,0.0
17010,Center Drive,0.0,0.0,0.0,0,(),0.0,0.0
17015,Center Drive,0.0,0.0,0.0,0,(),0.0,0.0
17020,Center Drive,0.0,0.0,0.0,0,(),0.0,0.0
17025,Center Drive,0.0,0.0,0.0,0,(),0.0,0.0
17030,Center Drive,0.0,0.0,0.0,0,(),0.0,0.0
17035,Center Drive,0.0,0.0,0.0,0,(),0.0,0.0
17040,Center Drive,0.0,0.0,0.0,0,(),0.0,0.0
17045,Center Drive,0.0,0.0,0.0,0,(),0.0,0.0
17050,Center Drive,0.0,0.0,0.0,0,(),0.0,0.0
17055,Center Drive,0.0,0.0,0.0,0,(),0.0,0.0
17060,Center Drive,0.0,0.0,0.0,0,(),0.0,0.0
17065,Center Drive,0.0,0.0,0.0,0,(),0.0,0.0
17070,Center Drive,0.0,0.0,0.0,0,(),0.0,0.0
17075,Center Drive,0.0,0.0,0.0,0,(),0.0,0.0
17080,Center Drive,0.0,0.0,0.0,0,(),0.0,0.0
17085,Center Drive,0.0,0.0,0.0,0,(),0.0,0.0
17090,Center Drive,0.0,0.0,0.0,0,(),0.0,0.0
17095,Center Drive,0.0,0.0,0.0,0,(),0.0,0.0
17100,Center Drive,0.0,0.0,0.0,0,(),0.0,0.0
17105,Center Drive,0.0,0.0,0.0,0,(),0.0,0.0
17110,Center Drive,0.0,0.0,0.0,0,(),0.0,0.0
17115,Center Drive,0.0,0.0,0.0,0,(),0.0,0.0
17120,Center Drive,0.0,0.0,0.0,0,(),0.0,0.0
17125,Center Drive,0.0,0.0,0.0,0,(),0.0,0.0
17130,Center Drive,0.0,0.0,0.0,0,(),0.0,0.0
17135,Center Drive,0.0,0.0,0.0,0,(),0.0,0.0
17140,Center Drive,0.0,0.0,0.0,0,(),0.0,0.0
17145,Center Drive,0.0,0.0,0.0,0,(),0.0,0.0
17150,Center Drive,0.0,0.0,0.0,0,(),0.0,0.0
17155,Center Drive,0.0,0.0,0.0,0,(),0.0,0.0
17160,Center Drive,0.0,0.0,0.0,0,(),0.0,0.0
17165,Center Drive,0.0,0.0,0.0,0,(),0.0,0.0
17170,Center Drive,0.0,0.0,0.0,0,(),0.0,0.0
17175,Center Drive,0.0,0.0,0.0,0,(),0.0,0.0
17180,Center Drive,0.0,0.0,0.0,0,(),0.0,0.0
17185,Center Drive,0.0,0.0,0.0,0,(),0.0,0.0
17190,Center Drive,0.0,0.0,0.0,0,(),0.0,0.0
17195,Center Drive,0.0,0.0,0.0,0,(),0.0,0.0
17200,Center Drive,0.0,0.0,0.0,0,(),0.0,0.0
17205,Center Drive,0.0,0.0,0.0,0,(),0.0,0.0
17210,Center Drive,0.0,0.0,0.0,0,(),0.0,0.0
17215,Center Drive,0.0,0.0,0.0,0,(),0.0,0.0
17220,Center Drive,0.0,0.0,0.0,0,(),0.0,0.0
17225,Center Drive,0.0,0.0,0.0,0,(),0.0,0.0
17230,Center Drive,0.0,0.0,0.0,0,(),0.0,0.0
17235,Center Drive,0.0,0.0,0.0,0,(),0.0,0.0
17240,Center Drive,0.0,0.0,0.0,0,(),0.0,0.0
17245,Center Drive,0.0,0.0,0.0,0,(),0.0,0.0
17250,Center Drive,0.0,0.0,0.0,0,(),0.0,0.0
17255,Center Drive,0.0,0.0,0.0,0,(),0.0,0.0
17260,Center Drive,0.0,0.0,0.0,0,(),0.0,0.0
17265,Center Drive,0.0,0.0,0.0,0,(),0.0,0.0
17270,Center Drive,0.0,0.0,0.0,0,(),0.0,0.0
17275,Center Drive,0.0,0.0,0.0,0,(),0.0,0.0
17280,Center Drive,0.0,0.0,0.0,0,(),0.0,0.0
17285,Center Drive,0.0,0.0,0.0,0,(),0.0,0.0
17290,Center Drive,0.0,0.0,0.0,0,(),0.0,0.0
17295,Center Drive,0.0,0.0,0.0,0,(),0.0,0.0
17300,Center Drive,0.0,0.0,0.0,0,(),0.0,0.0
17305,Center Drive,0.0,0.0,0.0,0,(),0.0,0.0
17310,Center Drive,0.0,0.0,0.0,0,(),0.0,0.0
17315,Center Drive,0.0,0.0,0.0,0,(),0.0,0.0
17320,Center Drive,0.0,0.0,0.0,0,(),0.0,0.0
17325,Center Drive,0.0,0.0,0.0,0,(),0.0,0.0
17330,Center Drive,0.0,0.0,0.0,0,(),0.0,0.0
17335,Center Drive,0.0,0.0,0.0,0,(),0.0,0.0
17340,Center Drive,0.0,0.0,0.0,0,(),0.0,0.0
17345,Center Drive,0.0,0.0,0.0,0,(),0.0,0.0
17350,Center Drive,0.0,0.0,0.0,0,(),0.0,0.0
17355,Center Drive,0.0,0.0,0.0,0,(),0.0,0.0
17360,Center Drive,0.0,0.0,0.0,0,(),0.0,0.0
17365,Center Drive,0.0,0.0,0.0,0,(),0.0,0.0
17370,Center Drive,0.0,0.0,0.0,0,(),0.0,0.0
17375,Center Drive,0.0,0.0,0.0,0,(),0.0,0.0
17380,Center Drive,0.0,0.0,0.0,0,(),0.0,0.0
17385,Center Drive,0.0,0.0,0.0,0,(),0.0,0.0
17390,Center Drive,0.0,0.0,0.0,0,(),0.0,0.0
17395,Center Drive,0.0,0.0,0.0,0,(),0.0,0.0
17400,Center Drive,0.0,0.0,0.0,0,(),0.0,0.0
17405,Center Drive,0.0,0.0,0.0,0,(),0.0,0.0
17410,Center Drive,0.0,0.0,0.0,0,(),0.0,0.0
17415,Center Drive,0.0,0.0,0.0,0,(),0.0,0.0
17420,Center Drive,0.0,0.0,0.0,0,(),0.0,0.0
17425,Center Drive,0.0,0.0,0.0,0,(),0.0,0.0
17430,Center Drive,0.0,0.0,0.0,0,(),0.0,0.0
17435,Center Drive,0.0,0.0,0.0,0,(),0.0,0.0
17440,Center Drive,0.0,0.0,0.0,0,(),0.0,0.0
17445,Center Drive,0.0,0.0,0.0,0,(),0.0,0.0
17450,Center Drive,0.0,0.0,0.0,0,(),0.0,0.0
17455,Center Drive,0.0,0.0,0.0,0,(),0.0,0.0
17460,Center Drive,0.0,0.0,0.0,0,(),0.0,0.0
17465,Center Drive,0.0,0.0,0.0,0,(),0.0,0.0
17470,Center Drive,0.0,0.0,0.0,0,(),0.0,0.0
17475,Center Drive,0.0,0.0,0.0,0,(),0.0,0.0
17480,Center Drive,0.0,0.0,0.0,0,(),0.0,0.0
17485,Center Drive,0.0,0.0,0.0,0,(),0.0,0.0
17490,Center Drive,0.0,0.0,0.0,0,(),0.0,0.0
17495,Center Drive,0.0,0.0,0.0,0,(),0.0,0.0
17500,Center Drive,0.0,0.0,0.0,0,(),0.0,0.0
17505,Center Drive,0.0,0.0,0.0,0,(),0.0,0.0
17510,Center Drive,0.0,0.0,0.0,0,(),0.0,0.0
17515,Center Drive,0.0,0.0,0.0,0,(),0.0,0.0
17520,Center Drive,0.0,0.0,0.0,0,(),0.0,0.0
17525,Center Drive,0.0,0.0,0.0,0,(),0.0,0.0
17530,Center Drive,0.0,0.0,0.0,0,(),0.0,0.0
17535,Center Drive,0.0,0.0,0.0,0,(),0.0,0.0
17540,Center Drive,0.0,0.0,0.0,0,(),0.0,0.0
17545,Center Drive,0.0,0.0,0.0,0,(),0.0,0.0
17550,Center Drive,0.0,0.0,0.0,0,(),0.0,0.0
17555,Center Drive,0.0,0.0,0.0,0,(),0.0,0.0
17560,Center Drive,0.0,0.0,0.0,0,(),0.0,0.0
17565,Center Drive,0.0,0.0,0.0,0,(),0.0,0.0
17570,Center Drive,0.0,0.0,0.0,0,(),0.0,0.0
17575,Center Drive,0.0,0.0,0.0,0,(),0.0,0.0
17580,Center Drive,0.0,0.0,0.0,0,(),0.0,0.0
17585,Center Drive,0.0,0.0,0.0,0,(),0.0,0.0
17590,Center Drive,0.0,0.0,0.0,0,(),0.0,0.0
17595,Center Drive,0.0,0.0,0.0,0,(),0.0,0.0
17600,Center Drive,0.0,0.0,0.0,0,(),0.0,0.0
17605,Center Drive,0.0,0.0,0.0,0,(),0.0,0.0
17610,Center Drive,0.0,0.0,0.0,0,(),0.0,0.0
17615,Center Drive,0.0,0.0,0.0,0,(),0.0,0.0
17620,Center Drive,0.0,0.0,0.0,0,(),0.0,0.0
17625,Center Drive,0.0,0.0,0.0,0,(),0.0,0.0
17630,Center Drive,0.0,0.0,0.0,0,(),0.0,0.0
17635,Center Drive,0.0,0.0,0.0,0,(),0.0,0.0
17640,Center Drive,0.0,0.0,0.0,0,(),0.0,0.0
17645,Center Drive,0.0,0.0,0.0,0,(),0.0,0.0
17650,Center Drive,0.0,0.0,0.0,0,(),0.0,0.0
17655,Center Drive,0.0,0.0,0.0,0,(),0.0,0.0
17660,Center Drive,0.0,0.0,0.0,0,(),0.0,0.0
17665,Center Drive,0.0,0.0,0.0,0,(),0.0,0.0
17670,Center Drive,0.0,0.0,0.0,0,(),0.0,0.0
17675,Center Drive,0.0,0.0,0.0,0,(),0.0,0.0
17680,Center Drive,0.0,0.0,0.0,0,(),0.0,0.0
17685,Center Drive,0.0,0.0,0.0,0,(),0.0,0.0
17690,Center Drive,0.0,0.0,0.0,0,(),0.0,0.0
17695,Center Drive,0.0,0.0,0.0,0,(),0.0,0.0
17700,Center Drive,0.0,0.0,0.0,0,(),0.0,0.0
17705,Center Drive,0.0,0.0,0.0,0,(),0.0,0.0
17710,Center Drive,0.0,0.0,0.0,0,(),0.0,0.0
17715,Center Drive,0.0,0.0,0.0,0,(),0.0,0.0
17720,Center Drive,0.0,0.0,0.0,0,(),0.0,0.0
17725,Center Drive,0.0,0.0,0.0,0,(),0.0,0.0
17730,Center Drive,0.0,0.0,0.0,0,(),0.0,0.0
17735,Center Drive,0.0,0.0,0.0,0,(),0.0,0.0
17740,Center Drive,0.0,0.0,0.0,0,(),0.0,0.0
17745,Center Drive,0.0,0.0,0.0,0,(),0.0,0.0
17750,Center Drive,0.0,0.0,0.0,0,(),0.0,0.0
17755,Center Drive,0.0,0.0,0.0,0,(),0.0,0.0
17760,Center Drive,0.0,0.0,0.0,0,(),0.0,0.0
17765,Center Drive,0.0,0.0,0.0,0,(),0.0,0.0
17770,Center Drive,0.0,0.0,0.0,0,(),0.0,0.0
17775,Center Drive,0.0,0.0,0.0,0,(),0.0,0.0
17780,Center Drive,0.0,0.0,0.0,0,(),0.0,0.0
17785,Center Drive,0.0,0.0,0.0,0,(),0.0,0.0
17790,Center Drive,0.0,0.0,0.0,0,(),0.0,0.0
17795,Center Drive,0.0,0.0,0.0,0,(),0.0,0.0
17800,Center Drive,0.0,0.0,0.0,0,(),0.0,0.0
17805,Center Drive,0.0,0.0,0.0,0,(),0.0,0.0
17810,Center Drive,0.0,0.0,0.0,0,(),0.0,0.0
17815,Center Drive,0.0,0.0,0.0,0,(),0.0,0.0
17820,Center Drive,0.0,0.0,0.0,0,(),0.0,0.0
17825,Center Drive,0.0,0.0,0.0,0,(),0.0,0.0
17830,Center Drive,0.0,0.0,0.0,0,(),0.0,0.0
17835,Center Drive,0.0,0.0,0.0,0,(),0.0,0.0
17840,Center Drive,0.0,0.0,0.0,0,(),0.0,0.0
17845,Center Drive,0.0,0.0,0.0,0,(),0.0,0.0
17850,Center Drive,0.0,0.0,0.0,0,(),0.0,0.0
17855,Center Drive,0.0,0.0,0.0,0,(),0.0,0.0
17860,Center Drive,0.0,0.0,0.0,0,(),0.0,0.0
17865,Center Drive,0.0,0.0,0.0,0,(),0.0,0.0
17870,Center Drive,0.0,0.0,0.0,0,(),0.0,0.0
17875,Center Drive,0.0,0.0,0.0,0,(),0.0,0.0
17880,Center Drive,0.0,0.0,0.0,0,(),0.0,0.0
17885,Center Drive,0.0,0.0,0.0,0,(),0.0,0.0
17890,Center Drive,0.0,0.0,0.0,0,(),0.0,0.0
17895,Center Drive,0.0,0.0,0.0,0,(),0.0,0.0
17900,Center Drive,0.0,0.0,0.0,0,(),0.0,0.0
17905,Center Drive,0.0,0.0,0.0,0,(),0.0,0.0
17910,Center Drive,0.0,0.0,0.0,0,(),0.0,0.0
17915,Center Drive,0.0,0.0,0.0,0,(),0.0,0.0
17920,Center Drive,0.0,0.0,0.0,0,(),0.0,0.0
17925,Center Drive,0.0,0.0,0.0,0,(),0.0,0.0
17930,Center Drive,0.0,0.0,0.0,0,(),0.0,0.0
17935,Center Drive,0.0,0.0,0.0,0,(),0.0,0.0
17940,Center Drive,0.0,0.0,0.0,0,(),0.0,0.0
17945,Center Drive,0.0,0.0,0.0,0,(),0.0,0.0
17950,Center Drive,0.0,0.0,0.0,0,(),0.0,0.0
17955,Center Drive,0.0,0.0,0.0,0,(),0.0,0.0
17960,Center Drive,0.0,0.0,0.0,0,(),0.0,0.0
17965,Center Drive,0.0,0.0,0.0,0,(),0.0,0.0
17970,Center Drive,0.0,0.0,0.0,0,(),0.0,0.0
17975,Center Drive,0.0,0.0,0.0,0,(),0.0,0.0
17980,Center Drive,0.0,0.0,0.0,0,(),0.0,0.0
17985,Center Drive,0.0,0.0,0.0,0,(),0.0,0.0
17990,Center Drive,0.0,0.0,0.0,0,(),0.0,0.0
17995,Center Drive,0.0,0.0,0.0,0,(),0.0,0.0
18000,Center Drive,0.0,0.0,0.0,0,(),0.0,0.0
18005,Center Drive,0.0,0.0,0.0,0,(),0.0,0.0
18010,Center Drive,0.0,0.0,0.0,0,(),0.0,0.0
18015,Center Drive,0.0,0.0,0.0,0,(),0.0,0.0
18020,Center Drive,0.0,0.0,0.0,0,(),0.0,0.0
18025,Center Drive,0.0,0.0,0.0,0,(),0.0,0.0
18030,Center Drive,0.0,0.0,0.0,0,(),0.0,0.0
18035,Center Drive,0.0,0.0,0.0,0,(),0.0,0.0
18040,Center Drive,0.0,0.0,0.0,0,(),0.0,0.0
18045,Center Drive,0.0,0.0,0.0,0,(),0.0,0.0
18050,Center Drive,0.0,0.0,0.0,0,(),0.0,0.0
18055,Center Drive,0.0,0.0,0.0,0,(),0.0,0.0
18060,Center Drive,0.0,0.0,0.0,0,(),0.0,0.0
18065,Center Drive,0.0,0.0,0.0,0,(),0.0,0.0
18070,Center Drive,0.0,0.0,0.0,0,(),0.0,0.0
18075,Center Drive,0.0,0.0,0.0,0,(),0.0,0.0
18080,Center Drive,0.0,0.0,0.0,0,(),0.0,0.0
18085,Center Drive,0.0,0.0,0.0,0,(),0.0,0.0
18090,Center Drive,0.0,0.0,0.0,0,(),0.0,0.0
18095,Center Drive,0.0,0.0,0.0,0,(),0.0,0.0
18100,Center Drive,0.0,0.0,0.0,0,(),0.0,0.0
18105,Center Drive,0.0,0.0,0.0,0,(),0.0,0.0
18110,Center Drive,0.0,0.0,0.0,0,(),0.0,0.0
18115,Center Drive,0.0,0.0,0.0,0,(),0.0,0.0
18120,Center Drive,0.0,0.0,0.0,0,(),0.0,0.0
18125,Center Drive,0.0,0.0,0.0,0,(),0.0,0.0
18130,Center Drive,0.0,0.0,0.0,0,(),0.0,0.0
18135,Center Drive,0.0,0.0,0.0,0,(),0.0,0.0
18140,Center Drive,0.0,0.0,0.0,0,(),0.0,0.0
18145,Center Drive,0.0,0.0,0.0,0,(),0.0,0.0
18150,Center Drive,0.0,0.0,0.0,0,(),0.0,0.0
18155,Center Drive,0.0,0.0,0.0,0,(),0.0,0.0
18160,Center Drive,0.0,0.0,0.0,0,(),0.0,0.0
18165,Center Drive,0.0,0.0,0.0,0,(),0.0,0.0
18170,Center Drive,0.0,0.0,0.0,0,(),0.0,0.0
18175,Center Drive,0.0,0.0,0.0,0,(),0.0,0.0
18180,Center Drive,0.0,0.0,0.0,0,(),0.0,0.0
18185,Center Drive,0.0,0.0,0.0,0,(),0.0,0.0
18190,Center Drive,0.0,0.0,0.0,0,(),0.0,0.0
18195,Center Drive,0.0,0.0,0.0,0,(),0.0,0.0
18200,Center Drive,0.0,0.0,0.0,0,(),0.0,0.0
18205,Center Drive,0.0,0.0,0.0,0,(),0.0,0.0
18210,Center Drive,0.0,0.0,0.0,0,(),0.0,0.0
18215,Center Drive,0.0,0.0,0.0,0,(),0.0,0.0
18220,Center Drive,0.0,0.0,0.0,0,(),0.0,0.0
18225,Center Drive,0.0,0.0,0.0,0,(),0.0,0.0
18230,Center Drive,0.0,0.0,0.0,0,(),0.0,0.0
18235,Center Drive,0.0,0.0,0.0,0,(),0.0,0.0
18240,Center Drive,0.0,0.0,0.0,0,(),0.0,0.0
18245,Center Drive,0.0,0.0,0.0,0,(),0.0,0.0
18250,Center Drive,0.0,0.0,0.0,0,(),0.0,0.0
18255,Center Drive,0.0,0.0,0.0,0,(),0.0,0.0
18260,Center Drive,0.0,0.0,0.0,0,(),0.0,0.0
18265,Center Drive,0.0,0.0,0.0,0,(),0.0,0.0
18270,Center Drive,0.0,0.0,0.0,0,(),0.0,0.0
18275,Center Drive,0.0,0.0,0.0,0,(),0.0,0.0
18280,Center Drive,0.0,0.0,0.0,0,(),0.0,0.0
18285,Center Drive,0.0,0.0,0.0,0,(),0.0,0.0
18290,Center Drive,0.0,0.0,0.0,0,(),0.0,0.0
18295,Center Drive,0.0,0.0,0.0,0,(),0.0,0.0
18300,Center Drive,0.0,0.0,0.0,0,(),0.0,0.0
18305,Center Drive,0.0,0.0,0.0,0,(),0.0,0.0
18310,Center Drive,0.0,0.0,0.0,0,(),0.0,0.0
18315,Center Drive,0.0,0.0,0.0,0,(),0.0,0.0
18320,Center Drive,0.0,0.0,0.0,0,(),0.0,0.0
18325,Center Drive,0.0,0.0,0.0,0,(),0.0,0.0
18330,Center Drive,0.0,0.0,0.0,0,(),0.0,0.0
18335,Center Drive,0.0,0.0,0.0,0,(),0.0,0.0
18340,Center Drive,0.0,0.0,0.0,0,(),0.0,0.0
18345,Center Drive,0.0,0.0,0.0,0,(),0.0,0.0
18350,Center Drive,0.0,0.0,0.0,0,(),0.0,0.0
18355,Center Drive,0.0,0.0,0.0,0,(),0.0,0.0
18360,Center Drive,0.0,0.0,0.0,0,(),0.0,0.0
18365,Center Drive,0.0,0.0,0.0,0,(),0.0,0.0
18370,Center Drive,0.0,0.0,0.0,0,(),0.0,0.0
18375,Center Drive,0.0,0.0,0.0,0,(),0.0,0.0
18380,Center Drive,0.0,0.0,0.0,0,(),0.0,0.0
18385,Center Drive,0.0,0.0,0.0,0,(),0.0,0.0
18390,Center Drive,0.0,0.0,0.0,0,(),0.0,0.0
18395,Center Drive,0.0,0.0,0.0,0,(),0.0,0.0
18400,Center Drive,0.0,0.0,0.0,0,(),0.0,0.0
18405,Center Drive,0.0,0.0,0.0,0,(),0.0,0.0
18410,Center Drive,0.0,0.0,0.0,0,(),0.0,0.0
18415,Center Drive,0.0,0.0,0.0,0,(),0.0,0.0
18420,Center Drive,0.0,0.0,0.0,0,(),0.0,0.0
18425,Center Drive,0.0,0.0,0.0,0,(),0.0,0.0
18430,Center Drive,0.0,0.0,0.0,0,(),0.0,0.0
18435,Center Drive,0.0,0.0,0.0,0,(),0.0,0.0
18440,Center Drive,0.0,0.0,0.0,0,(),0.0,0.0
18445,Center Drive,0.0,0.0,0.0,0,(),0.0,0.0
18450,Center Drive,0.0,0.0,0.0,0,(),0.0,0.0
18455,Center Drive,0.0,0.0,0.0,0,(),0.0,0.0
18460,Center Drive,0.0,0.0,0.0,0,(),0.0,0.0
18465,Center Drive,0.0,0.0,0.0,0,(),0.0,0.0
18470,Center Drive,0.0,0.0,0.0,0,(),0.0,0.0
18475,Center Drive,0.0,0.0,0.0,0,(),0.0,0.0
18480,Center Drive,0.0,0.0,0.0,0,(),0.0,0.0
18485,Center Drive,0.0,0.0,0.0,0,(),0.0,0.0
18490,Center Drive,0.0,0.0,0.0,0,(),0.0,0.0
18495,Center Drive,0.0,0.0,0.0,0,(),0.0,0.0
18500,Center Drive,0.0,0.0,0.0,0,(),0.0,0.0
18505,Center Drive,0.0,0.0,0.0,0,(),0.0,0.0
18510,Center Drive,0.0,0.0,0.0,0,(),0.0,0.0
18515,Center Drive,0.0,0.0,0.0,0,(),0.0,0.0
18520,Center Drive,0.0,0.0,0.0,0,(),0.0,0.0
18525,Center Drive,0.0,0.0,0.0,0,(),0.0,0.0
18530,Center Drive,0.0,0.0,0.0,0,(),0.0,0.0
18535,Center Drive,0.0,0.0,0.0,0,(),0.0,0.0
18540,Center Drive,0.0,0.0,0.0,0,(),0.0,0.0
18545,Center Drive,0.0,0.0,0.0,0,(),0.0,0.0
18550,Center Drive,0.0,0.0,0.0,0,(),0.0,0.0
18555,Center Drive,0.0,0.0,0.0,0,(),0.0,0.0
18560,Center Drive,0.0,0.0,0.0,0,(),0.0,0.0
18565,Center Drive,0.0,0.0,0.0,0,(),0.0,0.0
18570,Center Drive,0.0,0.0,0.0,0,(),0.0,0.0
18575,Center Drive,0.0,0.0,0.0,0,(),0.0,0.0
18580,Center Drive,0.0,0.0,0.0,0,(),0.0,0.0
18585,Center Drive,0.0,0.0,0.0,0,(),0.0,0.0
18590,Center Drive,0.0,0.0,0.0,0,(),0.0,0.0
18595,Center Drive,0.0,0.0,0.0,0,(),0.0,0.0
18600,Center Drive,0.0,0.0,0.0,0,(),0.0,0.0
18605,Center Drive,0.0,0.0,0.0,0,(),0.0,0.0
18610,Center Drive,0.0,0.0,0.0,0,(),0.0,0.0
18615,Center Drive,0.0,0.0,0.0,0,(),0.0,0.0
18620,Center Drive,0.0,0.0,0.0,0,(),0.0,0.0
18625,Center Drive,0.0,0.0,0.0,0,(),0.0,0.0
18630,Center Drive,0.0,0.0,0.0,0,(),0.0,0.0
18635,Center Drive,0.0,0.0,0.0,0,(),0.0,0.0
18640,Center Drive,0.0,0.0,0.0,0,(),0.0,0.0
18645,Center Drive,0.0,0.0,0.0,0,(),0.0,0.0
18650,Center Drive,0.0,0.0,0.0,0,(),0.0,0.0
18655,Center Drive,0.0,0.0,0.0,0,(),0.0,0.0
18660,Center Drive,0.0,0.0,0.0,0,(),0.0,0.0
18665,Center Drive,0.0,0.0,0.0,0,(),0.0,0.0
18670,Center Drive,0.0,0.0,0.0,0,(),0.0,0.0
18675,Center Drive,0.0,0.0,0.0,0,(),0.0,0.0
18680,Center Drive,0.0,0.0,0.0,0,(),0.0,0.0
18685,Center Drive,0.0,0.0,0.0,0,(),0.0,0.0
18690,Center Drive,0.0,0.0,0.0,0,(),0.0,0.0
18695,Center Drive,0.0,0.0,0.0,0,(),0.0,0.0
18700,Center Drive,0.0,0.0,0.0,0,(),0.0,0.0
18705,Center Drive,0.0,0.0,0.0,0,(),0.0,0.0
18710,Center Drive,0.0,0.0,0.0,0,(),0.0,0.0
18715,Center Drive,0.0,0.0,0.0,0,(),0.0,0.0
18720,Center Drive,0.0,0.0,0.0,0,(),0.0,0.0
18725,Center Drive,0.0,0.0,0.0,0,(),0.0,0.0
18730,Center Drive,0.0,0.0,0.0,0,(),0.0,0.0
18735,Center Drive,0.0,0.0,0.0,0,(),0.0,0.0
18740,Center Drive,0.0,0.0,0.0,0,(),0.0,0.0
18745,Center Drive,0.0,0.0,0.0,0,(),0.0,0.0
18750,Center Drive,0.0,0.0,0.0,0,(),0.0,0.0
18755,Center Drive,0.0,0.0,0.0,0,(),0.0,0.0
18760,Center Drive,0.0,0.0,0.0,0,(),0.0,0.0
18765,Center Drive,0.0,0.0,0.0,0,(),0.0,0.0
18770,Center Drive,0.0,0.0,0.0,0,(),0.0,0.0
18775,Center Drive,0.0,0.0,0.0,0,(),0.0,0.0
18780,Center Drive,0.0,0.0,0.0,0,(),0.0,0.0
18785,Center Drive,0.0,0.0,0.0,0,(),0.0,0.0
18790,Center Drive,0.0,0.0,0.0,0,(),0.0,0.0
18795,Center Drive,0.0,0.0,0.0,0,(),0.0,0.0
18800,Center Drive,0.0,0.0,0.0,0,(),0.0,0.0
18805,Center Drive,0.0,0.0,0.0,0,(),0.0,0.0
18810,Center Drive,0.0,0.0,0.0,0,(),0.0,0.0
18815,Center Drive,0.0,0.0,0.0,0,(),0.0,0.0
18820,Center Drive,0.0,0.0,0.0,0,(),0.0,0.0
18825,Center Drive,0.0,0.0,0.0,0,(),0.0,0.0
18830,Center Drive,0.0,0.0,0.0,0,(),0.0,0.0
18835,Center Drive,0.0,0.0,0.0,0,(),0.0,0.0
18840,Center Drive,0.0,0.0,0.0,0,(),0.0,0.0
18845,Center Drive,0.0,0.0,0.0,0,(),0.0,0.0
18850,Center Drive,0.0,0.0,0.0,0,(),0.0,0.0
18855,Center Drive,0.0,0.0,0.0,0,(),0.0,0.0
18860,Center Drive,0.0,0.0,0.0,0,(),0.0,0.0
18865,Center Drive,0.0,0.0,0.0,0,(),0.0,0.0
18870,Center Drive,0.0,0.0,0.0,0,(),0.0,0.0
18875,Center Drive,0.0,0.0,0.0,0,(),0.0,0.0
18880,Center Drive,0.0,0.0,0.0,0,(),0.0,0.0
18885,Center Drive,0.0,0.0,0.0,0,(),0.0,0.0
18890,Center Drive,0.0,0.0,0.0,0,(),0.0,0.0
18895,Center Drive,0.0,0.0,0.0,0,(),0.0,0.0
18900,Center Drive,0.0,0.0,0.0,0,(),0.0,0.0
18905,Center Drive,0.0,0.0,0.0,0,(),0.0,0.0
18910,Center Drive,0.0,0.0,0.0,0,(),0.0,0.0
18915,Center Drive,0.0,0.0,0.0,0,(),0.0,0.0
18920,Center Drive,0.0,0.0,0.0,0,(),0.0,0.0
18925,Center Drive,0.0,0.0,0.0,0,(),0.0,0.0
18930,Center Drive,0.0,0.0,0.0,0,(),0.0,0.0
18935,Center Drive,0.0,0.0,0.0,0,(),0.0,0.0
18940,Center Drive,0.0,0.0,0.0,0,(),0.0,0.0
18945,Center Drive,0.0,0.0,0.0,0,(),0.0,0.0
18950,Center Drive,0.0,0.0,0.0,0,(),0.0,0.0
18955,Center Drive,0.0,0.0,0.0,0,(),0.0,0.0
18960,Center Drive,0.0,0.0,0.0,0,(),0.0,0.0
18965,Center Drive,0.0,0.0,0.0,0,(),0.0,0.0
18970,Center Drive,0.0,0.0,0.0,0,(),0.0,0.0
18975,Center Drive,0.0,0.0,0.0,0,(),0.0,0.0
18980,Center Drive,0.0,0.0,0.0,0,(),0.0,0.0
18985,Center Drive,0.0,0.0,0.0,0,(),0.0,0.0
18990,Center Drive,0.0,0.0,0.0,0,(),0.0,0.0
18995,Center Drive,0.0,0.0,0.0,0,(),0.0,0.0
19000,Center Drive,0.0,0.0,0.0,0,(),0.0,0.0
19005,Center Drive,0.0,0.0,0.0,0,(),0.0,0.0
19010,Center Drive,0.0,0.0,0.0,0,(),0.0,0.0
19015,Center Drive,0.0,0.0,0.0,0,(),0.0,0.0
19020,Center Drive,0.0,0.0,0.0,0,(),0.0,0.0
19025,Center Drive,0.0,0.0,0.0,0,(),0.0,0.0
19030,Center Drive,0.0,0.0,0.0,0,(),0.0,0.0
19035,Center Drive,0.0,0.0,0.0,0,(),0.0,0.0
19040,Center Drive,0.0,0.0,0.0,0,(),0.0,0.0
19045,Center Drive,0.0,0.0,0.0,0,(),0.0,0.0
19050,Center Drive,0.0,0.0,0.0,0,(),0.0,0.0
19055,Center Drive,0.0,0.0,0.0,0,(),0.0,0.0
19060,Center Drive,0.0,0.0,0.0,0,(),0.0,0.0
19065,Center Drive,0.0,0.0,0.0,0,(),0.0,0.0
19070,Center Drive,0.0,0.0,0.0,0,(),0.0,0.0
19075,Center Drive,0.0,0.0,0.0,0,(),0.0,0.0
19080,Center Drive,0.0,0.0,0.0,0,(),0.0,0.0
19085,Center Drive,0.0,0.0,0.0,0,(),0.0,0.0
19090,Center Drive,0.0,0.0,0.0,0,(),0.0,0.0
19095,Center Drive,0.0,0.0,0.0,0,(),0.0,0.0
19100,Center Drive,0.0,0.0,0.0,0,(),0.0,0.0
19105,Center Drive,0.0,0.0,0.0,0,(),0.0,0.0
19110,Center Drive,0.0,0.0,0.0,0,(),0.0,0.0
19115,Center Drive,0.0,0.0,0.0,0,(),0.0,0.0
19120,Center Drive,0.0,0.0,0.0,0,(),0.0,0.0
19125,Center Drive,0.0,0.0,0.0,0,(),0.0,0.0
19130,Center Drive,0.0,0.0,0.0,0,(),0.0,0.0
19135,Center Drive,0.0,0.0,0.0,0,(),0.0,0.0
19140,Center Drive,0.0,0.0,0.0,0,(),0.0,0.0
19145,Center Drive,0.0,0.0,0.0,0,(),0.0,0.0
19150,Center Drive,0.0,0.0,0.0,0,(),0.0,0.0
19155,Center Drive,0.0,0.0,0.0,0,(),0.0,0.0
19160,Center Drive,0.0,0.0,0.0,0,(),0.0,0.0
19165,Center Drive,0.0,0.0,0.0,0,(),0.0,0.0
19170,Center Drive,0.0,0.0,0.0,0,(),0.0,0.0
19175,Center Drive,0.0,0.0,0.0,0,(),0.0,0.0
19180,Center Drive,0.0,0.0,0.0,0,(),0.0,0.0
19185,Center Drive,0.0,0.0,0.0,0,(),0.0,0.0
19190,Center Drive,0.0,0.0,0.0,0,(),0.0,0.0
19195,Center Drive,0.0,0.0,0.0,0,(),0.0,0.0
19200,Center Drive,0.0,0.0,0.0,0,(),0.0,0.0
19205,Center Drive,0.0,0.0,0.0,0,(),0.0,0.0
19210,Center Drive,0.0,0.0,0.0,0,(),0.0,0.0
19215,Center Drive,0.0,0.0,0.0,0,(),0.0,0.0
19220,Center Drive,0.0,0.0,0.0,0,(),0.0,0.0
19225,Center Drive,0.0,0.0,0.0,0,(),0.0,0.0
19230,Center Drive,0.0,0.0,0.0,0,(),0.0,0.0
19235,Center Drive,0.0,0.0,0.0,0,(),0.0,0.0
19240,Center Drive,0.0,0.0,0.0,0,(),0.0,0.0
19245,Center Drive,0.0,0.0,0.0,0,(),0.0,0.0
19250,Center Drive,0.0,0.0,0.0,0,(),0.0,0.0
19255,Center Drive,0.0,0.0,0.0,0,(),0.0,0.0
19260,Center Drive,0.0,0.0,0.0,0,(),0.0,0.0
19265,Center Drive,0.0,0.0,0.0,0,(),0.0,0.0
19270,Center Drive,0.0,0.0,0.0,0,(),0.0,0.0
19275,Center Drive,0.0,0.0,0.0,0,(),0.0,0.0
19280,Center Drive,0.0,0.0,0.0,0,(),0.0,0.0
19285,Center Drive,0.0,0.0,0.0,0,(),0.0,0.0
19290,Center Drive,0.0,0.0,0.0,0,(),0.0,0.0
19295,Center Drive,0.0,0.0,0.0,0,(),0.0,0.0
19300,Center Drive,0.0,0.0,0.0,0,(),0.0,0.0
19305,Center Drive,0.0,0.0,0.0,0,(),0.0,0.0
19310,Center Drive,0.0,0.0,0.0,0,(),0.0,0.0
19315,Center Drive,0.0,0.0,0.0,0,(),0.0,0.0
19320,Center Drive,0.0,0.0,0.0,0,(),0.0,0.0
19325,Center Drive,0.0,0.0,0.0,0,(),0.0,0.0
19330,Center Drive,0.0,0.0,0.0,0,(),0.0,0.0
19335,Center Drive,0.0,0.0,0.0,0,(),0.0,0.0
19340,Center Drive,0.0,0.0,0.0,0,(),0.0,0.0
19345,Center Drive,0.0,0.0,0.0,0,(),0.0,0.0
19350,Center Drive,0.0,0.0,0.0,0,(),0.0,0.0
19355,Center Drive,0.0,0.0,0.0,0,(),0.0,0.0
19360,Center Drive,0.0,0.0,0.0,0,(),0.0,0.0
19365,Center Drive,0.0,0.0,0.0,0,(),0.0,0.0
19370,Center Drive,0.0,0.0,0.0,0,(),0.0,0.0
19375,Center Drive,0.0,0.0,0.0,0,(),0.0,0.0
19380,Center Drive,0.0,0.0,0.0,0,(),0.0,0.0
19385,Center Drive,0.0,0.0,0.0,0,(),0.0,0.0
19390,Center Drive,0.0,0.0,0.0,0,(),0.0,0.0
19395,Center Drive,0.0,0.0,0.0,0,(),0.0,0.0
19400,Center Drive,0.0,0.0,0.0,0,(),0.0,0.0
19405,Center Drive,0.0,0.0,0.0,0,(),0.0,0.0
19410,Center Drive,0.0,0.0,0.0,0,(),0.0,0.0
19415,Center Drive,0.0,0.0,0.0,0,(),0.0,0.0
19420,Center Drive,0.0,0.0,0.0,0,(),0.0,0.0
19425,Center Drive,0.0,0.0,0.0,0,(),0.0,0.0
19430,Center Drive,0.0,0.0,0.0,0,(),0.0,0.0
19435,Center Drive,0.0,0.0,0.0,0,(),0.0,0.0
19440,Center Drive,0.0,0.0,0.0,0,(),0.0,0.0
19445,Center Drive,0.0,0.0,0.0,0,(),0.0,0.0
19450,Center Drive,0.0,0.0,0.0,0,(),0.0,0.0
19455,Center Drive,0.0,0.0,0.0,0,(),0.0,0.0
19460,Center Drive,0.0,0.0,0.0,0,(),0.0,0.0
19465,Center Drive,0.0,0.0,0.0,0,(),0.0,0.0
19470,Center Drive,0.0,0.0,0.0,0,(),0.0,0.0
19475,Center Drive,0.0,0.0,0.0,0,(),0.0,0.0
19480,Center Drive,0.0,0.0,0.0,0,(),0.0,0.0
19485,Center Drive,0.0,0.0,0.0,0,(),0.0,0.0
19490,Center Drive,0.0,0.0,0.0,0,(),0.0,0.0
19495,Center Drive,0.0,0.0,0.0,0,(),0.0,0.0
19500,Center Drive,0.0,0.0,0.0,0,(),0.0,0.0
19505,Center Drive,0.0,0.0,0.0,0,(),0.0,0.0
19510,Center Drive,0.0,0.0,0.0,0,(),0.0,0.0
19515,Center Drive,0.0,0.0,0.0,0,(),0.0,0.0
19520,Center Drive,0.0,0.0,0.0,0,(),0.0,0.0
19525,Center Drive,0.0,0.0,0.0,0,(),0.0,0.0
19530,Center Drive,0.0,0.0,0.0,0,(),0.0,0.0
19535,Center Drive,0.0,0.0,0.0,0,(),0.0,0.0
19540,Center Drive,0.0,0.0,0.0,0,(),0.0,0.0
19545,Center Drive,0.0,0.0,0.0,0,(),0.0,0.0
19550,Center Drive,0.0,0.0,0.0,0,(),0.0,0.0
19555,Center Drive,0.0,0.0,0.0,0,(),0.0,0.0
19560,Center Drive,0.0,0.0,0.0,0,(),0.0,0.0
19565,Center Drive,0.0,0.0,0.0,0,(),0.0,0.0
19570,Center Drive,0.0,0.0,0.0,0,(),0.0,0.0
19575,Center Drive,0.0,0.0,0.0,0,(),0.0,0.0
19580,Center Drive,0.0,0.0,0.0,0,(),0.0,0.0
19585,Center Drive,0.0,0.0,0.0,0,(),0.0,0.0
19590,Center Drive,0.0,0.0,0.0,0,(),0.0,0.0
19595,Center Drive,0.0,0.0,0.0,0,(),0.0,0.0
19600,Center Drive,0.0,0.0,0.0,0,(),0.0,0.0
19605,Center Drive,0.0,0.0,0.0,0,(),0.0,0.0
19610,Center Drive,0.0,0.0,0.0,0,(),0.0,0.0
19615,Center Drive,0.0,0.0,0.0,0,(),0.0,0.0
19620,Center Drive,0.0,0.0,0.0,0,(),0.0,0.0
19625,Center Drive,0.0,0.0,0.0,0,(),0.0,0.0
19630,Center Drive,0.0,0.0,0.0,0,(),0.0,0.0
19635,Center Drive,0.0,0.0,0.0,0,(),0.0,0.0
19640,Center Drive,0.0,0.0,0.0,0,(),0.0,0.0
19645,Center Drive,0.0,0.0,0.0,0,(),0.0,0.0
19650,Center Drive,0.0,0.0,0.0,0,(),0.0,0.0
19655,Center Drive,0.0,0.0,0.0,0,(),0.0,0.0
19660,Center Drive,0.0,0.0,0.0,0,(),0.0,0.0
19665,Center Drive,0.0,0.0,0.0,0,(),0.0,0.0
19670,Center Drive,0.0,0.0,0.0,0,(),0.0,0.0
19675,Center Drive,0.0,0.0,0.0,0,(),0.0,0.0
19680,Center Drive,0.0,0.0,0.0,0,(),0.0,0.0
19685,Center Drive,0.0,0.0,0.0,0,(),0.0,0.0
19690,Center Drive,0.0,0.0,0.0,0,(),0.0,0.0
19695,Center Drive,0.0,0.0,0.0,0,(),0.0,0.0
19700,Center Drive,0.0,0.0,0.0,0,(),0.0,0.0
19705,Center Drive,0.0,0.0,0.0,0,(),0.0,0.0
19710,Center Drive,0.0,0.0,0.0,0,(),0.0,0.0
19715,Center Drive,0.0,0.0,0.0,0,(),0.0,0.0
19720,Center Drive,0.0,0.0,0.0,0,(),0.0,0.0
19725,Center Drive,0.0,0.0,0.0,0,(),0.0,0.0
19730,Center Drive,0.0,0.0,0.0,0,(),0.0,0.0
19735,Center Drive,0.0,0.0,0.0,0,(),0.0,0.0
19740,Center Drive,0.0,0.0,0.0,0,(),0.0,0.0
19745,Center Drive,0.0,0.0,0.0,0,(),0.0,0.0
19750,Center Drive,0.0,0.0,0.0,0,(),0.0,0.0
19755,Center Drive,0.0,0.0,0.0,0,(),0.0,0.0
19760,Center Drive,0.0,0.0,0.0,0,(),0.0,0.0
19765,Center Drive,0.0,0.0,0.0,0,(),0.0,0.0
19770,Center Drive,0.0,0.0,0.0,0,(),0.0,0.0
19775,Center Drive,0.0,0.0,0.0,0,(),0.0,0.0
19780,Center Drive,0.0,0.0,0.0,0,(),0.0,0.0
19785,Center Drive,0.0,0.0,0.0,0,(),0.0,0.0
19790,Center Drive,0.0,0.0,0.0,0,(),0.0,0.0
19795,Center Drive,0.0,0.0,0.0,0,(),0.0,0.0
19800,Center Drive,0.0,0.0,0.0,0,(),0.0,0.0
19805,Center Drive,0.0,0.0,0.0,0,(),0.0,0.0
19810,Center Drive,0.0,0.0,0.0,0,(),0.0,0.0
19815,Center Drive,0.0,0.0,0.0,0,(),0.0,0.0
19820,Center Drive,0.0,0.0,0.0,0,(),0.0,0.0
19825,Center Drive,0.0,0.0,0.0,0,(),0.0,0.0
19830,Center Drive,0.0,0.0,0.0,0,(),0.0,0.0
19835,Center Drive,0.0,0.0,0.0,0,(),0.0,0.0
19840,Center Drive,0.0,0.0,0.0,0,(),0.0,0.0
19845,Center Drive,0.0,0.0,0.0,0,(),0.0,0.0
19850,Center Drive,0.0,0.0,0.0,0,(),0.0,0.0
19855,Center Drive,0.0,0.0,0.0,0,(),0.0,0.0
19860,Center Drive,0.0,0.0,0.0,0,(),0.0,0.0
19865,Center Drive,0.0,0.0,0.0,0,(),0.0,0.0
19870,Center Drive,0.0,0.0,0.0,0,(),0.0,0.0
19875,Center Drive,0.0,0.0,0.0,0,(),0.0,0.0
19880,Center Drive,0.0,0.0,0.0,0,(),0.0,0.0
19885,Center Drive,0.0,0.0,0.0,0,(),0.0,0.0
19890,Center Drive,0.0,0.0,0.0,0,(),0.0,0.0
19895,Center Drive,0.0,0.0,0.0,0,(),0.0,0.0
19900,Center Drive,0.0,0.0,0.0,0,(),0.0,0.0
19905,Center Drive,0.0,0.0,0.0,0,(),0.0,0.0
19910,Center Drive,0.0,0.0,0.0,0,(),0.0,0.0
19915,Center Drive,0.0,0.0,0.0,0,(),0.0,0.0
19920,Center Drive,0.0,0.0,0.0,0,(),0.0,0.0
19925,Center Drive,0.0,0.0,0.0,0,(),0.0,0.0
19930,Center Drive,0.0,0.0,0.0,0,(),0.0,0.0
19935,Center Drive,0.0,0.0,0.0,0,(),0.0,0.0
19940,Center Drive,0.0,0.0,0.0,0,(),0.0,0.0
19945,Center Drive,0.0,0.0,0.0,0,(),0.0,0.0
19950,Center Drive,0.0,0.0,0.0,0,(),0.0,0.0
19955,Center Drive,0.0,0.0,0.0,0,(),0.0,0.0
19960,Center Drive,0.0,0.0,0.0,0,(),0.0,0.0
19965,Center Drive,0.0,0.0,0.0,0,(),0.0,0.0
19970,Center Drive,0.0,0.0,0.0,0,(),0.0,0.0
19975,Center Drive,0.0,0.0,0.0,0,(),0.0,0.0
19980,Center Drive,0.0,0.0,0.0,0,(),0.0,0.0
19985,Center Drive,0.0,0.0,0.0,0,(),0.0,0.0
19990,Center Drive,0.0,0.0,0.0,0,(),0.0,0.0
19995,Center Drive,0.0,0.0,0.0,0,(),0.0,0.0
20000,Center Drive,0.0,0.0,0.0,0,(),0.0,0.0
20005,Center Drive,0.0,0.0,0.0,0,(),0.0,0.0
20010,Center Drive,0.0,0.0,0.0,0,(),0.0,0.0
20015,Center Drive,0.0,0.0,0.0,0,(),0.0,0.0
20020,Center Drive,0.0,0.0,0.0,0,(),0.0,0.0
20025,Center Drive,0.0,0.0,0.0,0,(),0.0,0.0
20030,Center Drive,0.0,0.0,0.0,0,(),0.0,0.0
20035,Center Drive,0.0,0.0,0.0,0,(),0.0,0.0
20040,Center Drive,0.0,0.0,0.0,0,(),0.0,0.0
20045,Center Drive,0.0,0.0,0.0,0,(),0.0,0.0
20050,Center Drive,0.0,0.0,0.0,0,(),0.0,0.0
20055,Center Drive,0.0,0.0,0.0,0,(),0.0,0.0
20060,Center Drive,0.0,0.0,0.0,0,(),0.0,0.0
20065,Center Drive,0.0,0.0,0.0,0,(),0.0,0.0
20070,Center Drive,0.0,0.0,0.0,0,(),0.0,0.0
20075,Center Drive,0.0,0.0,0.0,0,(),0.0,0.0
20080,Center Drive,0.0,0.0,0.0,0,(),0.0,0.0
20085,Center Drive,0.0,0.0,0.0,0,(),0.0,0.0
20090,Center Drive,0.0,0.0,0.0,0,(),0.0,0.0
20095,Center Drive,0.0,0.0,0.0,0,(),0.0,0.0
20100,Center Drive,0.0,0.0,0.0,0,(),0.0,0.0
20105,Center Drive,0.0,0.0,0.0,0,(),0.0,0.0
20110,Center Drive,0.0,0.0,0.0,0,(),0.0,0.0
20115,Center Drive,0.0,0.0,0.0,0,(),0.0,0.0
20120,Center Drive,0.0,0.0,0.0,0,(),0.0,0.0
20125,Center Drive,0.0,0.0,0.0,0,(),0.0,0.0
20130,Center Drive,0.0,0.0,0.0,0,(),0.0,0.0
20135,Center Drive,0.0,0.0,0.0,0,(),0.0,0.0
20140,Center Drive,0.0,0.0,0.0,0,(),0.0,0.0
20145,Center Drive,0.0,0.0,0.0,0,(),0.0,0.0
20150,Center Drive,0.0,0.0,0.0,0,(),0.0,0.0
20155,Center Drive,0.0,0.0,0.0,0,(),0.0,0.0
20160,Center Drive,0.0,0.0,0.0,0,(),0.0,0.0
20165,Center Drive,0.0,0.0,0.0,0,(),0.0,0.0
20170,Center Drive,0.0,0.0,0.0,0,(),0.0,0.0
20175,Center Drive,0.0,0.0,0.0,0,(),0.0,0.0
20180,Center Drive,0.0,0.0,0.0,0,(),0.0,0.0
20185,Center Drive,0.0,0.0,0.0,0,(),0.0,0.0
20190,Center Drive,0.0,0.0,0.0,0,(),0.0,0.0
20195,Center Drive,0.0,0.0,0.0,0,(),0.0,0.0
20200,Center Drive,0.0,0.0,0.0,0,(),0.0,0.0
20205,Center Drive,0.0,0.0,0.0,0,(),0.0,0.0
20210,Center Drive,0.0,0.0,0.0,0,(),0.0,0.0
20215,Center Drive,0.0,0.0,0.0,0,(),0.0,0.0
20220,Center Drive,0.0,0.0,0.0,0,(),0.0,0.0
20225,Center Drive,0.0,0.0,0.0,0,(),0.0,0.0
20230,Center Drive,0.0,0.0,0.0,0,(),0.0,0.0
20235,Center Drive,0.0,0.0,0.0,0,(),0.0,0.0
20240,Center Drive,0.0,0.0,0.0,0,(),0.0,0.0
20245,Center Drive,0.0,0.0,0.0,0,(),0.0,0.0
20250,Center Drive,0.0,0.0,0.0,0,(),0.0,0.0
20255,Center Drive,0.0,0.0,0.0,0,(),0.0,0.0
20260,Center Drive,0.0,0.0,0.0,0,(),0.0,0.0
20265,Center Drive,0.0,0.0,0.0,0,(),0.0,0.0
20270,Center Drive,0.0,0.0,0.0,0,(),0.0,0.0
20275,Center Drive,0.0,0.0,0.0,0,(),0.0,0.0
20280,Center Drive,0.0,0.0,0.0,0,(),0.0,0.0
20285,Center Drive,0.0,0.0,0.0,0,(),0.0,0.0
20290,Center Drive,0.0,0.0,0.0,0,(),0.0,0.0
20295,Center Drive,0.0,0.0,0.0,0,(),0.0,0.0
20300,Center Drive,0.0,0.0,0.0,0,(),0.0,0.0
20305,Center Drive,0.0,0.0,0.0,0,(),0.0,0.0
20310,Center Drive,0.0,0.0,0.0,0,(),0.0,0.0
20315,Center Drive,0.0,0.0,0.0,0,(),0.0,0.0
20320,Center Drive,0.0,0.0,0.0,0,(),0.0,0.0
20325,Center Drive,0.0,0.0,0.0,0,(),0.0,0.0
20330,Center Drive,0.0,0.0,0.0,0,(),0.0,0.0
20335,Center Drive,0.0,0.0,0.0,0,(),0.0,0.0
20340,Center Drive,0.0,0.0,0.0,0,(),0.0,0.0
20345,Center Drive,0.0,0.0,0.0,0,(),0.0,0.0
20350,Center Drive,0.0,0.0,0.0,0,(),0.0,0.0
20355,Center Drive,0.0,0.0,0.0,0,(),0.0,0.0
20360,Center Drive,0.0,0.0,0.0,0,(),0.0,0.0
20365,Center Drive,0.0,0.0,0.0,0,(),0.0,0.0
20370,Center Drive,0.0,0.0,0.0,0,(),0.0,0.0
20375,Center Drive,0.0,0.0,0.0,0,(),0.0,0.0
20380,Center Drive,0.0,0.0,0.0,0,(),0.0,0.0
20385,Center Drive,0.0,0.0,0.0,0,(),0.0,0.0
20390,Center Drive,0.0,0.0,0.0,0,(),0.0,0.0
20395,Center Drive,0.0,0.0,0.0,0,(),0.0,0.0
20400,Center Drive,0.0,0.0,0.0,0,(),0.0,0.0
20405,Center Drive,0.0,0.0,0.0,0,(),0.0,0.0
20410,Center Drive,0.0,0.0,0.0,0,(),0.0,0.0
20415,Center Drive,0.0,0.0,0.0,0,(),0.0,0.0
20420,Center Drive,0.0,0.0,0.0,0,(),0.0,0.0
20425,Center Drive,0.0,0.0,0.0,0,(),0.0,0.0
20430,Center Drive,0.0,0.0,0.0,0,(),0.0,0.0
20435,Center Drive,0.0,0.0,0.0,0,(),0.0,0.0
20440,Center Drive,0.0,0.0,0.0,0,(),0.0,0.0
20445,Center Drive,0.0,0.0,0.0,0,(),0.0,0.0
20450,Center Drive,0.0,0.0,0.0,0,(),0.0,0.0
20455,Center Drive,0.0,0.0,0.0,0,(),0.0,0.0
20460,Center Drive,0.0,0.0,0.0,0,(),0.0,0.0
20465,Center Drive,0.0,0.0,0.0,0,(),0.0,0.0
20470,Center Drive,0.0,0.0,0.0,0,(),0.0,0.0
20475,Center Drive,0.0,0.0,0.0,0,(),0.0,0.0
20480,Center Drive,0.0,0.0,0.0,0,(),0.0,0.0
20485,Center Drive,0.0,0.0,0.0,0,(),0.0,0.0
20490,Center Drive,0.0,0.0,0.0,0,(),0.0,0.0
20495,Center Drive,0.0,0.0,0.0,0,(),0.0,0.0
20500,Center Drive,0.0,0.0,0.0,0,(),0.0,0.0
20505,Center Drive,0.0,0.0,0.0,0,(),0.0,0.0
20510,Center Drive,0.0,0.0,0.0,0,(),0.0,0.0
20515,Center Drive,0.0,0.0,0.0,0,(),0.0,0.0
20520,Center Drive,0.0,0.0,0.0,0,(),0.0,0.0
20525,Center Drive,0.0,0.0,0.0,0,(),0.0,0.0
20530,Center Drive,0.0,0.0,0.0,0,(),0.0,0.0
20535,Center Drive,0.0,0.0,0.0,0,(),0.0,0.0
20540,Center Drive,0.0,0.0,0.0,0,(),0.0,0.0
20545,Center Drive,0.0,0.0,0.0,0,(),0.0,0.0
20550,Center Drive,0.0,0.0,0.0,0,(),0.0,0.0
20555,Center Drive,0.0,0.0,0.0,0,(),0.0,0.0
20560,Center Drive,0.0,0.0,0.0,0,(),0.0,0.0
20565,Center Drive,0.0,0.0,0.0,0,(),0.0,0.0
20570,Center Drive,0.0,0.0,0.0,0,(),0.0,0.0
20575,Center Drive,0.0,0.0,0.0,0,(),0.0,0.0
20580,Center Drive,0.0,0.0,0.0,0,(),0.0,0.0
20585,Center Drive,0.0,0.0,0.0,0,(),0.0,0.0
20590,Center Drive,0.0,0.0,0.0,0,(),0.0,0.0
20595,Center Drive,0.0,0.0,0.0,0,(),0.0,0.0
20600,Center Drive,0.0,0.0,0.0,0,(),0.0,0.0
20605,Center Drive,0.0,0.0,0.0,0,(),0.0,0.0
20610,Center Drive,0.0,0.0,0.0,0,(),0.0,0.0
20615,Center Drive,0.0,0.0,0.0,0,(),0.0,0.0
20620,Center Drive,0.0,0.0,0.0,0,(),0.0,0.0
20625,Center Drive,0.0,0.0,0.0,0,(),0.0,0.0
20630,Center Drive,0.0,0.0,0.0,0,(),0.0,0.0
20635,Center Drive,0.0,0.0,0.0,0,(),0.0,0.0
20640,Center Drive,0.0,0.0,0.0,0,(),0.0,0.0
20645,Center Drive,0.0,0.0,0.0,0,(),0.0,0.0
20650,Center Drive,0.0,0.0,0.0,0,(),0.0,0.0
20655,Center Drive,0.0,0.0,0.0,0,(),0.0,0.0
20660,Center Drive,0.0,0.0,0.0,0,(),0.0,0.0
20665,Center Drive,0.0,0.0,0.0,0,(),0.0,0.0
20670,Center Drive,0.0,0.0,0.0,0,(),0.0,0.0
20675,Center Drive,0.0,0.0,0.0,0,(),0.0,0.0
20680,Center Drive,0.0,0.0,0.0,0,(),0.0,0.0
20685,Center Drive,0.0,0.0,0.0,0,(),0.0,0.0
20690,Center Drive,0.0,0.0,0.0,0,(),0.0,0.0
20695,Center Drive,0.0,0.0,0.0,0,(),0.0,0.0
20700,Center Drive,0.0,0.0,0.0,0,(),0.0,0.0
20705,Center Drive,0.0,0.0,0.0,0,(),0.0,0.0
20710,Center Drive,0.0,0.0,0.0,0,(),0.0,0.0
20715,Center Drive,0.0,0.0,0.0,0,(),0.0,0.0
20720,Center Drive,0.0,0.0,0.0,0,(),0.0,0.0
20725,Center Drive,0.0,0.0,0.0,0,(),0.0,0.0
20730,Center Drive,0.0,0.0,0.0,0,(),0.0,0.0
20735,Center Drive,0.0,0.0,0.0,0,(),0.0,0.0
20740,Center Drive,0.0,0.0,0.0,0,(),0.0,0.0
20745,Center Drive,0.0,0.0,0.0,0,(),0.0,0.0
20750,Center Drive,0.0,0.0,0.0,0,(),0.0,0.0
20755,Center Drive,0.0,0.0,0.0,0,(),0.0,0.0
20760,Center Drive,0.0,0.0,0.0,0,(),0.0,0.0
20765,Center Drive,0.0,0.0,0.0,0,(),0.0,0.0
20770,Center Drive,0.0,0.0,0.0,0,(),0.0,0.0
20775,Center Drive,0.0,0.0,0.0,0,(),0.0,0.0
20780,Center Drive,0.0,0.0,0.0,0,(),0.0,0.0
20785,Center Drive,0.0,0.0,0.0,0,(),0.0,0.0
20790,Center Drive,0.0,0.0,0.0,0,(),0.0,0.0
20795,Center Drive,0.0,0.0,0.0,0,(),0.0,0.0
20800,Center Drive,0.0,0.0,0.0,0,(),0.0,0.0
20805,Center Drive,0.0,0.0,0.0,0,(),0.0,0.0
20810,Center Drive,0.0,0.0,0.0,0,(),0.0,0.0
20815,Center Drive,0.0,0.0,0.0,0,(),0.0,0.0
20820,Center Drive,0.0,0.0,0.0,0,(),0.0,0.0
20825,Center Drive,0.0,0.0,0.0,0,(),0.0,0.0
20830,Center Drive,0.0,0.0,0.0,0,(),0.0,0.0
20835,Center Drive,0.0,0.0,0.0,0,(),0.0,0.0
20840,Center Drive,0.0,0.0,0.0,0,(),0.0,0.0
20845,Center Drive,0.0,0.0,0.0,0,(),0.0,0.0
20850,Center Drive,0.0,0.0,0.0,0,(),0.0,0.0
20855,Center Drive,0.0,0.0,0.0,0,(),0.0,0.0
20860,Center Drive,0.0,0.0,0.0,0,(),0.0,0.0
20865,Center Drive,0.0,0.0,0.0,0,(),0.0,0.0
20870,Center Drive,0.0,0.0,0.0,0,(),0.0,0.0
20875,Center Drive,0.0,0.0,0.0,0,(),0.0,0.0
20880,Center Drive,0.0,0.0,0.0,0,(),0.0,0.0
20885,Center Drive,0.0,0.0,0.0,0,(),0.0,0.0
20890,Center Drive,0.0,0.0,0.0,0,(),0.0,0.0
20895,Center Drive,0.0,0.0,0.0,0,(),0.0,0.0
20900,Center Drive,0.0,0.0,0.0,0,(),0.0,0.0
20905,Center Drive,0.0,0.0,0.0,0,(),0.0,0.0
20910,Center Drive,0.0,0.0,0.0,0,(),0.0,0.0
20915,Center Drive,0.0,0.0,0.0,0,(),0.0,0.0
20920,Center Drive,0.0,0.0,0.0,0,(),0.0,0.0
20925,Center Drive,0.0,0.0,0.0,0,(),0.0,0.0
20930,Center Drive,0.0,0.0,0.0,0,(),0.0,0.0
20935,Center Drive,0.0,0.0,0.0,0,(),0.0,0.0
20940,Center Drive,0.0,0.0,0.0,0,(),0.0,0.0
20945,Center Drive,0.0,0.0,0.0,0,(),0.0,0.0
20950,Center Drive,0.0,0.0,0.0,0,(),0.0,0.0
20955,Center Drive,0.0,0.0,0.0,0,(),0.0,0.0
20960,Center Drive,0.0,0.0,0.0,0,(),0.0,0.0
20965,Center Drive,0.0,0.0,0.0,0,(),0.0,0.0
20970,Center Drive,0.0,0.0,0.0,0,(),0.0,0.0
20975,Center Drive,0.0,0.0,0.0,0,(),0.0,0.0
20980,Center Drive,0.0,0.0,0.0,0,(),0.0,0.0
20985,Center Drive,0.0,0.0,0.0,0,(),0.0,0.0
20990,Center Drive,0.0,0.0,0.0,0,(),0.0,0.0
20995,Center Drive,0.0,0.0,0.0,0,(),0.0,0.0
21000,Center Drive,0.0,0.0,0.0,0,(),0.0,0.0
21005,Center Drive,0.0,0.0,0.0,0,(),0.0,0.0
21010,Center Drive,0.0,0.0,0.0,0,(),0.0,0.0
21015,Center Drive,0.0,0.0,0.0,0,(),0.0,0.0
21020,Center Drive,0.0,0.0,0.0,0,(),0.0,0.0
21025,Center Drive,0.0,0.0,0.0,0,(),0.0,0.0
21030,Center Drive,0.0,0.0,0.0,0,(),0.0,0.0
21035,Center Drive,0.0,0.0,0.0,0,(),0.0,0.0
21040,Center Drive,0.0,0.0,0.0,0,(),0.0,0.0
21045,Center Drive,0.0,0.0,0.0,0,(),0.0,0.0
21050,Center Drive,0.0,0.0,0.0,0,(),0.0,0.0
21055,Center Drive,0.0,0.0,0.0,0,(),0.0,0.0
21060,Center Drive,0.0,0.0,0.0,0,(),0.0,0.0
21065,Center Drive,0.0,0.0,0.0,0,(),0.0,0.0
21070,Center Drive,0.0,0.0,0.0,0,(),0.0,0.0
21075,Center Drive,0.0,0.0,0.0,0,(),0.0,0.0
21080,Center Drive,0.0,0.0,0.0,0,(),0.0,0.0
21085,Center Drive,0.0,0.0,0.0,0,(),0.0,0.0
21090,Center Drive,0.0,0.0,0.0,0,(),0.0,0.0
21095,Center Drive,0.0,0.0,0.0,0,(),0.0,0.0
21100,Center Drive,0.0,0.0,0.0,0,(),0.0,0.0
21105,Center Drive,0.0,0.0,0.0,0,(),0.0,0.0
21110,Center Drive,0.0,0.0,0.0,0,(),0.0,0.0
21115,Center Drive,0.0,0.0,0.0,0,(),0.0,0.0
21120,Center Drive,0.0,0.0,0.0,0,(),0.0,0.0
21125,Center Drive,0.0,0.0,0.0,0,(),0.0,0.0
21130,Center Drive,0.0,0.0,0.0,0,(),0.0,0.0
21135,Center Drive,0.0,0.0,0.0,0,(),0.0,0.0
21140,Center Drive,0.0,0.0,0.0,0,(),0.0,0.0
21145,Center Drive,0.0,0.0,0.0,0,(),0.0,0.0
21150,Center Drive,0.0,0.0,0.0,0,(),0.0,0.0
21155,Center Drive,0.0,0.0,0.0,0,(),0.0,0.0
21160,Center Drive,0.0,0.0,0.0,0,(),0.0,0.0
21165,Center Drive,0.0,0.0,0.0,0,(),0.0,0.0
21170,Center Drive,0.0,0.0,0.0,0,(),0.0,0.0
21175,Center Drive,0.0,0.0,0.0,0,(),0.0,0.0
21180,Center Drive,0.0,0.0,0.0,0,(),0.0,0.0
21185,Center Drive,0.0,0.0,0.0,0,(),0.0,0.0
21190,Center Drive,0.0,0.0,0.0,0,(),0.0,0.0
21195,Center Drive,0.0,0.0,0.0,0,(),0.0,0.0
21200,Center Drive,0.0,0.0,0.0,0,(),0.0,0.0
21205,Center Drive,0.0,0.0,0.0,0,(),0.0,0.0
21210,Center Drive,0.0,0.0,0.0,0,(),0.0,0.0
21215,Center Drive,0.0,0.0,0.0,0,(),0.0,0.0
21220,Center Drive,0.0,0.0,0.0,0,(),0.0,0.0
21225,Center Drive,0.0,0.0,0.0,0,(),0.0,0.0
21230,Center Drive,0.0,0.0,0.0,0,(),0.0,0.0
21235,Center Drive,0.0,0.0,0.0,0,(),0.0,0.0
21240,Center Drive,0.0,0.0,0.0,0,(),0.0,0.0
21245,Center Drive,0.0,0.0,0.0,0,(),0.0,0.0
21250,Center Drive,0.0,0.0,0.0,0,(),0.0,0.0
21255,Center Drive,0.0,0.0,0.0,0,(),0.0,0.0
21260,Center Drive,0.0,0.0,0.0,0,(),0.0,0.0
21265,Center Drive,0.0,0.0,0.0,0,(),0.0,0.0
21270,Center Drive,0.0,0.0,0.0,0,(),0.0,0.0
21275,Center Drive,0.0,0.0,0.0,0,(),0.0,0.0
21280,Center Drive,0.0,0.0,0.0,0,(),0.0,0.0
21285,Center Drive,0.0,0.0,0.0,0,(),0.0,0.0
21290,Center Drive,0.0,0.0,0.0,0,(),0.0,0.0
21295,Center Drive,0.0,0.0,0.0,0,(),0.0,0.0
21300,Center Drive,0.0,0.0,0.0,0,(),0.0,0.0
21305,Center Drive,0.0,0.0,0.0,0,(),0.0,0.0
21310,Center Drive,0.0,0.0,0.0,0,(),0.0,0.0
21315,Center Drive,0.0,0.0,0.0,0,(),0.0,0.0
21320,Center Drive,0.0,0.0,0.0,0,(),0.0,0.0
21325,Center Drive,0.0,0.0,0.0,0,(),0.0,0.0
21330,Center Drive,0.0,0.0,0.0,0,(),0.0,0.0
21335,Center Drive,0.0,0.0,0.0,0,(),0.0,0.0
21340,Center Drive,0.0,0.0,0.0,0,(),0.0,0.0
21345,Center Drive,0.0,0.0,0.0,0,(),0.0,0.0
21350,Center Drive,0.0,0.0,0.0,0,(),0.0,0.0
21355,Center Drive,0.0,0.0,0.0,0,(),0.0,0.0
21360,Center Drive,0.0,0.0,0.0,0,(),0.0,0.0
21365,Center Drive,0.0,0.0,0.0,0,(),0.0,0.0
21370,Center Drive,0.0,0.0,0.0,0,(),0.0,0.0
21375,Center Drive,0.0,0.0,0.0,0,(),0.0,0.0
21380,Center Drive,0.0,0.0,0.0,0,(),0.0,0.0
21385,Center Drive,0.0,0.0,0.0,0,(),0.0,0.0
21390,Center Drive,0.0,0.0,0.0,0,(),0.0,0.0
21395,Center Drive,0.0,0.0,0.0,0,(),0.0,0.0
21400,Center Drive,0.0,0.0,0.0,0,(),0.0,0.0
21405,Center Drive,0.0,0.0,0.0,0,(),0.0,0.0
21410,Center Drive,0.0,0.0,0.0,0,(),0.0,0.0
21415,Center Drive,0.0,0.0,0.0,0,(),0.0,0.0
21420,Center Drive,0.0,0.0,0.0,0,(),0.0,0.0
21425,Center Drive,0.0,0.0,0.0,0,(),0.0,0.0
21430,Center Drive,0.0,0.0,0.0,0,(),0.0,0.0
21435,Center Drive,0.0,0.0,0.0,0,(),0.0,0.0
21440,Center Drive,0.0,0.0,0.0,0,(),0.0,0.0
21445,Center Drive,0.0,0.0,0.0,0,(),0.0,0.0
21450,Center Drive,0.0,0.0,0.0,0,(),0.0,0.0
21455,Center Drive,0.0,0.0,0.0,0,(),0.0,0.0
21460,Center Drive,0.0,0.0,0.0,0,(),0.0,0.0
21465,Center Drive,0.0,0.0,0.0,0,(),0.0,0.0
21470,Center Drive,0.0,0.0,0.0,0,(),0.0,0.0
21475,Center Drive,0.0,0.0,0.0,0,(),0.0,0.0
21480,Center Drive,0.0,0.0,0.0,0,(),0.0,0.0
21485,Center Drive,0.0,0.0,0.0,0,(),0.0,0.0
21490,Center Drive,0.0,0.0,0.0,0,(),0.0,0.0
21495,Center Drive,0.0,0.0,0.0,0,(),0.0,0.0
21500,Center Drive,0.0,0.0,0.0,0,(),0.0,0.0
21505,Center Drive,0.0,0.0,0.0,0,(),0.0,0.0
21510,Center Drive,0.0,0.0,0.0,0,(),0.0,0.0
21515,Center Drive,0.0,0.0,0.0,0,(),0.0,0.0
21520,Center Drive,0.0,0.0,0.0,0,(),0.0,0.0
21525,Center Drive,0.0,0.0,0.0,0,(),0.0,0.0
21530,Center Drive,0.0,0.0,0.0,0,(),0.0,0.0
21535,Center Drive,0.0,0.0,0.0,0,(),0.0,0.0
21540,Center Drive,0.0,0.0,0.0,0,(),0.0,0.0
21545,Center Drive,0.0,0.0,0.0,0,(),0.0,0.0
21550,Center Drive,0.0,0.0,0.0,0,(),0.0,0.0
21555,Center Drive,0.0,0.0,0.0,0,(),0.0,0.0
21560,Center Drive,0.0,0.0,0.0,0,(),0.0,0.0
21565,Center Drive,0.0,0.0,0.0,0,(),0.0,0.0
21570,Center Drive,0.0,0.0,0.0,0,(),0.0,0.0
21575,Center Drive,0.0,0.0,0.0,0,(),0.0,0.0
21580,Center Drive,0.0,0.0,0.0,0,(),0.0,0.0
21585,Center Drive,0.0,0.0,0.0,0,(),0.0,0.0
21590,Center Drive,0.0,0.0,0.0,0,(),0.0,0.0
21595,Center Drive,0.0,0.0,0.0,0,(),0.0,0.0
21600,Center Drive,0.0,0.0,0.0,0,(),0.0,0.0
21605,Center Drive,0.0,0.0,0.0,0,(),0.0,0.0
21610,Center Drive,0.0,0.0,0.0,0,(),0.0,0.0
21615,Center Drive,0.0,0.0,0.0,0,(),0.0,0.0
21620,Center Drive,0.0,0.0,0.0,0,(),0.0,0.0
21625,Center Drive,0.0,0.0,0.0,0,(),0.0,0.0
21630,Center Drive,0.0,0.0,0.0,0,(),0.0,0.0
21635,Center Drive,0.0,0.0,0.0,0,(),0.0,0.0
21640,Center Drive,0.0,0.0,0.0,0,(),0.0,0.0
21645,Center Drive,0.0,0.0,0.0,0,(),0.0,0.0
21650,Center Drive,0.0,0.0,0.0,0,(),0.0,0.0
21655,Center Drive,0.0,0.0,0.0,0,(),0.0,0.0
21660,Center Drive,0.0,0.0,0.0,0,(),0.0,0.0
21665,Center Drive,0.0,0.0,0.0,0,(),0.0,0.0
21670,Center Drive,0.0,0.0,0.0,0,(),0.0,0.0
21675,Center Drive,0.0,0.0,0.0,0,(),0.0,0.0
21680,Center Drive,0.0,0.0,0.0,0,(),0.0,0.0
21685,Center Drive,0.0,0.0,0.0,0,(),0.0,0.0
21690,Center Drive,0.0,0.0,0.0,0,(),0.0,0.0
21695,Center Drive,0.0,0.0,0.0,0,(),0.0,0.0
21700,Center Drive,0.0,0.0,0.0,0,(),0.0,0.0
21705,Center Drive,0.0,0.0,0.0,0,(),0.0,0.0
21710,Center Drive,0.0,0.0,0.0,0,(),0.0,0.0
21715,Center Drive,0.0,0.0,0.0,0,(),0.0,0.0
21720,Center Drive,0.0,0.0,0.0,0,(),0.0,0.0
21725,Center Drive,0.0,0.0,0.0,0,(),0.0,0.0
21730,Center Drive,0.0,0.0,0.0,0,(),0.0,0.0
21735,Center Drive,0.0,0.0,0.0,0,(),0.0,0.0
21740,Center Drive,0.0,0.0,0.0,0,(),0.0,0.0
21745,Center Drive,0.0,0.0,0.0,0,(),0.0,0.0
21750,Center Drive,0.0,0.0,0.0,0,(),0.0,0.0
21755,Center Drive,0.0,0.0,0.0,0,(),0.0,0.0
21760,Center Drive,0.0,0.0,0.0,0,(),0.0,0.0
21765,Center Drive,0.0,0.0,0.0,0,(),0.0,0.0
21770,Center Drive,0.0,0.0,0.0,0,(),0.0,0.0
21775,Center Drive,0.0,0.0,0.0,0,(),0.0,0.0
21780,Center Drive,0.0,0.0,0.0,0,(),0.0,0.0
21785,Center Drive,0.0,0.0,0.0,0,(),0.0,0.0
21790,Center Drive,0.0,0.0,0.0,0,(),0.0,0.0
21795,Center Drive,0.0,0.0,0.0,0,(),0.0,0.0
21800,Center Drive,0.0,0.0,0.0,0,(),0.0,0.0
21805,Center Drive,0.0,0.0,0.0,0,(),0.0,0.0
21810,Center Drive,0.0,0.0,0.0,0,(),0.0,0.0
21815,Center Drive,0.0,0.0,0.0,0,(),0.0,0.0
21820,Center Drive,0.0,0.0,0.0,0,(),0.0,0.0
21825,Center Drive,0.0,0.0,0.0,0,(),0.0,0.0
21830,Center Drive,0.0,0.0,0.0,0,(),0.0,0.0
21835,Center Drive,0.0,0.0,0.0,0,(),0.0,0.0
21840,Center Drive,0.0,0.0,0.0,0,(),0.0,0.0
21845,Center Drive,0.0,0.0,0.0,0,(),0.0,0.0
21850,Center Drive,0.0,0.0,0.0,0,(),0.0,0.0
21855,Center Drive,0.0,0.0,0.0,0,(),0.0,0.0
21860,Center Drive,0.0,0.0,0.0,0,(),0.0,0.0
21865,Center Drive,0.0,0.0,0.0,0,(),0.0,0.0
21870,Center Drive,0.0,0.0,0.0,0,(),0.0,0.0
21875,Center Drive,0.0,0.0,0.0,0,(),0.0,0.0
21880,Center Drive,0.0,0.0,0.0,0,(),0.0,0.0
21885,Center Drive,0.0,0.0,0.0,0,(),0.0,0.0
21890,Center Drive,0.0,0.0,0.0,0,(),0.0,0.0
21895,Center Drive,0.0,0.0,0.0,0,(),0.0,0.0
21900,Center Drive,0.0,0.0,0.0,0,(),0.0,0.0
21905,Center Drive,0.0,0.0,0.0,0,(),0.0,0.0
21910,Center Drive,0.0,0.0,0.0,0,(),0.0,0.0
21915,Center Drive,0.0,0.0,0.0,0,(),0.0,0.0
21920,Center Drive,0.0,0.0,0.0,0,(),0.0,0.0
21925,Center Drive,0.0,0.0,0.0,0,(),0.0,0.0
21930,Center Drive,0.0,0.0,0.0,0,(),0.0,0.0
21935,Center Drive,0.0,0.0,0.0,0,(),0.0,0.0
21940,Center Drive,0.0,0.0,0.0,0,(),0.0,0.0
21945,Center Drive,0.0,0.0,0.0,0,(),0.0,0.0
21950,Center Drive,0.0,0.0,0.0,0,(),0.0,0.0
21955,Center Drive,0.0,0.0,0.0,0,(),0.0,0.0
21960,Center Drive,0.0,0.0,0.0,0,(),0.0,0.0
21965,Center Drive,0.0,0.0,0.0,0,(),0.0,0.0
21970,Center Drive,0.0,0.0,0.0,0,(),0.0,0.0
21975,Center Drive,0.0,0.0,0.0,0,(),0.0,0.0
21980,Center Drive,0.0,0.0,0.0,0,(),0.0,0.0
21985,Center Drive,0.0,0.0,0.0,0,(),0.0,0.0
21990,Center Drive,0.0,0.0,0.0,0,(),0.0,0.0
21995,Center Drive,0.0,0.0,0.0,0,(),0.0,0.0
22000,Center Drive,0.0,0.0,0.0,0,(),0.0,0.0
22005,Center Drive,0.0,0.0,0.0,0,(),0.0,0.0
22010,Center Drive,0.0,0.0,0.0,0,(),0.0,0.0
22015,Center Drive,0.0,0.0,0.0,0,(),0.0,0.0
22020,Center Drive,0.0,0.0,0.0,0,(),0.0,0.0
22025,Center Drive,0.0,0.0,0.0,0,(),0.0,0.0
22030,Center Drive,0.0,0.0,0.0,0,(),0.0,0.0
22035,Center Drive,0.0,0.0,0.0,0,(),0.0,0.0
22040,Center Drive,0.0,0.0,0.0,0,(),0.0,0.0
22045,Center Drive,0.0,0.0,0.0,0,(),0.0,0.0
22050,Center Drive,0.0,0.0,0.0,0,(),0.0,0.0
22055,Center Drive,0.0,0.0,0.0,0,(),0.0,0.0
22060,Center Drive,0.0,0.0,0.0,0,(),0.0,0.0
22065,Center Drive,0.0,0.0,0.0,0,(),0.0,0.0
22070,Center Drive,0.0,0.0,0.0,0,(),0.0,0.0
22075,Center Drive,0.0,0.0,0.0,0,(),0.0,0.0
22080,Center Drive,0.0,0.0,0.0,0,(),0.0,0.0
22085,Center Drive,0.0,0.0,0.0,0,(),0.0,0.0
22090,Center Drive,0.0,0.0,0.0,0,(),0.0,0.0
22095,Center Drive,0.0,0.0,0.0,0,(),0.0,0.0
22100,Center Drive,0.0,0.0,0.0,0,(),0.0,0.0
22105,Center Drive,0.0,0.0,0.0,0,(),0.0,0.0
22110,Center Drive,0.0,0.0,0.0,0,(),0.0,0.0
22115,Center Drive,0.0,0.0,0.0,0,(),0.0,0.0
22120,Center Drive,0.0,0.0,0.0,0,(),0.0,0.0
22125,Center Drive,0.0,0.0,0.0,0,(),0.0,0.0
22130,Center Drive,0.0,0.0,0.0,0,(),0.0,0.0
22135,Center Drive,0.0,0.0,0.0,0,(),0.0,0.0
22140,Center Drive,0.0,0.0,0.0,0,(),0.0,0.0
22145,Center Drive,0.0,0.0,0.0,0,(),0.0,0.0
22150,Center Drive,0.0,0.0,0.0,0,(),0.0,0.0
22155,Center Drive,0.0,0.0,0.0,0,(),0.0,0.0
22160,Center Drive,0.0,0.0,0.0,0,(),0.0,0.0
22165,Center Drive,0.0,0.0,0.0,0,(),0.0,0.0
22170,Center Drive,0.0,0.0,0.0,0,(),0.0,0.0
22175,Center Drive,0.0,0.0,0.0,0,(),0.0,0.0
22180,Center Drive,0.0,0.0,0.0,0,(),0.0,0.0
22185,Center Drive,0.0,0.0,0.0,0,(),0.0,0.0
22190,Center Drive,0.0,0.0,0.0,0,(),0.0,0.0
22195,Center Drive,0.0,0.0,0.0,0,(),0.0,0.0
22200,Center Drive,0.0,0.0,0.0,0,(),0.0,0.0
22205,Center Drive,0.0,0.0,0.0,0,(),0.0,0.0
22210,Center Drive,0.0,0.0,0.0,0,(),0.0,0.0
22215,Center Drive,0.0,0.0,0.0,0,(),0.0,0.0
22220,Center Drive,0.0,0.0,0.0,0,(),0.0,0.0
22225,Center Drive,0.0,0.0,0.0,0,(),0.0,0.0
22230,Center Drive,0.0,0.0,0.0,0,(),0.0,0.0
22235,Center Drive,0.0,0.0,0.0,0,(),0.0,0.0
22240,Center Drive,0.0,0.0,0.0,0,(),0.0,0.0
22245,Center Drive,0.0,0.0,0.0,0,(),0.0,0.0
22250,Center Drive,0.0,0.0,0.0,0,(),0.0,0.0
22255,Center Drive,0.0,0.0,0.0,0,(),0.0,0.0
22260,Center Drive,0.0,0.0,0.0,0,(),0.0,0.0
22265,Center Drive,0.0,0.0,0.0,0,(),0.0,0.0
22270,Center Drive,0.0,0.0,0.0,0,(),0.0,0.0
22275,Center Drive,0.0,0.0,0.0,0,(),0.0,0.0
22280,Center Drive,0.0,0.0,0.0,0,(),0.0,0.0
22285,Center Drive,0.0,0.0,0.0,0,(),0.0,0.0
22290,Center Drive,0.0,0.0,0.0,0,(),0.0,0.0
22295,Center Drive,0.0,0.0,0.0,0,(),0.0,0.0
22300,Center Drive,0.0,0.0,0.0,0,(),0.0,0.0
22305,Center Drive,0.0,0.0,0.0,0,(),0.0,0.0
22310,Center Drive,0.0,0.0,0.0,0,(),0.0,0.0
22315,Center Drive,0.0,0.0,0.0,0,(),0.0,0.0
22320,Center Drive,0.0,0.0,0.0,0,(),0.0,0.0
22325,Center Drive,0.0,0.0,0.0,0,(),0.0,0.0
22330,Center Drive,0.0,0.0,0.0,0,(),0.0,0.0
22335,Center Drive,0.0,0.0,0.0,0,(),0.0,0.0
22340,Center Drive,0.0,0.0,0.0,0,(),0.0,0.0
22345,Center Drive,0.0,0.0,0.0,0,(),0.0,0.0
22350,Center Drive,0.0,0.0,0.0,0,(),0.0,0.0
22355,Center Drive,0.0,0.0,0.0,0,(),0.0,0.0
22360,Center Drive,0.0,0.0,0.0,0,(),0.0,0.0
22365,Center Drive,0.0,0.0,0.0,0,(),0.0,0.0
22370,Center Drive,0.0,0.0,0.0,0,(),0.0,0.0
22375,Center Drive,0.0,0.0,0.0,0,(),0.0,0.0
22380,Center Drive,0.0,0.0,0.0,0,(),0.0,0.0
22385,Center Drive,0.0,0.0,0.0,0,(),0.0,0.0
22390,Center Drive,0.0,0.0,0.0,0,(),0.0,0.0
22395,Center Drive,0.0,0.0,0.0,0,(),0.0,0.0
22400,Center Drive,0.0,0.0,0.0,0,(),0.0,0.0
22405,Center Drive,0.0,0.0,0.0,0,(),0.0,0.0
22410,Center Drive,0.0,0.0,0.0,0,(),0.0,0.0
22415,Center Drive,0.0,0.0,0.0,0,(),0.0,0.0
22420,Center Drive,0.0,0.0,0.0,0,(),0.0,0.0
22425,Center Drive,0.0,0.0,0.0,0,(),0.0,0.0
22430,Center Drive,0.0,0.0,0.0,0,(),0.0,0.0
22435,Center Drive,0.0,0.0,0.0,0,(),0.0,0.0
22440,Center Drive,0.0,0.0,0.0,0,(),0.0,0.0
22445,Center Drive,0.0,0.0,0.0,0,(),0.0,0.0
22450,Center Drive,0.0,0.0,0.0,0,(),0.0,0.0
22455,Center Drive,0.0,0.0,0.0,0,(),0.0,0.0
22460,Center Drive,0.0,0.0,0.0,0,(),0.0,0.0
22465,Center Drive,0.0,0.0,0.0,0,(),0.0,0.0
22470,Center Drive,0.0,0.0,0.0,0,(),0.0,0.0
22475,Center Drive,0.0,0.0,0.0,0,(),0.0,0.0
22480,Center Drive,0.0,0.0,0.0,0,(),0.0,0.0
22485,Center Drive,0.0,0.0,0.0,0,(),0.0,0.0
22490,Center Drive,0.0,0.0,0.0,0,(),0.0,0.0
22495,Center Drive,0.0,0.0,0.0,0,(),0.0,0.0
22500,Center Drive,0.0,0.0,0.0,0,(),0.0,0.0
22505,Center Drive,0.0,0.0,0.0,0,(),0.0,0.0
22510,Center Drive,0.0,0.0,0.0,0,(),0.0,0.0
22515,Center Drive,0.0,0.0,0.0,0,(),0.0,0.0
22520,Center Drive,0.0,0.0,0.0,0,(),0.0,0.0
22525,Center Drive,0.0,0.0,0.0,0,(),0.0,0.0
22530,Center Drive,0.0,0.0,0.0,0,(),0.0,0.0
22535,Center Drive,0.0,0.0,0.0,0,(),0.0,0.0
22540,Center Drive,0.0,0.0,0.0,0,(),0.0,0.0
22545,Center Drive,0.0,0.0,0.0,0,(),0.0,0.0
22550,Center Drive,0.0,0.0,0.0,0,(),0.0,0.0
22555,Center Drive,0.0,0.0,0.0,0,(),0.0,0.0
22560,Center Drive,0.0,0.0,0.0,0,(),0.0,0.0
22565,Center Drive,0.0,0.0,0.0,0,(),0.0,0.0
22570,Center Drive,0.0,0.0,0.0,0,(),0.0,0.0
22575,Center Drive,0.0,0.0,0.0,0,(),0.0,0.0
22580,Center Drive,0.0,0.0,0.0,0,(),0.0,0.0
22585,Center Drive,0.0,0.0,0.0,0,(),0.0,0.0
22590,Center Drive,0.0,0.0,0.0,0,(),0.0,0.0
22595,Center Drive,0.0,0.0,0.0,0,(),0.0,0.0
22600,Center Drive,0.0,0.0,0.0,0,(),0.0,0.0
22605,Center Drive,0.0,0.0,0.0,0,(),0.0,0.0
22610,Center Drive,0.0,0.0,0.0,0,(),0.0,0.0
22615,Center Drive,0.0,0.0,0.0,0,(),0.0,0.0
22620,Center Drive,0.0,0.0,0.0,0,(),0.0,0.0
22625,Center Drive,0.0,0.0,0.0,0,(),0.0,0.0
22630,Center Drive,0.0,0.0,0.0,0,(),0.0,0.0
22635,Center Drive,0.0,0.0,0.0,0,(),0.0,0.0
22640,Center Drive,0.0,0.0,0.0,0,(),0.0,0.0
22645,Center Drive,0.0,0.0,0.0,0,(),0.0,0.0
22650,Center Drive,0.0,0.0,0.0,0,(),0.0,0.0
22655,Center Drive,0.0,0.0,0.0,0,(),0.0,0.0
22660,Center Drive,0.0,0.0,0.0,0,(),0.0,0.0
22665,Center Drive,0.0,0.0,0.0,0,(),0.0,0.0
22670,Center Drive,0.0,0.0,0.0,0,(),0.0,0.0
22675,Center Drive,0.0,0.0,0.0,0,(),0.0,0.0
22680,Center Drive,0.0,0.0,0.0,0,(),0.0,0.0
22685,Center Drive,0.0,0.0,0.0,0,(),0.0,0.0
22690,Center Drive,0.0,0.0,0.0,0,(),0.0,0.0
22695,Center Drive,0.0,0.0,0.0,0,(),0.0,0.0
22700,Center Drive,0.0,0.0,0.0,0,(),0.0,0.0
22705,Center Drive,0.0,0.0,0.0,0,(),0.0,0.0
22710,Center Drive,0.0,0.0,0.0,0,(),0.0,0.0
22715,Center Drive,0.0,0.0,0.0,0,(),0.0,0.0
22720,Center Drive,0.0,0.0,0.0,0,(),0.0,0.0
22725,Center Drive,0.0,0.0,0.0,0,(),0.0,0.0
22730,Center Drive,0.0,0.0,0.0,0,(),0.0,0.0
22735,Center Drive,0.0,0.0,0.0,0,(),0.0,0.0
22740,Center Drive,0.0,0.0,0.0,0,(),0.0,0.0
22745,Center Drive,0.0,0.0,0.0,0,(),0.0,0.0
22750,Center Drive,0.0,0.0,0.0,0,(),0.0,0.0
22755,Center Drive,0.0,0.0,0.0,0,(),0.0,0.0
22760,Center Drive,0.0,0.0,0.0,0,(),0.0,0.0
22765,Center Drive,0.0,0.0,0.0,0,(),0.0,0.0
22770,Center Drive,0.0,0.0,0.0,0,(),0.0,0.0
22775,Center Drive,0.0,0.0,0.0,0,(),0.0,0.0
22780,Center Drive,0.0,0.0,0.0,0,(),0.0,0.0
22785,Center Drive,0.0,0.0,0.0,0,(),0.0,0.0
22790,Center Drive,0.0,0.0,0.0,0,(),0.0,0.0
22795,Center Drive,0.0,0.0,0.0,0,(),0.0,0.0
22800,Center Drive,0.0,0.0,0.0,0,(),0.0,0.0
22805,Center Drive,0.0,0.0,0.0,0,(),0.0,0.0
22810,Center Drive,0.0,0.0,0.0,0,(),0.0,0.0
22815,Center Drive,0.0,0.0,0.0,0,(),0.0,0.0
22820,Center Drive,0.0,0.0,0.0,0,(),0.0,0.0
22825,Center Drive,0.0,0.0,0.0,0,(),0.0,0.0
22830,Center Drive,0.0,0.0,0.0,0,(),0.0,0.0
22835,Center Drive,0.0,0.0,0.0,0,(),0.0,0.0
22840,Center Drive,0.0,0.0,0.0,0,(),0.0,0.0
22845,Center Drive,0.0,0.0,0.0,0,(),0.0,0.0
22850,Center Drive,0.0,0.0,0.0,0,(),0.0,0.0
22855,Center Drive,0.0,0.0,0.0,0,(),0.0,0.0
22860,Center Drive,0.0,0.0,0.0,0,(),0.0,0.0
22865,Center Drive,0.0,0.0,0.0,0,(),0.0,0.0
22870,Center Drive,0.0,0.0,0.0,0,(),0.0,0.0
22875,Center Drive,0.0,0.0,0.0,0,(),0.0,0.0
22880,Center Drive,0.0,0.0,0.0,0,(),0.0,0.0
22885,Center Drive,0.0,0.0,0.0,0,(),0.0,0.0
22890,Center Drive,0.0,0.0,0.0,0,(),0.0,0.0
22895,Center Drive,0.0,0.0,0.0,0,(),0.0,0.0
22900,Center Drive,0.0,0.0,0.0,0,(),0.0,0.0
22905,Center Drive,0.0,0.0,0.0,0,(),0.0,0.0
22910,Center Drive,0.0,0.0,0.0,0,(),0.0,0.0
22915,Center Drive,0.0,0.0,0.0,0,(),0.0,0.0
22920,Center Drive,0.0,0.0,0.0,0,(),0.0,0.0
22925,Center Drive,0.0,0.0,0.0,0,(),0.0,0.0
22930,Center Drive,0.0,0.0,0.0,0,(),0.0,0.0
22935,Center Drive,0.0,0.0,0.0,0,(),0.0,0.0
22940,Center Drive,0.0,0.0,0.0,0,(),0.0,0.0
22945,Center Drive,0.0,0.0,0.0,0,(),0.0,0.0
22950,Center Drive,0.0,0.0,0.0,0,(),0.0,0.0
22955,Center Drive,0.0,0.0,0.0,0,(),0.0,0.0
22960,Center Drive,0.0,0.0,0.0,0,(),0.0,0.0
22965,Center Drive,0.0,0.0,0.0,0,(),0.0,0.0
22970,Center Drive,0.0,0.0,0.0,0,(),0.0,0.0
22975,Center Drive,0.0,0.0,0.0,0,(),0.0,0.0
22980,Center Drive,0.0,0.0,0.0,0,(),0.0,0.0
22985,Center Drive,0.0,0.0,0.0,0,(),0.0,0.0
22990,Center Drive,0.0,0.0,0.0,0,(),0.0,0.0
22995,Center Drive,0.0,0.0,0.0,0,(),0.0,0.0
23000,Center Drive,0.0,0.0,0.0,0,(),0.0,0.0
23005,Center Drive,0.0,0.0,0.0,0,(),0.0,0.0
23010,Center Drive,0.0,0.0,0.0,0,(),0.0,0.0
23015,Center Drive,0.0,0.0,0.0,0,(),0.0,0.0
23020,Center Drive,0.0,0.0,0.0,0,(),0.0,0.0
23025,Center Drive,0.0,0.0,0.0,0,(),0.0,0.0
23030,Center Drive,0.0,0.0,0.0,0,(),0.0,0.0
23035,Center Drive,0.0,0.0,0.0,0,(),0.0,0.0
23040,Center Drive,0.0,0.0,0.0,0,(),0.0,0.0
23045,Center Drive,0.0,0.0,0.0,0,(),0.0,0.0
23050,Center Drive,0.0,0.0,0.0,0,(),0.0,0.0
23055,Center Drive,0.0,0.0,0.0,0,(),0.0,0.0
23060,Center Drive,0.0,0.0,0.0,0,(),0.0,0.0
23065,Center Drive,0.0,0.0,0.0,0,(),0.0,0.0
23070,Center Drive,0.0,0.0,0.0,0,(),0.0,0.0
23075,Center Drive,0.0,0.0,0.0,0,(),0.0,0.0
23080,Center Drive,0.0,0.0,0.0,0,(),0.0,0.0
23085,Center Drive,0.0,0.0,0.0,0,(),0.0,0.0
23090,Center Drive,0.0,0.0,0.0,0,(),0.0,0.0
23095,Center Drive,0.0,0.0,0.0,0,(),0.0,0.0
23100,Center Drive,0.0,0.0,0.0,0,(),0.0,0.0
23105,Center Drive,0.0,0.0,0.0,0,(),0.0,0.0
23110,Center Drive,0.0,0.0,0.0,0,(),0.0,0.0
23115,Center Drive,0.0,0.0,0.0,0,(),0.0,0.0
23120,Center Drive,0.0,0.0,0.0,0,(),0.0,0.0
23125,Center Drive,0.0,0.0,0.0,0,(),0.0,0.0
23130,Center Drive,0.0,0.0,0.0,0,(),0.0,0.0
23135,Center Drive,0.0,0.0,0.0,0,(),0.0,0.0
23140,Center Drive,0.0,0.0,0.0,0,(),0.0,0.0
23145,Center Drive,0.0,0.0,0.0,0,(),0.0,0.0
23150,Center Drive,0.0,0.0,0.0,0,(),0.0,0.0
23155,Center Drive,0.0,0.0,0.0,0,(),0.0,0.0
23160,Center Drive,0.0,0.0,0.0,0,(),0.0,0.0
23165,Center Drive,0.0,0.0,0.0,0,(),0.0,0.0
23170,Center Drive,0.0,0.0,0.0,0,(),0.0,0.0
23175,Center Drive,0.0,0.0,0.0,0,(),0.0,0.0
23180,Center Drive,0.0,0.0,0.0,0,(),0.0,0.0
23185,Center Drive,0.0,0.0,0.0,0,(),0.0,0.0
23190,Center Drive,0.0,0.0,0.0,0,(),0.0,0.0
23195,Center Drive,0.0,0.0,0.0,0,(),0.0,0.0
23200,Center Drive,0.0,0.0,0.0,0,(),0.0,0.0
23205,Center Drive,0.0,0.0,0.0,0,(),0.0,0.0
23210,Center Drive,0.0,0.0,0.0,0,(),0.0,0.0
23215,Center Drive,0.0,0.0,0.0,0,(),0.0,0.0
23220,Center Drive,0.0,0.0,0.0,0,(),0.0,0.0
23225,Center Drive,0.0,0.0,0.0,0,(),0.0,0.0
23230,Center Drive,0.0,0.0,0.0,0,(),0.0,0.0
23235,Center Drive,0.0,0.0,0.0,0,(),0.0,0.0
23240,Center Drive,0.0,0.0,0.0,0,(),0.0,0.0
23245,Center Drive,0.0,0.0,0.0,0,(),0.0,0.0
23250,Center Drive,0.0,0.0,0.0,0,(),0.0,0.0
23255,Center Drive,0.0,0.0,0.0,0,(),0.0,0.0
23260,Center Drive,0.0,0.0,0.0,0,(),0.0,0.0
23265,Center Drive,0.0,0.0,0.0,0,(),0.0,0.0
23270,Center Drive,0.0,0.0,0.0,0,(),0.0,0.0
23275,Center Drive,0.0,0.0,0.0,0,(),0.0,0.0
23280,Center Drive,0.0,0.0,0.0,0,(),0.0,0.0
23285,Center Drive,0.0,0.0,0.0,0,(),0.0,0.0
23290,Center Drive,0.0,0.0,0.0,0,(),0.0,0.0
23295,Center Drive,0.0,0.0,0.0,0,(),0.0,0.0
23300,Center Drive,0.0,0.0,0.0,0,(),0.0,0.0
23305,Center Drive,0.0,0.0,0.0,0,(),0.0,0.0
23310,Center Drive,0.0,0.0,0.0,0,(),0.0,0.0
23315,Center Drive,0.0,0.0,0.0,0,(),0.0,0.0
23320,Center Drive,0.0,0.0,0.0,0,(),0.0,0.0
23325,Center Drive,0.0,0.0,0.0,0,(),0.0,0.0
23330,Center Drive,0.0,0.0,0.0,0,(),0.0,0.0
23335,Center Drive,0.0,0.0,0.0,0,(),0.0,0.0
23340,Center Drive,0.0,0.0,0.0,0,(),0.0,0.0
23345,Center Drive,0.0,0.0,0.0,0,(),0.0,0.0
23350,Center Drive,0.0,0.0,0.0,0,(),0.0,0.0
23355,Center Drive,0.0,0.0,0.0,0,(),0.0,0.0
23360,Center Drive,0.0,0.0,0.0,0,(),0.0,0.0
23365,Center Drive,0.0,0.0,0.0,0,(),0.0,0.0
23370,Center Drive,0.0,0.0,0.0,0,(),0.0,0.0
23375,Center Drive,0.0,0.0,0.0,0,(),0.0,0.0
23380,Center Drive,0.0,0.0,0.0,0,(),0.0,0.0
23385,Center Drive,0.0,0.0,0.0,0,(),0.0,0.0
23390,Center Drive,0.0,0.0,0.0,0,(),0.0,0.0
23395,Center Drive,0.0,0.0,0.0,0,(),0.0,0.0
23400,Center Drive,0.0,0.0,0.0,0,(),0.0,0.0
23405,Center Drive,0.0,0.0,0.0,0,(),0.0,0.0
23410,Center Drive,0.0,0.0,0.0,0,(),0.0,0.0
23415,Center Drive,0.0,0.0,0.0,0,(),0.0,0.0
23420,Center Drive,0.0,0.0,0.0,0,(),0.0,0.0
23425,Center Drive,0.0,0.0,0.0,0,(),0.0,0.0
23430,Center Drive,0.0,0.0,0.0,0,(),0.0,0.0
23435,Center Drive,0.0,0.0,0.0,0,(),0.0,0.0
23440,Center Drive,0.0,0.0,0.0,0,(),0.0,0.0
23445,Center Drive,0.0,0.0,0.0,0,(),0.0,0.0
23450,Center Drive,0.0,0.0,0.0,0,(),0.0,0.0
23455,Center Drive,0.0,0.0,0.0,0,(),0.0,0.0
23460,Center Drive,0.0,0.0,0.0,0,(),0.0,0.0
23465,Center Drive,0.0,0.0,0.0,0,(),0.0,0.0
23470,Center Drive,0.0,0.0,0.0,0,(),0.0,0.0
23475,Center Drive,0.0,0.0,0.0,0,(),0.0,0.0
23480,Center Drive,0.0,0.0,0.0,0,(),0.0,0.0
23485,Center Drive,0.0,0.0,0.0,0,(),0.0,0.0
23490,Center Drive,0.0,0.0,0.0,0,(),0.0,0.0
23495,Center Drive,0.0,0.0,0.0,0,(),0.0,0.0
23500,Center Drive,0.0,0.0,0.0,0,(),0.0,0.0
23505,Center Drive,0.0,0.0,0.0,0,(),0.0,0.0
23510,Center Drive,0.0,0.0,0.0,0,(),0.0,0.0
23515,Center Drive,0.0,0.0,0.0,0,(),0.0,0.0
23520,Center Drive,0.0,0.0,0.0,0,(),0.0,0.0
23525,Center Drive,0.0,0.0,0.0,0,(),0.0,0.0
23530,Center Drive,0.0,0.0,0.0,0,(),0.0,0.0
23535,Center Drive,0.0,0.0,0.0,0,(),0.0,0.0
23540,Center Drive,0.0,0.0,0.0,0,(),0.0,0.0
23545,Center Drive,0.0,0.0,0.0,0,(),0.0,0.0
23550,Center Drive,0.0,0.0,0.0,0,(),0.0,0.0
23555,Center Drive,0.0,0.0,0.0,0,(),0.0,0.0
23560,Center Drive,0.0,0.0,0.0,0,(),0.0,0.0
23565,Center Drive,0.0,0.0,0.0,0,(),0.0,0.0
23570,Center Drive,0.0,0.0,0.0,0,(),0.0,0.0
23575,Center Drive,0.0,0.0,0.0,0,(),0.0,0.0
23580,Center Drive,0.0,0.0,0.0,0,(),0.0,0.0
23585,Center Drive,0.0,0.0,0.0,0,(),0.0,0.0
23590,Center Drive,0.0,0.0,0.0,0,(),0.0,0.0
23595,Center Drive,0.0,0.0,0.0,0,(),0.0,0.0
23600,Center Drive,0.0,0.0,0.0,0,(),0.0,0.0
23605,Center Drive,0.0,0.0,0.0,0,(),0.0,0.0
23610,Center Drive,0.0,0.0,0.0,0,(),0.0,0.0
23615,Center Drive,0.0,0.0,0.0,0,(),0.0,0.0
23620,Center Drive,0.0,0.0,0.0,0,(),0.0,0.0
23625,Center Drive,0.0,0.0,0.0,0,(),0.0,0.0
23630,Center Drive,0.0,0.0,0.0,0,(),0.0,0.0
23635,Center Drive,0.0,0.0,0.0,0,(),0.0,0.0
23640,Center Drive,0.0,0.0,0.0,0,(),0.0,0.0
23645,Center Drive,0.0,0.0,0.0,0,(),0.0,0.0
23650,Center Drive,0.0,0.0,0.0,0,(),0.0,0.0
23655,Center Drive,0.0,0.0,0.0,0,(),0.0,0.0
23660,Center Drive,0.0,0.0,0.0,0,(),0.0,0.0
23665,Center Drive,0.0,0.0,0.0,0,(),0.0,0.0
23670,Center Drive,0.0,0.0,0.0,0,(),0.0,0.0
23675,Center Drive,0.0,0.0,0.0,0,(),0.0,0.0
23680,Center Drive,0.0,0.0,0.0,0,(),0.0,0.0
23685,Center Drive,0.0,0.0,0.0,0,(),0.0,0.0
23690,Center Drive,0.0,0.0,0.0,0,(),0.0,0.0
23695,Center Drive,0.0,0.0,0.0,0,(),0.0,0.0
23700,Center Drive,0.0,0.0,0.0,0,(),0.0,0.0
23705,Center Drive,0.0,0.0,0.0,0,(),0.0,0.0
23710,Center Drive,0.0,0.0,0.0,0,(),0.0,0.0
23715,Center Drive,0.0,0.0,0.0,0,(),0.0,0.0
23720,Center Drive,0.0,0.0,0.0,0,(),0.0,0.0
23725,Center Drive,0.0,0.0,0.0,0,(),0.0,0.0
23730,Center Drive,0.0,0.0,0.0,0,(),0.0,0.0
23735,Center Drive,0.0,0.0,0.0,0,(),0.0,0.0
23740,Center Drive,0.0,0.0,0.0,0,(),0.0,0.0
23745,Center Drive,0.0,0.0,0.0,0,(),0.0,0.0
23750,Center Drive,0.0,0.0,0.0,0,(),0.0,0.0
23755,Center Drive,0.0,0.0,0.0,0,(),0.0,0.0
23760,Center Drive,0.0,0.0,0.0,0,(),0.0,0.0
23765,Center Drive,0.0,0.0,0.0,0,(),0.0,0.0
23770,Center Drive,0.0,0.0,0.0,0,(),0.0,0.0
23775,Center Drive,0.0,0.0,0.0,0,(),0.0,0.0
23780,Center Drive,0.0,0.0,0.0,0,(),0.0,0.0
23785,Center Drive,0.0,0.0,0.0,0,(),0.0,0.0
23790,Center Drive,0.0,0.0,0.0,0,(),0.0,0.0
23795,Center Drive,0.0,0.0,0.0,0,(),0.0,0.0
23800,Center Drive,0.0,0.0,0.0,0,(),0.0,0.0
23805,Center Drive,0.0,0.0,0.0,0,(),0.0,0.0
23810,Center Drive,0.0,0.0,0.0,0,(),0.0,0.0
23815,Center Drive,0.0,0.0,0.0,0,(),0.0,0.0
23820,Center Drive,0.0,0.0,0.0,0,(),0.0,0.0
23825,Center Drive,0.0,0.0,0.0,0,(),0.0,0.0
23830,Center Drive,0.0,0.0,0.0,0,(),0.0,0.0
23835,Center Drive,0.0,0.0,0.0,0,(),0.0,0.0
23840,Center Drive,0.0,0.0,0.0,0,(),0.0,0.0
23845,Center Drive,0.0,0.0,0.0,0,(),0.0,0.0
23850,Center Drive,0.0,0.0,0.0,0,(),0.0,0.0
23855,Center Drive,0.0,0.0,0.0,0,(),0.0,0.0
23860,Center Drive,0.0,0.0,0.0,0,(),0.0,0.0
23865,Center Drive,0.0,0.0,0.0,0,(),0.0,0.0
23870,Center Drive,0.0,0.0,0.0,0,(),0.0,0.0
23875,Center Drive,0.0,0.0,0.0,0,(),0.0,0.0
23880,Center Drive,0.0,0.0,0.0,0,(),0.0,0.0
23885,Center Drive,0.0,0.0,0.0,0,(),0.0,0.0
23890,Center Drive,0.0,0.0,0.0,0,(),0.0,0.0
23895,Center Drive,0.0,0.0,0.0,0,(),0.0,0.0
23900,Center Drive,0.0,0.0,0.0,0,(),0.0,0.0
23905,Center Drive,0.0,0.0,0.0,0,(),0.0,0.0
23910,Center Drive,0.0,0.0,0.0,0,(),0.0,0.0
23915,Center Drive,0.0,0.0,0.0,0,(),0.0,0.0
23920,Center Drive,0.0,0.0,0.0,0,(),0.0,0.0
23925,Center Drive,0.0,0.0,0.0,0,(),0.0,0.0
23930,Center Drive,0.0,0.0,0.0,0,(),0.0,0.0
23935,Center Drive,0.0,0.0,0.0,0,(),0.0,0.0
23940,Center Drive,0.0,0.0,0.0,0,(),0.0,0.0
23945,Center Drive,0.0,0.0,0.0,0,(),0.0,0.0
23950,Center Drive,0.0,0.0,0.0,0,(),0.0,0.0
23955,Center Drive,0.0,0.0,0.0,0,(),0.0,0.0
23960,Center Drive,0.0,0.0,0.0,0,(),0.0,0.0
23965,Center Drive,0.0,0.0,0.0,0,(),0.0,0.0
23970,Center Drive,0.0,0.0,0.0,0,(),0.0,0.0
23975,Center Drive,0.0,0.0,0.0,0,(),0.0,0.0
23980,Center Drive,0.0,0.0,0.0,0,(),0.0,0.0
23985,Center Drive,0.0,0.0,0.0,0,(),0.0,0.0
23990,Center Drive,0.0,0.0,0.0,0,(),0.0,0.0
23995,Center Drive,0.0,0.0,0.0,0,(),0.0,0.0
24000,Center Drive,0.0,0.0,0.0,0,(),0.0,0.0
24005,Center Drive,0.0,0.0,0.0,0,(),0.0,0.0
24010,Center Drive,0.0,0.0,0.0,0,(),0.0,0.0
24015,Center Drive,0.0,0.0,0.0,0,(),0.0,0.0
24020,Center Drive,0.0,0.0,0.0,0,(),0.0,0.0
24025,Center Drive,0.0,0.0,0.0,0,(),0.0,0.0
24030,Center Drive,0.0,0.0,0.0,0,(),0.0,0.0
24035,Center Drive,0.0,0.0,0.0,0,(),0.0,0.0
24040,Center Drive,0.0,0.0,0.0,0,(),0.0,0.0
24045,Center Drive,0.0,0.0,0.0,0,(),0.0,0.0
24050,Center Drive,0.0,0.0,0.0,0,(),0.0,0.0
24055,Center Drive,0.0,0.0,0.0,0,(),0.0,0.0
24060,Center Drive,0.0,0.0,0.0,0,(),0.0,0.0
24065,Center Drive,0.0,0.0,0.0,0,(),0.0,0.0
24070,Center Drive,0.0,0.0,0.0,0,(),0.0,0.0
24075,Center Drive,0.0,0.0,0.0,0,(),0.0,0.0
24080,Center Drive,0.0,0.0,0.0,0,(),0.0,0.0
24085,Center Drive,0.0,0.0,0.0,0,(),0.0,0.0
24090,Center Drive,0.0,0.0,0.0,0,(),0.0,0.0
24095,Center Drive,0.0,0.0,0.0,0,(),0.0,0.0
24100,Center Drive,0.0,0.0,0.0,0,(),0.0,0.0
24105,Center Drive,0.0,0.0,0.0,0,(),0.0,0.0
24110,Center Drive,0.0,0.0,0.0,0,(),0.0,0.0
24115,Center Drive,0.0,0.0,0.0,0,(),0.0,0.0
24120,Center Drive,0.0,0.0,0.0,0,(),0.0,0.0
24125,Center Drive,0.0,0.0,0.0,0,(),0.0,0.0
24130,Center Drive,0.0,0.0,0.0,0,(),0.0,0.0
24135,Center Drive,0.0,0.0,0.0,0,(),0.0,0.0
24140,Center Drive,0.0,0.0,0.0,0,(),0.0,0.0
24145,Center Drive,0.0,0.0,0.0,0,(),0.0,0.0
24150,Center Drive,0.0,0.0,0.0,0,(),0.0,0.0
24155,Center Drive,0.0,0.0,0.0,0,(),0.0,0.0
24160,Center Drive,0.0,0.0,0.0,0,(),0.0,0.0
24165,Center Drive,0.0,0.0,0.0,0,(),0.0,0.0
24170,Center Drive,0.0,0.0,0.0,0,(),0.0,0.0
24175,Center Drive,0.0,0.0,0.0,0,(),0.0,0.0
24180,Center Drive,0.0,0.0,0.0,0,(),0.0,0.0
24185,Center Drive,0.0,0.0,0.0,0,(),0.0,0.0
24190,Center Drive,0.0,0.0,0.0,0,(),0.0,0.0
24195,Center Drive,0.0,0.0,0.0,0,(),0.0,0.0
24200,Center Drive,0.0,0.0,0.0,0,(),0.0,0.0
24205,Center Drive,0.0,0.0,0.0,0,(),0.0,0.0
24210,Center Drive,0.0,0.0,0.0,0,(),0.0,0.0
24215,Center Drive,0.0,0.0,0.0,0,(),0.0,0.0
24220,Center Drive,0.0,0.0,0.0,0,(),0.0,0.0
24225,Center Drive,0.0,0.0,0.0,0,(),0.0,0.0
24230,Center Drive,0.0,0.0,0.0,0,(),0.0,0.0
24235,Center Drive,0.0,0.0,0.0,0,(),0.0,0.0
24240,Center Drive,0.0,0.0,0.0,0,(),0.0,0.0
24245,Center Drive,0.0,0.0,0.0,0,(),0.0,0.0
24250,Center Drive,0.0,0.0,0.0,0,(),0.0,0.0
24255,Center Drive,0.0,0.0,0.0,0,(),0.0,0.0
24260,Center Drive,0.0,0.0,0.0,0,(),0.0,0.0
24265,Center Drive,0.0,0.0,0.0,0,(),0.0,0.0
24270,Center Drive,0.0,0.0,0.0,0,(),0.0,0.0
24275,Center Drive,0.0,0.0,0.0,0,(),0.0,0.0
24280,Center Drive,0.0,0.0,0.0,0,(),0.0,0.0
24285,Center Drive,0.0,0.0,0.0,0,(),0.0,0.0
24290,Center Drive,0.0,0.0,0.0,0,(),0.0,0.0
24295,Center Drive,0.0,0.0,0.0,0,(),0.0,0.0
24300,Center Drive,0.0,0.0,0.0,0,(),0.0,0.0
24305,Center Drive,0.0,0.0,0.0,0,(),0.0,0.0
24310,Center Drive,0.0,0.0,0.0,0,(),0.0,0.0
24315,Center Drive,0.0,0.0,0.0,0,(),0.0,0.0
24320,Center Drive,0.0,0.0,0.0,0,(),0.0,0.0
24325,Center Drive,0.0,0.0,0.0,0,(),0.0,0.0
24330,Center Drive,0.0,0.0,0.0,0,(),0.0,0.0
24335,Center Drive,0.0,0.0,0.0,0,(),0.0,0.0
24340,Center Drive,0.0,0.0,0.0,0,(),0.0,0.0
24345,Center Drive,0.0,0.0,0.0,0,(),0.0,0.0
24350,Center Drive,0.0,0.0,0.0,0,(),0.0,0.0
24355,Center Drive,0.0,0.0,0.0,0,(),0.0,0.0
24360,Center Drive,0.0,0.0,0.0,0,(),0.0,0.0
24365,Center Drive,0.0,0.0,0.0,0,(),0.0,0.0
24370,Center Drive,0.0,0.0,0.0,0,(),0.0,0.0
24375,Center Drive,0.0,0.0,0.0,0,(),0.0,0.0
24380,Center Drive,0.0,0.0,0.0,0,(),0.0,0.0
24385,Center Drive,0.0,0.0,0.0,0,(),0.0,0.0
24390,Center Drive,0.0,0.0,0.0,0,(),0.0,0.0
24395,Center Drive,0.0,0.0,0.0,0,(),0.0,0.0
24400,Center Drive,0.0,0.0,0.0,0,(),0.0,0.0
24405,Center Drive,0.0,0.0,0.0,0,(),0.0,0.0
24410,Center Drive,0.0,0.0,0.0,0,(),0.0,0.0
24415,Center Drive,0.0,0.0,0.0,0,(),0.0,0.0
24420,Center Drive,0.0,0.0,0.0,0,(),0.0,0.0
24425,Center Drive,0.0,0.0,0.0,0,(),0.0,0.0
24430,Center Drive,0.0,0.0,0.0,0,(),0.0,0.0
24435,Center Drive,0.0,0.0,0.0,0,(),0.0,0.0
24440,Center Drive,0.0,0.0,0.0,0,(),0.0,0.0
24445,Center Drive,0.0,0.0,0.0,0,(),0.0,0.0
24450,Center Drive,0.0,0.0,0.0,0,(),0.0,0.0
24455,Center Drive,0.0,0.0,0.0,0,(),0.0,0.0
24460,Center Drive,0.0,0.0,0.0,0,(),0.0,0.0
24465,Center Drive,0.0,0.0,0.0,0,(),0.0,0.0
24470,Center Drive,0.0,0.0,0.0,0,(),0.0,0.0
24475,Center Drive,0.0,0.0,0.0,0,(),0.0,0.0
24480,Center Drive,0.0,0.0,0.0,0,(),0.0,0.0
24485,Center Drive,0.0,0.0,0.0,0,(),0.0,0.0
24490,Center Drive,0.0,0.0,0.0,0,(),0.0,0.0
24495,Center Drive,0.0,0.0,0.0,0,(),0.0,0.0
24500,Center Drive,0.0,0.0,0.0,0,(),0.0,0.0
24505,Center Drive,0.0,0.0,0.0,0,(),0.0,0.0
24510,Center Drive,0.0,0.0,0.0,0,(),0.0,0.0
24515,Center Drive,0.0,0.0,0.0,0,(),0.0,0.0
24520,Center Drive,0.0,0.0,0.0,0,(),0.0,0.0
24525,Center Drive,0.0,0.0,0.0,0,(),0.0,0.0
24530,Center Drive,0.0,0.0,0.0,0,(),0.0,0.0
24535,Center Drive,0.0,0.0,0.0,0,(),0.0,0.0
24540,Center Drive,0.0,0.0,0.0,0,(),0.0,0.0
24545,Center Drive,0.0,0.0,0.0,0,(),0.0,0.0
24550,Center Drive,0.0,0.0,0.0,0,(),0.0,0.0
24555,Center Drive,0.0,0.0,0.0,0,(),0.0,0.0
24560,Center Drive,0.0,0.0,0.0,0,(),0.0,0.0
24565,Center Drive,0.0,0.0,0.0,0,(),0.0,0.0
24570,Center Drive,0.0,0.0,0.0,0,(),0.0,0.0
24575,Center Drive,0.0,0.0,0.0,0,(),0.0,0.0
24580,Center Drive,0.0,0.0,0.0,0,(),0.0,0.0
24585,Center Drive,0.0,0.0,0.0,0,(),0.0,0.0
24590,Center Drive,0.0,0.0,0.0,0,(),0.0,0.0
24595,Center Drive,0.0,0.0,0.0,0,(),0.0,0.0
24600,Center Drive,0.0,0.0,0.0,0,(),0.0,0.0
24605,Center Drive,0.0,0.0,0.0,0,(),0.0,0.0
24610,Center Drive,0.0,0.0,0.0,0,(),0.0,0.0
24615,Center Drive,0.0,0.0,0.0,0,(),0.0,0.0
24620,Center Drive,0.0,0.0,0.0,0,(),0.0,0.0
24625,Center Drive,0.0,0.0,0.0,0,(),0.0,0.0
24630,Center Drive,0.0,0.0,0.0,0,(),0.0,0.0
24635,Center Drive,0.0,0.0,0.0,0,(),0.0,0.0
24640,Center Drive,0.0,0.0,0.0,0,(),0.0,0.0
24645,Center Drive,0.0,0.0,0.0,0,(),0.0,0.0
24650,Center Drive,0.0,0.0,0.0,0,(),0.0,0.0
24655,Center Drive,0.0,0.0,0.0,0,(),0.0,0.0
24660,Center Drive,0.0,0.0,0.0,0,(),0.0,0.0
24665,Center Drive,0.0,0.0,0.0,0,(),0.0,0.0
24670,Center Drive,0.0,0.0,0.0,0,(),0.0,0.0
24675,Center Drive,0.0,0.0,0.0,0,(),0.0,0.0
24680,Center Drive,0.0,0.0,0.0,0,(),0.0,0.0
24685,Center Drive,0.0,0.0,0.0,0,(),0.0,0.0
24690,Center Drive,0.0,0.0,0.0,0,(),0.0,0.0
24695,Center Drive,0.0,0.0,0.0,0,(),0.0,0.0
24700,Center Drive,0.0,0.0,0.0,0,(),0.0,0.0
24705,Center Drive,0.0,0.0,0.0,0,(),0.0,0.0
24710,Center Drive,0.0,0.0,0.0,0,(),0.0,0.0
24715,Center Drive,0.0,0.0,0.0,0,(),0.0,0.0
24720,Center Drive,0.0,0.0,0.0,0,(),0.0,0.0
24725,Center Drive,0.0,0.0,0.0,0,(),0.0,0.0
24730,Center Drive,0.0,0.0,0.0,0,(),0.0,0.0
24735,Center Drive,0.0,0.0,0.0,0,(),0.0,0.0
24740,Center Drive,0.0,0.0,0.0,0,(),0.0,0.0
24745,Center Drive,0.0,0.0,0.0,0,(),0.0,0.0
24750,Center Drive,0.0,0.0,0.0,0,(),0.0,0.0
24755,Center Drive,0.0,0.0,0.0,0,(),0.0,0.0
24760,Center Drive,0.0,0.0,0.0,0,(),0.0,0.0
24765,Center Drive,0.0,0.0,0.0,0,(),0.0,0.0
24770,Center Drive,0.0,0.0,0.0,0,(),0.0,0.0
24775,Center Drive,0.0,0.0,0.0,0,(),0.0,0.0
24780,Center Drive,0.0,0.0,0.0,0,(),0.0,0.0
24785,Center Drive,0.0,0.0,0.0,0,(),0.0,0.0
24790,Center Drive,0.0,0.0,0.0,0,(),0.0,0.0
24795,Center Drive,0.0,0.0,0.0,0,(),0.0,0.0
24800,Center Drive,0.0,0.0,0.0,0,(),0.0,0.0
24805,Center Drive,0.0,0.0,0.0,0,(),0.0,0.0
24810,Center Drive,0.0,0.0,0.0,0,(),0.0,0.0
24815,Center Drive,0.0,0.0,0.0,0,(),0.0,0.0
24820,Center Drive,0.0,0.0,0.0,0,(),0.0,0.0
24825,Center Drive,0.0,0.0,0.0,0,(),0.0,0.0
24830,Center Drive,0.0,0.0,0.0,0,(),0.0,0.0
24835,Center Drive,0.0,0.0,0.0,0,(),0.0,0.0
24840,Center Drive,0.0,0.0,0.0,0,(),0.0,0.0
24845,Center Drive,0.0,0.0,0.0,0,(),0.0,0.0
24850,Center Drive,0.0,0.0,0.0,0,(),0.0,0.0
24855,Center Drive,0.0,0.0,0.0,0,(),0.0,0.0
24860,Center Drive,0.0,0.0,0.0,0,(),0.0,0.0
24865,Center Drive,0.0,0.0,0.0,0,(),0.0,0.0
24870,Center Drive,0.0,0.0,0.0,0,(),0.0,0.0
24875,Center Drive,0.0,0.0,0.0,0,(),0.0,0.0
24880,Center Drive,0.0,0.0,0.0,0,(),0.0,0.0
24885,Center Drive,0.0,0.0,0.0,0,(),0.0,0.0
24890,Center Drive,0.0,0.0,0.0,0,(),0.0,0.0
24895,Center Drive,0.0,0.0,0.0,0,(),0.0,0.0
24900,Center Drive,0.0,0.0,0.0,0,(),0.0,0.0
24905,Center Drive,0.0,0.0,0.0,0,(),0.0,0.0
24910,Center Drive,0.0,0.0,0.0,0,(),0.0,0.0
24915,Center Drive,0.0,0.0,0.0,0,(),0.0,0.0
24920,Center Drive,0.0,0.0,0.0,0,(),0.0,0.0
24925,Center Drive,0.0,0.0,0.0,0,(),0.0,0.0
24930,Center Drive,0.0,0.0,0.0,0,(),0.0,0.0
24935,Center Drive,0.0,0.0,0.0,0,(),0.0,0.0
24940,Center Drive,0.0,0.0,0.0,0,(),0.0,0.0
24945,Center Drive,0.0,0.0,0.0,0,(),0.0,0.0
24950,Center Drive,0.0,0.0,0.0,0,(),0.0,0.0
24955,Center Drive,0.0,0.0,0.0,0,(),0.0,0.0
24960,Center Drive,0.0,0.0,0.0,0,(),0.0,0.0
24965,Center Drive,0.0,0.0,0.0,0,(),0.0,0.0
24970,Center Drive,0.0,0.0,0.0,0,(),0.0,0.0
24975,Center Drive,0.0,0.0,0.0,0,(),0.0,0.0
24980,Center Drive,0.0,0.0,0.0,0,(),0.0,0.0
24985,Center Drive,0.0,0.0,0.0,0,(),0.0,0.0
24990,Center Drive,0.0,0.0,0.0,0,(),0.0,0.0
24995,Center Drive,0.0,0.0,0.0,0,(),0.0,0.0
25000,Center Drive,0.0,0.0,0.0,0,(),0.0,0.0
25005,Center Drive,0.0,0.0,0.0,0,(),0.0,0.0
25010,Center Drive,0.0,0.0,0.0,0,(),0.0,0.0
25015,Center Drive,0.0,0.0,0.0,0,(),0.0,0.0
25020,Center Drive,0.0,0.0,0.0,0,(),0.0,0.0
25025,Center Drive,0.0,0.0,0.0,0,(),0.0,0.0
25030,Center Drive,0.0,0.0,0.0,0,(),0.0,0.0
25035,Center Drive,0.0,0.0,0.0,0,(),0.0,0.0
25040,Center Drive,0.0,0.0,0.0,0,(),0.0,0.0
25045,Center Drive,0.0,0.0,0.0,0,(),0.0,0.0
25050,Center Drive,0.0,0.0,0.0,0,(),0.0,0.0
25055,Center Drive,0.0,0.0,0.0,0,(),0.0,0.0
25060,Center Drive,0.0,0.0,0.0,0,(),0.0,0.0
25065,Center Drive,0.0,0.0,0.0,0,(),0.0,0.0
25070,Center Drive,0.0,0.0,0.0,0,(),0.0,0.0
25075,Center Drive,0.0,0.0,0.0,0,(),0.0,0.0
25080,Center Drive,0.0,0.0,0.0,0,(),0.0,0.0
25085,Center Drive,0.0,0.0,0.0,0,(),0.0,0.0
25090,Center Drive,0.0,0.0,0.0,0,(),0.0,0.0
25095,Center Drive,0.0,0.0,0.0,0,(),0.0,0.0
25100,Center Drive,0.0,0.0,0.0,0,(),0.0,0.0
25105,Center Drive,0.0,0.0,0.0,0,(),0.0,0.0
25110,Center Drive,0.0,0.0,0.0,0,(),0.0,0.0
25115,Center Drive,0.0,0.0,0.0,0,(),0.0,0.0
25120,Center Drive,0.0,0.0,0.0,0,(),0.0,0.0
25125,Center Drive,0.0,0.0,0.0,0,(),0.0,0.0
25130,Center Drive,0.0,0.0,0.0,0,(),0.0,0.0
25135,Center Drive,0.0,0.0,0.0,0,(),0.0,0.0
25140,Center Drive,0.0,0.0,0.0,0,(),0.0,0.0
25145,Center Drive,0.0,0.0,0.0,0,(),0.0,0.0
25150,Center Drive,0.0,0.0,0.0,0,(),0.0,0.0
25155,Center Drive,0.0,0.0,0.0,0,(),0.0,0.0
25160,Center Drive,0.0,0.0,0.0,0,(),0.0,0.0
25165,Center Drive,0.0,0.0,0.0,0,(),0.0,0.0
25170,Center Drive,0.0,0.0,0.0,0,(),0.0,0.0
25175,Center Drive,0.0,0.0,0.0,0,(),0.0,0.0
25180,Center Drive,0.0,0.0,0.0,0,(),0.0,0.0
25185,Center Drive,0.0,0.0,0.0,0,(),0.0,0.0
25190,Center Drive,0.0,0.0,0.0,0,(),0.0,0.0
25195,Center Drive,0.0,0.0,0.0,0,(),0.0,0.0
25200,Center Drive,0.0,0.0,0.0,0,(),0.0,0.0
25205,Center Drive,0.0,0.0,0.0,0,(),0.0,0.0
25210,Center Drive,0.0,0.0,0.0,0,(),0.0,0.0
25215,Center Drive,0.0,0.0,0.0,0,(),0.0,0.0
25220,Center Drive,0.0,0.0,0.0,0,(),0.0,0.0
25225,Center Drive,0.0,0.0,0.0,0,(),0.0,0.0
25230,Center Drive,0.0,0.0,0.0,0,(),0.0,0.0
25235,Center Drive,0.0,0.0,0.0,0,(),0.0,0.0
25240,Center Drive,0.0,0.0,0.0,0,(),0.0,0.0
25245,Center Drive,0.0,0.0,0.0,0,(),0.0,0.0
25250,Center Drive,0.0,0.0,0.0,0,(),0.0,0.0
25255,Center Drive,0.0,0.0,0.0,0,(),0.0,0.0
25260,Center Drive,0.0,0.0,0.0,0,(),0.0,0.0
25265,Center Drive,0.0,0.0,0.0,0,(),0.0,0.0
25270,Center Drive,0.0,0.0,0.0,0,(),0.0,0.0
25275,Center Drive,0.0,0.0,0.0,0,(),0.0,0.0
25280,Center Drive,0.0,0.0,0.0,0,(),0.0,0.0
25285,Center Drive,0.0,0.0,0.0,0,(),0.0,0.0
25290,Center Drive,0.0,0.0,0.0,0,(),0.0,0.0
25295,Center Drive,0.0,0.0,0.0,0,(),0.0,0.0
25300,Center Drive,0.0,0.0,0.0,0,(),0.0,0.0
25305,Center Drive,0.0,0.0,0.0,0,(),0.0,0.0
25310,Center Drive,0.0,0.0,0.0,0,(),0.0,0.0
25315,Center Drive,0.0,0.0,0.0,0,(),0.0,0.0
25320,Center Drive,0.0,0.0,0.0,0,(),0.0,0.0
25325,Center Drive,0.0,0.0,0.0,0,(),0.0,0.0
25330,Center Drive,0.0,0.0,0.0,0,(),0.0,0.0
25335,Center Drive,0.0,0.0,0.0,0,(),0.0,0.0
25340,Center Drive,0.0,0.0,0.0,0,(),0.0,0.0
25345,Center Drive,0.0,0.0,0.0,0,(),0.0,0.0
25350,Center Drive,0.0,0.0,0.0,0,(),0.0,0.0
25355,Center Drive,0.0,0.0,0.0,0,(),0.0,0.0
25360,Center Drive,0.0,0.0,0.0,0,(),0.0,0.0
25365,Center Drive,0.0,0.0,0.0,0,(),0.0,0.0
25370,Center Drive,0.0,0.0,0.0,0,(),0.0,0.0
25375,Center Drive,0.0,0.0,0.0,0,(),0.0,0.0
25380,Center Drive,0.0,0.0,0.0,0,(),0.0,0.0
25385,Center Drive,0.0,0.0,0.0,0,(),0.0,0.0
25390,Center Drive,0.0,0.0,0.0,0,(),0.0,0.0
25395,Center Drive,0.0,0.0,0.0,0,(),0.0,0.0
25400,Center Drive,0.0,0.0,0.0,0,(),0.0,0.0
25405,Center Drive,0.0,0.0,0.0,0,(),0.0,0.0
25410,Center Drive,0.0,0.0,0.0,0,(),0.0,0.0
25415,Center Drive,0.0,0.0,0.0,0,(),0.0,0.0
25420,Center Drive,0.0,0.0,0.0,0,(),0.0,0.0
25425,Center Drive,0.0,0.0,0.0,0,(),0.0,0.0
25430,Center Drive,0.0,0.0,0.0,0,(),0.0,0.0
25435,Center Drive,0.0,0.0,0.0,0,(),0.0,0.0
25440,Center Drive,0.0,0.0,0.0,0,(),0.0,0.0
25445,Center Drive,0.0,0.0,0.0,0,(),0.0,0.0
25450,Center Drive,0.0,0.0,0.0,0,(),0.0,0.0
25455,Center Drive,0.0,0.0,0.0,0,(),0.0,0.0
25460,Center Drive,0.0,0.0,0.0,0,(),0.0,0.0
25465,Center Drive,0.0,0.0,0.0,0,(),0.0,0.0
25470,Center Drive,0.0,0.0,0.0,0,(),0.0,0.0
25475,Center Drive,0.0,0.0,0.0,0,(),0.0,0.0
25480,Center Drive,0.0,0.0,0.0,0,(),0.0,0.0
25485,Center Drive,0.0,0.0,0.0,0,(),0.0,0.0
25490,Center Drive,0.0,0.0,0.0,0,(),0.0,0.0
25495,Center Drive,0.0,0.0,0.0,0,(),0.0,0.0
25500,Center Drive,0.0,0.0,0.0,0,(),0.0,0.0
25505,Center Drive,0.0,0.0,0.0,0,(),0.0,0.0
25510,Center Drive,0.0,0.0,0.0,0,(),0.0,0.0
25515,Center Drive,0.0,0.0,0.0,0,(),0.0,0.0
25520,Center Drive,0.0,0.0,0.0,0,(),0.0,0.0
25525,Center Drive,0.0,0.0,0.0,0,(),0.0,0.0
25530,Center Drive,0.0,0.0,0.0,0,(),0.0,0.0
25535,Center Drive,0.0,0.0,0.0,0,(),0.0,0.0
25540,Center Drive,0.0,0.0,0.0,0,(),0.0,0.0
25545,Center Drive,0.0,0.0,0.0,0,(),0.0,0.0
25550,Center Drive,0.0,0.0,0.0,0,(),0.0,0.0
25555,Center Drive,0.0,0.0,0.0,0,(),0.0,0.0
25560,Center Drive,0.0,0.0,0.0,0,(),0.0,0.0
25565,Center Drive,0.0,0.0,0.0,0,(),0.0,0.0
25570,Center Drive,0.0,0.0,0.0,0,(),0.0,0.0
25575,Center Drive,0.0,0.0,0.0,0,(),0.0,0.0
25580,Center Drive,0.0,0.0,0.0,0,(),0.0,0.0
25585,Center Drive,0.0,0.0,0.0,0,(),0.0,0.0
25590,Center Drive,0.0,0.0,0.0,0,(),0.0,0.0
25595,Center Drive,0.0,0.0,0.0,0,(),0.0,0.0
25600,Center Drive,0.0,0.0,0.0,0,(),0.0,0.0
25605,Center Drive,0.0,0.0,0.0,0,(),0.0,0.0
25610,Center Drive,0.0,0.0,0.0,0,(),0.0,0.0
25615,Center Drive,0.0,0.0,0.0,0,(),0.0,0.0
25620,Center Drive,0.0,0.0,0.0,0,(),0.0,0.0
25625,Center Drive,0.0,0.0,0.0,0,(),0.0,0.0
25630,Center Drive,0.0,0.0,0.0,0,(),0.0,0.0
25635,Center Drive,0.0,0.0,0.0,0,(),0.0,0.0
25640,Center Drive,0.0,0.0,0.0,0,(),0.0,0.0
25645,Center Drive,0.0,0.0,0.0,0,(),0.0,0.0
25650,Center Drive,0.0,0.0,0.0,0,(),0.0,0.0
25655,Center Drive,0.0,0.0,0.0,0,(),0.0,0.0
25660,Center Drive,0.0,0.0,0.0,0,(),0.0,0.0
25665,Center Drive,0.0,0.0,0.0,0,(),0.0,0.0
25670,Center Drive,0.0,0.0,0.0,0,(),0.0,0.0
25675,Center Drive,0.0,0.0,0.0,0,(),0.0,0.0
25680,Center Drive,0.0,0.0,0.0,0,(),0.0,0.0
25685,Center Drive,0.0,0.0,0.0,0,(),0.0,0.0
25690,Center Drive,0.0,0.0,0.0,0,(),0.0,0.0
25695,Center Drive,0.0,0.0,0.0,0,(),0.0,0.0
25700,Center Drive,0.0,0.0,0.0,0,(),0.0,0.0
25705,Center Drive,0.0,0.0,0.0,0,(),0.0,0.0
25710,Center Drive,0.0,0.0,0.0,0,(),0.0,0.0
25715,Center Drive,0.0,0.0,0.0,0,(),0.0,0.0
25720,Center Drive,0.0,0.0,0.0,0,(),0.0,0.0
25725,Center Drive,0.0,0.0,0.0,0,(),0.0,0.0
25730,Center Drive,0.0,0.0,0.0,0,(),0.0,0.0
25735,Center Drive,0.0,0.0,0.0,0,(),0.0,0.0
25740,Center Drive,0.0,0.0,0.0,0,(),0.0,0.0
25745,Center Drive,0.0,0.0,0.0,0,(),0.0,0.0
25750,Center Drive,0.0,0.0,0.0,0,(),0.0,0.0
25755,Center Drive,0.0,0.0,0.0,0,(),0.0,0.0
25760,Center Drive,0.0,0.0,0.0,0,(),0.0,0.0
25765,Center Drive,0.0,0.0,0.0,0,(),0.0,0.0
25770,Center Drive,0.0,0.0,0.0,0,(),0.0,0.0
25775,Center Drive,0.0,0.0,0.0,0,(),0.0,0.0
25780,Center Drive,0.0,0.0,0.0,0,(),0.0,0.0
25785,Center Drive,0.0,0.0,0.0,0,(),0.0,0.0
25790,Center Drive,0.0,0.0,0.0,0,(),0.0,0.0
25795,Center Drive,0.0,0.0,0.0,0,(),0.0,0.0
25800,Center Drive,0.0,0.0,0.0,0,(),0.0,0.0
25805,Center Drive,0.0,0.0,0.0,0,(),0.0,0.0
25810,Center Drive,0.0,0.0,0.0,0,(),0.0,0.0
25815,Center Drive,0.0,0.0,0.0,0,(),0.0,0.0
25820,Center Drive,0.0,0.0,0.0,0,(),0.0,0.0
25825,Center Drive,0.0,0.0,0.0,0,(),0.0,0.0
25830,Center Drive,0.0,0.0,0.0,0,(),0.0,0.0
25835,Center Drive,0.0,0.0,0.0,0,(),0.0,0.0
25840,Center Drive,0.0,0.0,0.0,0,(),0.0,0.0
25845,Center Drive,0.0,0.0,0.0,0,(),0.0,0.0
25850,Center Drive,0.0,0.0,0.0,0,(),0.0,0.0
25855,Center Drive,0.0,0.0,0.0,0,(),0.0,0.0
25860,Center Drive,0.0,0.0,0.0,0,(),0.0,0.0
25865,Center Drive,0.0,0.0,0.0,0,(),0.0,0.0
25870,Center Drive,0.0,0.0,0.0,0,(),0.0,0.0
25875,Center Drive,0.0,0.0,0.0,0,(),0.0,0.0
25880,Center Drive,0.0,0.0,0.0,0,(),0.0,0.0
25885,Center Drive,0.0,0.0,0.0,0,(),0.0,0.0
25890,Center Drive,0.0,0.0,0.0,0,(),0.0,0.0
25895,Center Drive,0.0,0.0,0.0,0,(),0.0,0.0
25900,Center Drive,0.0,0.0,0.0,0,(),0.0,0.0
25905,Center Drive,0.0,0.0,0.0,0,(),0.0,0.0
25910,Center Drive,0.0,0.0,0.0,0,(),0.0,0.0
25915,Center Drive,0.0,0.0,0.0,0,(),0.0,0.0
25920,Center Drive,0.0,0.0,0.0,0,(),0.0,0.0
25925,Center Drive,0.0,0.0,0.0,0,(),0.0,0.0
25930,Center Drive,0.0,0.0,0.0,0,(),0.0,0.0
25935,Center Drive,0.0,0.0,0.0,0,(),0.0,0.0
25940,Center Drive,0.0,0.0,0.0,0,(),0.0,0.0
25945,Center Drive,0.0,0.0,0.0,0,(),0.0,0.0
25950,Center Drive,0.0,0.0,0.0,0,(),0.0,0.0
25955,Center Drive,0.0,0.0,0.0,0,(),0.0,0.0
25960,Center Drive,0.0,0.0,0.0,0,(),0.0,0.0
25965,Center Drive,0.0,0.0,0.0,0,(),0.0,0.0
25970,Center Drive,0.0,0.0,0.0,0,(),0.0,0.0
25975,Center Drive,0.0,0.0,0.0,0,(),0.0,0.0
25980,Center Drive,0.0,0.0,0.0,0,(),0.0,0.0
25985,Center Drive,0.0,0.0,0.0,0,(),0.0,0.0
25990,Center Drive,0.0,0.0,0.0,0,(),0.0,0.0
25995,Center Drive,0.0,0.0,0.0,0,(),0.0,0.0
26000,Center Drive,0.0,0.0,0.0,0,(),0.0,0.0
26005,Center Drive,0.0,0.0,0.0,0,(),0.0,0.0
26010,Center Drive,0.0,0.0,0.0,0,(),0.0,0.0
26015,Center Drive,0.0,0.0,0.0,0,(),0.0,0.0
26020,Center Drive,0.0,0.0,0.0,0,(),0.0,0.0
26025,Center Drive,0.0,0.0,0.0,0,(),0.0,0.0
26030,Center Drive,0.0,0.0,0.0,0,(),0.0,0.0
26035,Center Drive,0.0,0.0,0.0,0,(),0.0,0.0
26040,Center Drive,0.0,0.0,0.0,0,(),0.0,0.0
26045,Center Drive,0.0,0.0,0.0,0,(),0.0,0.0
26050,Center Drive,0.0,0.0,0.0,0,(),0.0,0.0
26055,Center Drive,0.0,0.0,0.0,0,(),0.0,0.0
26060,Center Drive,0.0,0.0,0.0,0,(),0.0,0.0
26065,Center Drive,0.0,0.0,0.0,0,(),0.0,0.0
26070,Center Drive,0.0,0.0,0.0,0,(),0.0,0.0
26075,Center Drive,0.0,0.0,0.0,0,(),0.0,0.0
26080,Center Drive,0.0,0.0,0.0,0,(),0.0,0.0
26085,Center Drive,0.0,0.0,0.0,0,(),0.0,0.0
26090,Center Drive,0.0,0.0,0.0,0,(),0.0,0.0
26095,Center Drive,0.0,0.0,0.0,0,(),0.0,0.0
26100,Center Drive,0.0,0.0,0.0,0,(),0.0,0.0
26105,Center Drive,0.0,0.0,0.0,0,(),0.0,0.0
26110,Center Drive,0.0,0.0,0.0,0,(),0.0,0.0
26115,Center Drive,0.0,0.0,0.0,0,(),0.0,0.0
26120,Center Drive,0.0,0.0,0.0,0,(),0.0,0.0
26125,Center Drive,0.0,0.0,0.0,0,(),0.0,0.0
26130,Center Drive,0.0,0.0,0.0,0,(),0.0,0.0
26135,Center Drive,0.0,0.0,0.0,0,(),0.0,0.0
26140,Center Drive,0.0,0.0,0.0,0,(),0.0,0.0
26145,Center Drive,0.0,0.0,0.0,0,(),0.0,0.0
26150,Center Drive,0.0,0.0,0.0,0,(),0.0,0.0
26155,Center Drive,0.0,0.0,0.0,0,(),0.0,0.0
26160,Center Drive,0.0,0.0,0.0,0,(),0.0,0.0
26165,Center Drive,0.0,0.0,0.0,0,(),0.0,0.0
26170,Center Drive,0.0,0.0,0.0,0,(),0.0,0.0
26175,Center Drive,0.0,0.0,0.0,0,(),0.0,0.0
26180,Center Drive,0.0,0.0,0.0,0,(),0.0,0.0
26185,Center Drive,0.0,0.0,0.0,0,(),0.0,0.0
26190,Center Drive,0.0,0.0,0.0,0,(),0.0,0.0
26195,Center Drive,0.0,0.0,0.0,0,(),0.0,0.0
26200,Center Drive,0.0,0.0,0.0,0,(),0.0,0.0
26205,Center Drive,0.0,0.0,0.0,0,(),0.0,0.0
26210,Center Drive,0.0,0.0,0.0,0,(),0.0,0.0
26215,Center Drive,0.0,0.0,0.0,0,(),0.0,0.0
26220,Center Drive,0.0,0.0,0.0,0,(),0.0,0.0
26225,Center Drive,0.0,0.0,0.0,0,(),0.0,0.0
26230,Center Drive,0.0,0.0,0.0,0,(),0.0,0.0
26235,Center Drive,0.0,0.0,0.0,0,(),0.0,0.0
26240,Center Drive,0.0,0.0,0.0,0,(),0.0,0.0
26245,Center Drive,0.0,0.0,0.0,0,(),0.0,0.0
26250,Center Drive,0.0,0.0,0.0,0,(),0.0,0.0
26255,Center Drive,0.0,0.0,0.0,0,(),0.0,0.0
26260,Center Drive,0.0,0.0,0.0,0,(),0.0,0.0
26265,Center Drive,0.0,0.0,0.0,0,(),0.0,0.0
26270,Center Drive,0.0,0.0,0.0,0,(),0.0,0.0
26275,Center Drive,0.0,0.0,0.0,0,(),0.0,0.0
26280,Center Drive,0.0,0.0,0.0,0,(),0.0,0.0
26285,Center Drive,0.0,0.0,0.0,0,(),0.0,0.0
26290,Center Drive,0.0,0.0,0.0,0,(),0.0,0.0
26295,Center Drive,0.0,0.0,0.0,0,(),0.0,0.0
26300,Center Drive,0.0,0.0,0.0,0,(),0.0,0.0
26305,Center Drive,0.0,0.0,0.0,0,(),0.0,0.0
26310,Center Drive,0.0,0.0,0.0,0,(),0.0,0.0
26315,Center Drive,0.0,0.0,0.0,0,(),0.0,0.0
26320,Center Drive,0.0,0.0,0.0,0,(),0.0,0.0
26325,Center Drive,0.0,0.0,0.0,0,(),0.0,0.0
26330,Center Drive,0.0,0.0,0.0,0,(),0.0,0.0
26335,Center Drive,0.0,0.0,0.0,0,(),0.0,0.0
26340,Center Drive,0.0,0.0,0.0,0,(),0.0,0.0
26345,Center Drive,0.0,0.0,0.0,0,(),0.0,0.0
26350,Center Drive,0.0,0.0,0.0,0,(),0.0,0.0
26355,Center Drive,0.0,0.0,0.0,0,(),0.0,0.0
26360,Center Drive,0.0,0.0,0.0,0,(),0.0,0.0
26365,Center Drive,0.0,0.0,0.0,0,(),0.0,0.0
26370,Center Drive,0.0,0.0,0.0,0,(),0.0,0.0
26375,Center Drive,0.0,0.0,0.0,0,(),0.0,0.0
26380,Center Drive,0.0,0.0,0.0,0,(),0.0,0.0
26385,Center Drive,0.0,0.0,0.0,0,(),0.0,0.0
26390,Center Drive,0.0,0.0,0.0,0,(),0.0,0.0
26395,Center Drive,0.0,0.0,0.0,0,(),0.0,0.0
26400,Center Drive,0.0,0.0,0.0,0,(),0.0,0.0
26405,Center Drive,0.0,0.0,0.0,0,(),0.0,0.0
26410,Center Drive,0.0,0.0,0.0,0,(),0.0,0.0
26415,Center Drive,0.0,0.0,0.0,0,(),0.0,0.0
26420,Center Drive,0.0,0.0,0.0,0,(),0.0,0.0
26425,Center Drive,0.0,0.0,0.0,0,(),0.0,0.0
26430,Center Drive,0.0,0.0,0.0,0,(),0.0,0.0
26435,Center Drive,0.0,0.0,0.0,0,(),0.0,0.0
26440,Center Drive,0.0,0.0,0.0,0,(),0.0,0.0
26445,Center Drive,0.0,0.0,0.0,0,(),0.0,0.0
26450,Center Drive,0.0,0.0,0.0,0,(),0.0,0.0
26455,Center Drive,0.0,0.0,0.0,0,(),0.0,0.0
26460,Center Drive,0.0,0.0,0.0,0,(),0.0,0.0
26465,Center Drive,0.0,0.0,0.0,0,(),0.0,0.0
26470,Center Drive,0.0,0.0,0.0,0,(),0.0,0.0
26475,Center Drive,0.0,0.0,0.0,0,(),0.0,0.0
26480,Center Drive,0.0,0.0,0.0,0,(),0.0,0.0
26485,Center Drive,0.0,0.0,0.0,0,(),0.0,0.0
26490,Center Drive,0.0,0.0,0.0,0,(),0.0,0.0
26495,Center Drive,0.0,0.0,0.0,0,(),0.0,0.0
26500,Center Drive,0.0,0.0,0.0,0,(),0.0,0.0
26505,Center Drive,0.0,0.0,0.0,0,(),0.0,0.0
26510,Center Drive,0.0,0.0,0.0,0,(),0.0,0.0
26515,Center Drive,0.0,0.0,0.0,0,(),0.0,0.0
26520,Center Drive,0.0,0.0,0.0,0,(),0.0,0.0
26525,Center Drive,0.0,0.0,0.0,0,(),0.0,0.0
26530,Center Drive,0.0,0.0,0.0,0,(),0.0,0.0
26535,Center Drive,0.0,0.0,0.0,0,(),0.0,0.0
26540,Center Drive,0.0,0.0,0.0,0,(),0.0,0.0
26545,Center Drive,0.0,0.0,0.0,0,(),0.0,0.0
26550,Center Drive,0.0,0.0,0.0,0,(),0.0,0.0
26555,Center Drive,0.0,0.0,0.0,0,(),0.0,0.0
26560,Center Drive,0.0,0.0,0.0,0,(),0.0,0.0
26565,Center Drive,0.0,0.0,0.0,0,(),0.0,0.0
26570,Center Drive,0.0,0.0,0.0,0,(),0.0,0.0
26575,Center Drive,0.0,0.0,0.0,0,(),0.0,0.0
26580,Center Drive,0.0,0.0,0.0,0,(),0.0,0.0
26585,Center Drive,0.0,0.0,0.0,0,(),0.0,0.0
26590,Center Drive,0.0,0.0,0.0,0,(),0.0,0.0
26595,Center Drive,0.0,0.0,0.0,0,(),0.0,0.0
26600,Center Drive,0.0,0.0,0.0,0,(),0.0,0.0
26605,Center Drive,0.0,0.0,0.0,0,(),0.0,0.0
26610,Center Drive,0.0,0.0,0.0,0,(),0.0,0.0
26615,Center Drive,0.0,0.0,0.0,0,(),0.0,0.0
26620,Center Drive,0.0,0.0,0.0,0,(),0.0,0.0
26625,Center Drive,0.0,0.0,0.0,0,(),0.0,0.0
26630,Center Drive,0.0,0.0,0.0,0,(),0.0,0.0
26635,Center Drive,0.0,0.0,0.0,0,(),0.0,0.0
26640,Center Drive,0.0,0.0,0.0,0,(),0.0,0.0
26645,Center Drive,0.0,0.0,0.0,0,(),0.0,0.0
26650,Center Drive,0.0,0.0,0.0,0,(),0.0,0.0
26655,Center Drive,0.0,0.0,0.0,0,(),0.0,0.0
26660,Center Drive,0.0,0.0,0.0,0,(),0.0,0.0
26665,Center Drive,0.0,0.0,0.0,0,(),0.0,0.0
26670,Center Drive,0.0,0.0,0.0,0,(),0.0,0.0
26675,Center Drive,0.0,0.0,0.0,0,(),0.0,0.0
26680,Center Drive,0.0,0.0,0.0,0,(),0.0,0.0
26685,Center Drive,0.0,0.0,0.0,0,(),0.0,0.0
26690,Center Drive,0.0,0.0,0.0,0,(),0.0,0.0
26695,Center Drive,0.0,0.0,0.0,0,(),0.0,0.0
26700,Center Drive,0.0,0.0,0.0,0,(),0.0,0.0
26705,Center Drive,0.0,0.0,0.0,0,(),0.0,0.0
26710,Center Drive,0.0,0.0,0.0,0,(),0.0,0.0
26715,Center Drive,0.0,0.0,0.0,0,(),0.0,0.0
26720,Center Drive,0.0,0.0,0.0,0,(),0.0,0.0
26725,Center Drive,0.0,0.0,0.0,0,(),0.0,0.0
26730,Center Drive,0.0,0.0,0.0,0,(),0.0,0.0
26735,Center Drive,0.0,0.0,0.0,0,(),0.0,0.0
26740,Center Drive,0.0,0.0,0.0,0,(),0.0,0.0
26745,Center Drive,0.0,0.0,0.0,0,(),0.0,0.0
26750,Center Drive,0.0,0.0,0.0,0,(),0.0,0.0
26755,Center Drive,0.0,0.0,0.0,0,(),0.0,0.0
26760,Center Drive,0.0,0.0,0.0,0,(),0.0,0.0
26765,Center Drive,0.0,0.0,0.0,0,(),0.0,0.0
26770,Center Drive,0.0,0.0,0.0,0,(),0.0,0.0
26775,Center Drive,0.0,0.0,0.0,0,(),0.0,0.0
26780,Center Drive,0.0,0.0,0.0,0,(),0.0,0.0
26785,Center Drive,0.0,0.0,0.0,0,(),0.0,0.0
26790,Center Drive,0.0,0.0,0.0,0,(),0.0,0.0
26795,Center Drive,0.0,0.0,0.0,0,(),0.0,0.0
26800,Center Drive,0.0,0.0,0.0,0,(),0.0,0.0
26805,Center Drive,0.0,0.0,0.0,0,(),0.0,0.0
26810,Center Drive,0.0,0.0,0.0,0,(),0.0,0.0
26815,Center Drive,0.0,0.0,0.0,0,(),0.0,0.0
26820,Center Drive,0.0,0.0,0.0,0,(),0.0,0.0
26825,Center Drive,0.0,0.0,0.0,0,(),0.0,0.0
26830,Center Drive,0.0,0.0,0.0,0,(),0.0,0.0
26835,Center Drive,0.0,0.0,0.0,0,(),0.0,0.0
26840,Center Drive,0.0,0.0,0.0,0,(),0.0,0.0
26845,Center Drive,0.0,0.0,0.0,0,(),0.0,0.0
26850,Center Drive,0.0,0.0,0.0,0,(),0.0,0.0
26855,Center Drive,0.0,0.0,0.0,0,(),0.0,0.0
26860,Center Drive,0.0,0.0,0.0,0,(),0.0,0.0
26865,Center Drive,0.0,0.0,0.0,0,(),0.0,0.0
26870,Center Drive,0.0,0.0,0.0,0,(),0.0,0.0
26875,Center Drive,0.0,0.0,0.0,0,(),0.0,0.0
26880,Center Drive,0.0,0.0,0.0,0,(),0.0,0.0
26885,Center Drive,0.0,0.0,0.0,0,(),0.0,0.0
26890,Center Drive,0.0,0.0,0.0,0,(),0.0,0.0
26895,Center Drive,0.0,0.0,0.0,0,(),0.0,0.0
26900,Center Drive,0.0,0.0,0.0,0,(),0.0,0.0
26905,Center Drive,0.0,0.0,0.0,0,(),0.0,0.0
26910,Center Drive,0.0,0.0,0.0,0,(),0.0,0.0
26915,Center Drive,0.0,0.0,0.0,0,(),0.0,0.0
26920,Center Drive,0.0,0.0,0.0,0,(),0.0,0.0
26925,Center Drive,0.0,0.0,0.0,0,(),0.0,0.0
26930,Center Drive,0.0,0.0,0.0,0,(),0.0,0.0
26935,Center Drive,0.0,0.0,0.0,0,(),0.0,0.0
26940,Center Drive,0.0,0.0,0.0,0,(),0.0,0.0
26945,Center Drive,0.0,0.0,0.0,0,(),0.0,0.0
26950,Center Drive,0.0,0.0,0.0,0,(),0.0,0.0
26955,Center Drive,0.0,0.0,0.0,0,(),0.0,0.0
26960,Center Drive,0.0,0.0,0.0,0,(),0.0,0.0
26965,Center Drive,0.0,0.0,0.0,0,(),0.0,0.0
26970,Center Drive,0.0,0.0,0.0,0,(),0.0,0.0
26975,Center Drive,0.0,0.0,0.0,0,(),0.0,0.0
26980,Center Drive,0.0,0.0,0.0,0,(),0.0,0.0
26985,Center Drive,0.0,0.0,0.0,0,(),0.0,0.0
26990,Center Drive,0.0,0.0,0.0,0,(),0.0,0.0
26995,Center Drive,0.0,0.0,0.0,0,(),0.0,0.0
27000,Center Drive,0.0,0.0,0.0,0,(),0.0,0.0
27005,Center Drive,0.0,0.0,0.0,0,(),0.0,0.0
27010,Center Drive,0.0,0.0,0.0,0,(),0.0,0.0
27015,Center Drive,0.0,0.0,0.0,0,(),0.0,0.0
27020,Center Drive,0.0,0.0,0.0,0,(),0.0,0.0
27025,Center Drive,0.0,0.0,0.0,0,(),0.0,0.0
27030,Center Drive,0.0,0.0,0.0,0,(),0.0,0.0
27035,Center Drive,0.0,0.0,0.0,0,(),0.0,0.0
27040,Center Drive,0.0,0.0,0.0,0,(),0.0,0.0
27045,Center Drive,0.0,0.0,0.0,0,(),0.0,0.0
27050,Center Drive,0.0,0.0,0.0,0,(),0.0,0.0
27055,Center Drive,0.0,0.0,0.0,0,(),0.0,0.0
27060,Center Drive,0.0,0.0,0.0,0,(),0.0,0.0
27065,Center Drive,0.0,0.0,0.0,0,(),0.0,0.0
27070,Center Drive,0.0,0.0,0.0,0,(),0.0,0.0
27075,Center Drive,0.0,0.0,0.0,0,(),0.0,0.0
27080,Center Drive,0.0,0.0,0.0,0,(),0.0,0.0
27085,Center Drive,0.0,0.0,0.0,0,(),0.0,0.0
27090,Center Drive,0.0,0.0,0.0,0,(),0.0,0.0
27095,Center Drive,0.0,0.0,0.0,0,(),0.0,0.0
27100,Center Drive,0.0,0.0,0.0,0,(),0.0,0.0
27105,Center Drive,0.0,0.0,0.0,0,(),0.0,0.0
27110,Center Drive,0.0,0.0,0.0,0,(),0.0,0.0
27115,Center Drive,0.0,0.0,0.0,0,(),0.0,0.0
27120,Center Drive,0.0,0.0,0.0,0,(),0.0,0.0
27125,Center Drive,0.0,0.0,0.0,0,(),0.0,0.0
27130,Center Drive,0.0,0.0,0.0,0,(),0.0,0.0
27135,Center Drive,0.0,0.0,0.0,0,(),0.0,0.0
27140,Center Drive,0.0,0.0,0.0,0,(),0.0,0.0
27145,Center Drive,0.0,0.0,0.0,0,(),0.0,0.0
27150,Center Drive,0.0,0.0,0.0,0,(),0.0,0.0
27155,Center Drive,0.0,0.0,0.0,0,(),0.0,0.0
27160,Center Drive,0.0,0.0,0.0,0,(),0.0,0.0
27165,Center Drive,0.0,0.0,0.0,0,(),0.0,0.0
27170,Center Drive,0.0,0.0,0.0,0,(),0.0,0.0
27175,Center Drive,0.0,0.0,0.0,0,(),0.0,0.0
27180,Center Drive,0.0,0.0,0.0,0,(),0.0,0.0
27185,Center Drive,0.0,0.0,0.0,0,(),0.0,0.0
27190,Center Drive,0.0,0.0,0.0,0,(),0.0,0.0
27195,Center Drive,0.0,0.0,0.0,0,(),0.0,0.0
27200,Center Drive,0.0,0.0,0.0,0,(),0.0,0.0
27205,Center Drive,0.0,0.0,0.0,0,(),0.0,0.0
27210,Center Drive,0.0,0.0,0.0,0,(),0.0,0.0
27215,Center Drive,0.0,0.0,0.0,0,(),0.0,0.0
27220,Center Drive,0.0,0.0,0.0,0,(),0.0,0.0
27225,Center Drive,0.0,0.0,0.0,0,(),0.0,0.0
27230,Center Drive,0.0,0.0,0.0,0,(),0.0,0.0
27235,Center Drive,0.0,0.0,0.0,0,(),0.0,0.0
27240,Center Drive,0.0,0.0,0.0,0,(),0.0,0.0
27245,Center Drive,0.0,0.0,0.0,0,(),0.0,0.0
27250,Center Drive,0.0,0.0,0.0,0,(),0.0,0.0
27255,Center Drive,0.0,0.0,0.0,0,(),0.0,0.0
27260,Center Drive,0.0,0.0,0.0,0,(),0.0,0.0
27265,Center Drive,0.0,0.0,0.0,0,(),0.0,0.0
27270,Center Drive,0.0,0.0,0.0,0,(),0.0,0.0
27275,Center Drive,0.0,0.0,0.0,0,(),0.0,0.0
27280,Center Drive,0.0,0.0,0.0,0,(),0.0,0.0
27285,Center Drive,0.0,0.0,0.0,0,(),0.0,0.0
27290,Center Drive,0.0,0.0,0.0,0,(),0.0,0.0
27295,Center Drive,0.0,0.0,0.0,0,(),0.0,0.0
27300,Center Drive,0.0,0.0,0.0,0,(),0.0,0.0
27305,Center Drive,0.0,0.0,0.0,0,(),0.0,0.0
27310,Center Drive,0.0,0.0,0.0,0,(),0.0,0.0
27315,Center Drive,0.0,0.0,0.0,0,(),0.0,0.0
27320,Center Drive,0.0,0.0,0.0,0,(),0.0,0.0
27325,Center Drive,0.0,0.0,0.0,0,(),0.0,0.0
27330,Center Drive,0.0,0.0,0.0,0,(),0.0,0.0
27335,Center Drive,0.0,0.0,0.0,0,(),0.0,0.0
27340,Center Drive,0.0,0.0,0.0,0,(),0.0,0.0
27345,Center Drive,0.0,0.0,0.0,0,(),0.0,0.0
27350,Center Drive,0.0,0.0,0.0,0,(),0.0,0.0
27355,Center Drive,0.0,0.0,0.0,0,(),0.0,0.0
27360,Center Drive,0.0,0.0,0.0,0,(),0.0,0.0
27365,Center Drive,0.0,0.0,0.0,0,(),0.0,0.0
27370,Center Drive,0.0,0.0,0.0,0,(),0.0,0.0
27375,Center Drive,0.0,0.0,0.0,0,(),0.0,0.0
27380,Center Drive,0.0,0.0,0.0,0,(),0.0,0.0
27385,Center Drive,0.0,0.0,0.0,0,(),0.0,0.0
27390,Center Drive,0.0,0.0,0.0,0,(),0.0,0.0
27395,Center Drive,0.0,0.0,0.0,0,(),0.0,0.0
27400,Center Drive,0.0,0.0,0.0,0,(),0.0,0.0
27405,Center Drive,0.0,0.0,0.0,0,(),0.0,0.0
27410,Center Drive,0.0,0.0,0.0,0,(),0.0,0.0
27415,Center Drive,0.0,0.0,0.0,0,(),0.0,0.0
27420,Center Drive,0.0,0.0,0.0,0,(),0.0,0.0
27425,Center Drive,0.0,0.0,0.0,0,(),0.0,0.0
27430,Center Drive,0.0,0.0,0.0,0,(),0.0,0.0
27435,Center Drive,0.0,0.0,0.0,0,(),0.0,0.0
27440,Center Drive,0.0,0.0,0.0,0,(),0.0,0.0
27445,Center Drive,0.0,0.0,0.0,0,(),0.0,0.0
27450,Center Drive,0.0,0.0,0.0,0,(),0.0,0.0
27455,Center Drive,0.0,0.0,0.0,0,(),0.0,0.0
27460,Center Drive,0.0,0.0,0.0,0,(),0.0,0.0
27465,Center Drive,0.0,0.0,0.0,0,(),0.0,0.0
27470,Center Drive,0.0,0.0,0.0,0,(),0.0,0.0
27475,Center Drive,0.0,0.0,0.0,0,(),0.0,0.0
27480,Center Drive,0.0,0.0,0.0,0,(),0.0,0.0
27485,Center Drive,0.0,0.0,0.0,0,(),0.0,0.0
27490,Center Drive,0.0,0.0,0.0,0,(),0.0,0.0
27495,Center Drive,0.0,0.0,0.0,0,(),0.0,0.0
27500,Center Drive,0.0,0.0,0.0,0,(),0.0,0.0
27505,Center Drive,0.0,0.0,0.0,0,(),0.0,0.0
27510,Center Drive,0.0,0.0,0.0,0,(),0.0,0.0
27515,Center Drive,0.0,0.0,0.0,0,(),0.0,0.0
27520,Center Drive,0.0,0.0,0.0,0,(),0.0,0.0
27525,Center Drive,0.0,0.0,0.0,0,(),0.0,0.0
27530,Center Drive,0.0,0.0,0.0,0,(),0.0,0.0
27535,Center Drive,0.0,0.0,0.0,0,(),0.0,0.0
27540,Center Drive,0.0,0.0,0.0,0,(),0.0,0.0
27545,Center Drive,0.0,0.0,0.0,0,(),0.0,0.0
27550,Center Drive,0.0,0.0,0.0,0,(),0.0,0.0
27555,Center Drive,0.0,0.0,0.0,0,(),0.0,0.0
27560,Center Drive,0.0,0.0,0.0,0,(),0.0,0.0
27565,Center Drive,0.0,0.0,0.0,0,(),0.0,0.0
27570,Center Drive,0.0,0.0,0.0,0,(),0.0,0.0
27575,Center Drive,0.0,0.0,0.0,0,(),0.0,0.0
27580,Center Drive,0.0,0.0,0.0,0,(),0.0,0.0
27585,Center Drive,0.0,0.0,0.0,0,(),0.0,0.0
27590,Center Drive,0.0,0.0,0.0,0,(),0.0,0.0
27595,Center Drive,0.0,0.0,0.0,0,(),0.0,0.0
27600,Center Drive,0.0,0.0,0.0,0,(),0.0,0.0
27605,Center Drive,0.0,0.0,0.0,0,(),0.0,0.0
27610,Center Drive,0.0,0.0,0.0,0,(),0.0,0.0
27615,Center Drive,0.0,0.0,0.0,0,(),0.0,0.0
27620,Center Drive,0.0,0.0,0.0,0,(),0.0,0.0
27625,Center Drive,0.0,0.0,0.0,0,(),0.0,0.0
27630,Center Drive,0.0,0.0,0.0,0,(),0.0,0.0
27635,Center Drive,0.0,0.0,0.0,0,(),0.0,0.0
27640,Center Drive,0.0,0.0,0.0,0,(),0.0,0.0
27645,Center Drive,0.0,0.0,0.0,0,(),0.0,0.0
27650,Center Drive,0.0,0.0,0.0,0,(),0.0,0.0
27655,Center Drive,0.0,0.0,0.0,0,(),0.0,0.0
27660,Center Drive,0.0,0.0,0.0,0,(),0.0,0.0
27665,Center Drive,0.0,0.0,0.0,0,(),0.0,0.0
27670,Center Drive,0.0,0.0,0.0,0,(),0.0,0.0
27675,Center Drive,0.0,0.0,0.0,0,(),0.0,0.0
27680,Center Drive,0.0,0.0,0.0,0,(),0.0,0.0
27685,Center Drive,0.0,0.0,0.0,0,(),0.0,0.0
27690,Center Drive,0.0,0.0,0.0,0,(),0.0,0.0
27695,Center Drive,0.0,0.0,0.0,0,(),0.0,0.0
27700,Center Drive,0.0,0.0,0.0,0,(),0.0,0.0
27705,Center Drive,0.0,0.0,0.0,0,(),0.0,0.0
27710,Center Drive,0.0,0.0,0.0,0,(),0.0,0.0
27715,Center Drive,0.0,0.0,0.0,0,(),0.0,0.0
27720,Center Drive,0.0,0.0,0.0,0,(),0.0,0.0
27725,Center Drive,0.0,0.0,0.0,0,(),0.0,0.0
27730,Center Drive,0.0,0.0,0.0,0,(),0.0,0.0
27735,Center Drive,0.0,0.0,0.0,0,(),0.0,0.0
27740,Center Drive,0.0,0.0,0.0,0,(),0.0,0.0
27745,Center Drive,0.0,0.0,0.0,0,(),0.0,0.0
27750,Center Drive,0.0,0.0,0.0,0,(),0.0,0.0
27755,Center Drive,0.0,0.0,0.0,0,(),0.0,0.0
27760,Center Drive,0.0,0.0,0.0,0,(),0.0,0.0
27765,Center Drive,0.0,0.0,0.0,0,(),0.0,0.0
27770,Center Drive,0.0,0.0,0.0,0,(),0.0,0.0
27775,Center Drive,0.0,0.0,0.0,0,(),0.0,0.0
27780,Center Drive,0.0,0.0,0.0,0,(),0.0,0.0
27785,Center Drive,0.0,0.0,0.0,0,(),0.0,0.0
27790,Center Drive,0.0,0.0,0.0,0,(),0.0,0.0
27795,Center Drive,0.0,0.0,0.0,0,(),0.0,0.0
27800,Center Drive,0.0,0.0,0.0,0,(),0.0,0.0
27805,Center Drive,0.0,0.0,0.0,0,(),0.0,0.0
27810,Center Drive,0.0,0.0,0.0,0,(),0.0,0.0
27815,Center Drive,0.0,0.0,0.0,0,(),0.0,0.0
27820,Center Drive,0.0,0.0,0.0,0,(),0.0,0.0
27825,Center Drive,0.0,0.0,0.0,0,(),0.0,0.0
27830,Center Drive,0.0,0.0,0.0,0,(),0.0,0.0
27835,Center Drive,0.0,0.0,0.0,0,(),0.0,0.0
27840,Center Drive,0.0,0.0,0.0,0,(),0.0,0.0
27845,Center Drive,0.0,0.0,0.0,0,(),0.0,0.0
27850,Center Drive,0.0,0.0,0.0,0,(),0.0,0.0
27855,Center Drive,0.0,0.0,0.0,0,(),0.0,0.0
27860,Center Drive,0.0,0.0,0.0,0,(),0.0,0.0
27865,Center Drive,0.0,0.0,0.0,0,(),0.0,0.0
27870,Center Drive,0.0,0.0,0.0,0,(),0.0,0.0
27875,Center Drive,0.0,0.0,0.0,0,(),0.0,0.0
27880,Center Drive,0.0,0.0,0.0,0,(),0.0,0.0
27885,Center Drive,0.0,0.0,0.0,0,(),0.0,0.0
27890,Center Drive,0.0,0.0,0.0,0,(),0.0,0.0
27895,Center Drive,0.0,0.0,0.0,0,(),0.0,0.0
27900,Center Drive,0.0,0.0,0.0,0,(),0.0,0.0
27905,Center Drive,0.0,0.0,0.0,0,(),0.0,0.0
27910,Center Drive,0.0,0.0,0.0,0,(),0.0,0.0
27915,Center Drive,0.0,0.0,0.0,0,(),0.0,0.0
27920,Center Drive,0.0,0.0,0.0,0,(),0.0,0.0
27925,Center Drive,0.0,0.0,0.0,0,(),0.0,0.0
27930,Center Drive,0.0,0.0,0.0,0,(),0.0,0.0
27935,Center Drive,0.0,0.0,0.0,0,(),0.0,0.0
27940,Center Drive,0.0,0.0,0.0,0,(),0.0,0.0
27945,Center Drive,0.0,0.0,0.0,0,(),0.0,0.0
27950,Center Drive,0.0,0.0,0.0,0,(),0.0,0.0
27955,Center Drive,0.0,0.0,0.0,0,(),0.0,0.0
27960,Center Drive,0.0,0.0,0.0,0,(),0.0,0.0
27965,Center Drive,0.0,0.0,0.0,0,(),0.0,0.0
27970,Center Drive,0.0,0.0,0.0,0,(),0.0,0.0
27975,Center Drive,0.0,0.0,0.0,0,(),0.0,0.0
27980,Center Drive,0.0,0.0,0.0,0,(),0.0,0.0
27985,Center Drive,0.0,0.0,0.0,0,(),0.0,0.0
27990,Center Drive,0.0,0.0,0.0,0,(),0.0,0.0
27995,Center Drive,0.0,0.0,0.0,0,(),0.0,0.0
28000,Center Drive,0.0,0.0,0.0,0,(),0.0,0.0
28005,Center Drive,0.0,0.0,0.0,0,(),0.0,0.0
28010,Center Drive,0.0,0.0,0.0,0,(),0.0,0.0
28015,Center Drive,0.0,0.0,0.0,0,(),0.0,0.0
28020,Center Drive,0.0,0.0,0.0,0,(),0.0,0.0
28025,Center Drive,0.0,0.0,0.0,0,(),0.0,0.0
28030,Center Drive,0.0,0.0,0.0,0,(),0.0,0.0
28035,Center Drive,0.0,0.0,0.0,0,(),0.0,0.0
28040,Center Drive,0.0,0.0,0.0,0,(),0.0,0.0
28045,Center Drive,0.0,0.0,0.0,0,(),0.0,0.0
28050,Center Drive,0.0,0.0,0.0,0,(),0.0,0.0
28055,Center Drive,0.0,0.0,0.0,0,(),0.0,0.0
28060,Center Drive,0.0,0.0,0.0,0,(),0.0,0.0
28065,Center Drive,0.0,0.0,0.0,0,(),0.0,0.0
28070,Center Drive,0.0,0.0,0.0,0,(),0.0,0.0
28075,Center Drive,0.0,0.0,0.0,0,(),0.0,0.0
28080,Center Drive,0.0,0.0,0.0,0,(),0.0,0.0
28085,Center Drive,0.0,0.0,0.0,0,(),0.0,0.0
28090,Center Drive,0.0,0.0,0.0,0,(),0.0,0.0
28095,Center Drive,0.0,0.0,0.0,0,(),0.0,0.0
28100,Center Drive,0.0,0.0,0.0,0,(),0.0,0.0
28105,Center Drive,0.0,0.0,0.0,0,(),0.0,0.0
28110,Center Drive,0.0,0.0,0.0,0,(),0.0,0.0
28115,Center Drive,0.0,0.0,0.0,0,(),0.0,0.0
28120,Center Drive,0.0,0.0,0.0,0,(),0.0,0.0
28125,Center Drive,0.0,0.0,0.0,0,(),0.0,0.0
28130,Center Drive,0.0,0.0,0.0,0,(),0.0,0.0
28135,Center Drive,0.0,0.0,0.0,0,(),0.0,0.0
28140,Center Drive,0.0,0.0,0.0,0,(),0.0,0.0
28145,Center Drive,0.0,0.0,0.0,0,(),0.0,0.0
28150,Center Drive,0.0,0.0,0.0,0,(),0.0,0.0
28155,Center Drive,0.0,0.0,0.0,0,(),0.0,0.0
28160,Center Drive,0.0,0.0,0.0,0,(),0.0,0.0
28165,Center Drive,0.0,0.0,0.0,0,(),0.0,0.0
28170,Center Drive,0.0,0.0,0.0,0,(),0.0,0.0
28175,Center Drive,0.0,0.0,0.0,0,(),0.0,0.0
28180,Center Drive,0.0,0.0,0.0,0,(),0.0,0.0
28185,Center Drive,0.0,0.0,0.0,0,(),0.0,0.0
28190,Center Drive,0.0,0.0,0.0,0,(),0.0,0.0
28195,Center Drive,0.0,0.0,0.0,0,(),0.0,0.0
28200,Center Drive,0.0,0.0,0.0,0,(),0.0,0.0
28205,Center Drive,0.0,0.0,0.0,0,(),0.0,0.0
28210,Center Drive,0.0,0.0,0.0,0,(),0.0,0.0
28215,Center Drive,0.0,0.0,0.0,0,(),0.0,0.0
28220,Center Drive,0.0,0.0,0.0,0,(),0.0,0.0
28225,Center Drive,0.0,0.0,0.0,0,(),0.0,0.0
28230,Center Drive,0.0,0.0,0.0,0,(),0.0,0.0
28235,Center Drive,0.0,0.0,0.0,0,(),0.0,0.0
28240,Center Drive,0.0,0.0,0.0,0,(),0.0,0.0
28245,Center Drive,0.0,0.0,0.0,0,(),0.0,0.0
28250,Center Drive,0.0,0.0,0.0,0,(),0.0,0.0
28255,Center Drive,0.0,0.0,0.0,0,(),0.0,0.0
28260,Center Drive,0.0,0.0,0.0,0,(),0.0,0.0
28265,Center Drive,0.0,0.0,0.0,0,(),0.0,0.0
28270,Center Drive,0.0,0.0,0.0,0,(),0.0,0.0
28275,Center Drive,0.0,0.0,0.0,0,(),0.0,0.0
28280,Center Drive,0.0,0.0,0.0,0,(),0.0,0.0
28285,Center Drive,0.0,0.0,0.0,0,(),0.0,0.0
28290,Center Drive,0.0,0.0,0.0,0,(),0.0,0.0
28295,Center Drive,0.0,0.0,0.0,0,(),0.0,0.0
28300,Center Drive,0.0,0.0,0.0,0,(),0.0,0.0
28305,Center Drive,0.0,0.0,0.0,0,(),0.0,0.0
28310,Center Drive,0.0,0.0,0.0,0,(),0.0,0.0
28315,Center Drive,0.0,0.0,0.0,0,(),0.0,0.0
28320,Center Drive,0.0,0.0,0.0,0,(),0.0,0.0
28325,Center Drive,0.0,0.0,0.0,0,(),0.0,0.0
28330,Center Drive,0.0,0.0,0.0,0,(),0.0,0.0
28335,Center Drive,0.0,0.0,0.0,0,(),0.0,0.0
28340,Center Drive,0.0,0.0,0.0,0,(),0.0,0.0
28345,Center Drive,0.0,0.0,0.0,0,(),0.0,0.0
28350,Center Drive,0.0,0.0,0.0,0,(),0.0,0.0
28355,Center Drive,0.0,0.0,0.0,0,(),0.0,0.0
28360,Center Drive,0.0,0.0,0.0,0,(),0.0,0.0
28365,Center Drive,0.0,0.0,0.0,0,(),0.0,0.0
28370,Center Drive,0.0,0.0,0.0,0,(),0.0,0.0
28375,Center Drive,0.0,0.0,0.0,0,(),0.0,0.0
28380,Center Drive,0.0,0.0,0.0,0,(),0.0,0.0
28385,Center Drive,0.0,0.0,0.0,0,(),0.0,0.0
28390,Center Drive,0.0,0.0,0.0,0,(),0.0,0.0
28395,Center Drive,0.0,0.0,0.0,0,(),0.0,0.0
28400,Center Drive,0.0,0.0,0.0,0,(),0.0,0.0
28405,Center Drive,0.0,0.0,0.0,0,(),0.0,0.0
28410,Center Drive,0.0,0.0,0.0,0,(),0.0,0.0
28415,Center Drive,0.0,0.0,0.0,0,(),0.0,0.0
28420,Center Drive,0.0,0.0,0.0,0,(),0.0,0.0
28425,Center Drive,0.0,0.0,0.0,0,(),0.0,0.0
28430,Center Drive,0.0,0.0,0.0,0,(),0.0,0.0
28435,Center Drive,0.0,0.0,0.0,0,(),0.0,0.0
28440,Center Drive,0.0,0.0,0.0,0,(),0.0,0.0
28445,Center Drive,0.0,0.0,0.0,0,(),0.0,0.0
28450,Center Drive,0.0,0.0,0.0,0,(),0.0,0.0
28455,Center Drive,0.0,0.0,0.0,0,(),0.0,0.0
28460,Center Drive,0.0,0.0,0.0,0,(),0.0,0.0
28465,Center Drive,0.0,0.0,0.0,0,(),0.0,0.0
28470,Center Drive,0.0,0.0,0.0,0,(),0.0,0.0
28475,Center Drive,0.0,0.0,0.0,0,(),0.0,0.0
28480,Center Drive,0.0,0.0,0.0,0,(),0.0,0.0
28485,Center Drive,0.0,0.0,0.0,0,(),0.0,0.0
28490,Center Drive,0.0,0.0,0.0,0,(),0.0,0.0
28495,Center Drive,0.0,0.0,0.0,0,(),0.0,0.0
28500,Center Drive,0.0,0.0,0.0,0,(),0.0,0.0
28505,Center Drive,0.0,0.0,0.0,0,(),0.0,0.0
28510,Center Drive,0.0,0.0,0.0,0,(),0.0,0.0
28515,Center Drive,0.0,0.0,0.0,0,(),0.0,0.0
28520,Center Drive,0.0,0.0,0.0,0,(),0.0,0.0
28525,Center Drive,0.0,0.0,0.0,0,(),0.0,0.0
28530,Center Drive,0.0,0.0,0.0,0,(),0.0,0.0
28535,Center Drive,0.0,0.0,0.0,0,(),0.0,0.0
28540,Center Drive,0.0,0.0,0.0,0,(),0.0,0.0
28545,Center Drive,0.0,0.0,0.0,0,(),0.0,0.0
28550,Center Drive,0.0,0.0,0.0,0,(),0.0,0.0
28555,Center Drive,0.0,0.0,0.0,0,(),0.0,0.0
28560,Center Drive,0.0,0.0,0.0,0,(),0.0,0.0
28565,Center Drive,0.0,0.0,0.0,0,(),0.0,0.0
28570,Center Drive,0.0,0.0,0.0,0,(),0.0,0.0
28575,Center Drive,0.0,0.0,0.0,0,(),0.0,0.0
28580,Center Drive,0.0,0.0,0.0,0,(),0.0,0.0
28585,Center Drive,0.0,0.0,0.0,0,(),0.0,0.0
28590,Center Drive,0.0,0.0,0.0,0,(),0.0,0.0
28595,Center Drive,0.0,0.0,0.0,0,(),0.0,0.0
28600,Center Drive,0.0,0.0,0.0,0,(),0.0,0.0
28605,Center Drive,0.0,0.0,0.0,0,(),0.0,0.0
28610,Center Drive,0.0,0.0,0.0,0,(),0.0,0.0
28615,Center Drive,0.0,0.0,0.0,0,(),0.0,0.0
28620,Center Drive,0.0,0.0,0.0,0,(),0.0,0.0
28625,Center Drive,0.0,0.0,0.0,0,(),0.0,0.0
28630,Center Drive,0.0,0.0,0.0,0,(),0.0,0.0
28635,Center Drive,0.0,0.0,0.0,0,(),0.0,0.0
28640,Center Drive,0.0,0.0,0.0,0,(),0.0,0.0
28645,Center Drive,0.0,0.0,0.0,0,(),0.0,0.0
28650,Center Drive,0.0,0.0,0.0,0,(),0.0,0.0
28655,Center Drive,0.0,0.0,0.0,0,(),0.0,0.0
28660,Center Drive,0.0,0.0,0.0,0,(),0.0,0.0
28665,Center Drive,0.0,0.0,0.0,0,(),0.0,0.0
28670,Center Drive,0.0,0.0,0.0,0,(),0.0,0.0
28675,Center Drive,0.0,0.0,0.0,0,(),0.0,0.0
28680,Center Drive,0.0,0.0,0.0,0,(),0.0,0.0
28685,Center Drive,0.0,0.0,0.0,0,(),0.0,0.0
28690,Center Drive,0.0,0.0,0.0,0,(),0.0,0.0
28695,Center Drive,0.0,0.0,0.0,0,(),0.0,0.0
28700,Center Drive,0.0,0.0,0.0,0,(),0.0,0.0
28705,Center Drive,0.0,0.0,0.0,0,(),0.0,0.0
28710,Center Drive,0.0,0.0,0.0,0,(),0.0,0.0
28715,Center Drive,0.0,0.0,0.0,0,(),0.0,0.0
28720,Center Drive,0.0,0.0,0.0,0,(),0.0,0.0
28725,Center Drive,0.0,0.0,0.0,0,(),0.0,0.0
28730,Center Drive,0.0,0.0,0.0,0,(),0.0,0.0
28735,Center Drive,0.0,0.0,0.0,0,(),0.0,0.0
28740,Center Drive,0.0,0.0,0.0,0,(),0.0,0.0
28745,Center Drive,0.0,0.0,0.0,0,(),0.0,0.0
28750,Center Drive,0.0,0.0,0.0,0,(),0.0,0.0
28755,Center Drive,0.0,0.0,0.0,0,(),0.0,0.0
28760,Center Drive,0.0,0.0,0.0,0,(),0.0,0.0
28765,Center Drive,0.0,0.0,0.0,0,(),0.0,0.0
28770,Center Drive,0.0,0.0,0.0,0,(),0.0,0.0
28775,Center Drive,0.0,0.0,0.0,0,(),0.0,0.0
28780,Center Drive,0.0,0.0,0.0,0,(),0.0,0.0
28785,Center Drive,0.0,0.0,0.0,0,(),0.0,0.0
28790,Center Drive,0.0,0.0,0.0,0,(),0.0,0.0
28795,Center Drive,0.0,0.0,0.0,0,(),0.0,0.0
28800,Center Drive,0.0,0.0,0.0,0,(),0.0,0.0
28805,Center Drive,0.0,0.0,0.0,0,(),0.0,0.0
28810,Center Drive,0.0,0.0,0.0,0,(),0.0,0.0
28815,Center Drive,0.0,0.0,0.0,0,(),0.0,0.0
28820,Center Drive,0.0,0.0,0.0,0,(),0.0,0.0
28825,Center Drive,0.0,0.0,0.0,0,(),0.0,0.0
28830,Center Drive,0.0,0.0,0.0,0,(),0.0,0.0
28835,Center Drive,0.0,0.0,0.0,0,(),0.0,0.0
28840,Center Drive,0.0,0.0,0.0,0,(),0.0,0.0
28845,Center Drive,0.0,0.0,0.0,0,(),0.0,0.0
28850,Center Drive,0.0,0.0,0.0,0,(),0.0,0.0
28855,Center Drive,0.0,0.0,0.0,0,(),0.0,0.0
28860,Center Drive,0.0,0.0,0.0,0,(),0.0,0.0
28865,Center Drive,0.0,0.0,0.0,0,(),0.0,0.0
28870,Center Drive,0.0,0.0,0.0,0,(),0.0,0.0
28875,Center Drive,0.0,0.0,0.0,0,(),0.0,0.0
28880,Center Drive,0.0,0.0,0.0,0,(),0.0,0.0
28885,Center Drive,0.0,0.0,0.0,0,(),0.0,0.0
28890,Center Drive,0.0,0.0,0.0,0,(),0.0,0.0
28895,Center Drive,0.0,0.0,0.0,0,(),0.0,0.0
28900,Center Drive,0.0,0.0,0.0,0,(),0.0,0.0
28905,Center Drive,0.0,0.0,0.0,0,(),0.0,0.0
28910,Center Drive,0.0,0.0,0.0,0,(),0.0,0.0
28915,Center Drive,0.0,0.0,0.0,0,(),0.0,0.0
28920,Center Drive,0.0,0.0,0.0,0,(),0.0,0.0
28925,Center Drive,0.0,0.0,0.0,0,(),0.0,0.0
28930,Center Drive,0.0,0.0,0.0,0,(),0.0,0.0
28935,Center Drive,0.0,0.0,0.0,0,(),0.0,0.0
28940,Center Drive,0.0,0.0,0.0,0,(),0.0,0.0
28945,Center Drive,0.0,0.0,0.0,0,(),0.0,0.0
28950,Center Drive,0.0,0.0,0.0,0,(),0.0,0.0
28955,Center Drive,0.0,0.0,0.0,0,(),0.0,0.0
28960,Center Drive,0.0,0.0,0.0,0,(),0.0,0.0
28965,Center Drive,0.0,0.0,0.0,0,(),0.0,0.0
28970,Center Drive,0.0,0.0,0.0,0,(),0.0,0.0
28975,Center Drive,0.0,0.0,0.0,0,(),0.0,0.0
28980,Center Drive,0.0,0.0,0.0,0,(),0.0,0.0
28985,Center Drive,0.0,0.0,0.0,0,(),0.0,0.0
28990,Center Drive,0.0,0.0,0.0,0,(),0.0,0.0
28995,Center Drive,0.0,0.0,0.0,0,(),0.0,0.0
29000,Center Drive,0.0,0.0,0.0,0,(),0.0,0.0
29005,Center Drive,0.0,0.0,0.0,0,(),0.0,0.0
29010,Center Drive,0.0,0.0,0.0,0,(),0.0,0.0
29015,Center Drive,0.0,0.0,0.0,0,(),0.0,0.0
29020,Center Drive,0.0,0.0,0.0,0,(),0.0,0.0
29025,Center Drive,0.0,0.0,0.0,0,(),0.0,0.0
29030,Center Drive,0.0,0.0,0.0,0,(),0.0,0.0
29035,Center Drive,0.0,0.0,0.0,0,(),0.0,0.0
29040,Center Drive,0.0,0.0,0.0,0,(),0.0,0.0
29045,Center Drive,0.0,0.0,0.0,0,(),0.0,0.0
29050,Center Drive,0.0,0.0,0.0,0,(),0.0,0.0
29055,Center Drive,0.0,0.0,0.0,0,(),0.0,0.0
29060,Center Drive,0.0,0.0,0.0,0,(),0.0,0.0
29065,Center Drive,0.0,0.0,0.0,0,(),0.0,0.0
29070,Center Drive,0.0,0.0,0.0,0,(),0.0,0.0
29075,Center Drive,0.0,0.0,0.0,0,(),0.0,0.0
29080,Center Drive,0.0,0.0,0.0,0,(),0.0,0.0
29085,Center Drive,0.0,0.0,0.0,0,(),0.0,0.0
29090,Center Drive,0.0,0.0,0.0,0,(),0.0,0.0
29095,Center Drive,0.0,0.0,0.0,0,(),0.0,0.0
29100,Center Drive,0.0,0.0,0.0,0,(),0.0,0.0
29105,Center Drive,0.0,0.0,0.0,0,(),0.0,0.0
29110,Center Drive,0.0,0.0,0.0,0,(),0.0,0.0
29115,Center Drive,0.0,0.0,0.0,0,(),0.0,0.0
29120,Center Drive,0.0,0.0,0.0,0,(),0.0,0.0
29125,Center Drive,0.0,0.0,0.0,0,(),0.0,0.0
29130,Center Drive,0.0,0.0,0.0,0,(),0.0,0.0
29135,Center Drive,0.0,0.0,0.0,0,(),0.0,0.0
29140,Center Drive,0.0,0.0,0.0,0,(),0.0,0.0
29145,Center Drive,0.0,0.0,0.0,0,(),0.0,0.0
29150,Center Drive,0.0,0.0,0.0,0,(),0.0,0.0
29155,Center Drive,0.0,0.0,0.0,0,(),0.0,0.0
29160,Center Drive,0.0,0.0,0.0,0,(),0.0,0.0
29165,Center Drive,0.0,0.0,0.0,0,(),0.0,0.0
29170,Center Drive,0.0,0.0,0.0,0,(),0.0,0.0
29175,Center Drive,0.0,0.0,0.0,0,(),0.0,0.0
29180,Center Drive,0.0,0.0,0.0,0,(),0.0,0.0
29185,Center Drive,0.0,0.0,0.0,0,(),0.0,0.0
29190,Center Drive,0.0,0.0,0.0,0,(),0.0,0.0
29195,Center Drive,0.0,0.0,0.0,0,(),0.0,0.0
29200,Center Drive,0.0,0.0,0.0,0,(),0.0,0.0
29205,Center Drive,0.0,0.0,0.0,0,(),0.0,0.0
29210,Center Drive,0.0,0.0,0.0,0,(),0.0,0.0
29215,Center Drive,0.0,0.0,0.0,0,(),0.0,0.0
29220,Center Drive,0.0,0.0,0.0,0,(),0.0,0.0
29225,Center Drive,0.0,0.0,0.0,0,(),0.0,0.0
29230,Center Drive,0.0,0.0,0.0,0,(),0.0,0.0
29235,Center Drive,0.0,0.0,0.0,0,(),0.0,0.0
29240,Center Drive,0.0,0.0,0.0,0,(),0.0,0.0
29245,Center Drive,0.0,0.0,0.0,0,(),0.0,0.0
29250,Center Drive,0.0,0.0,0.0,0,(),0.0,0.0
29255,Center Drive,0.0,0.0,0.0,0,(),0.0,0.0
29260,Center Drive,0.0,0.0,0.0,0,(),0.0,0.0
29265,Center Drive,0.0,0.0,0.0,0,(),0.0,0.0
29270,Center Drive,0.0,0.0,0.0,0,(),0.0,0.0
29275,Center Drive,0.0,0.0,0.0,0,(),0.0,0.0
29280,Center Drive,0.0,0.0,0.0,0,(),0.0,0.0
29285,Center Drive,0.0,0.0,0.0,0,(),0.0,0.0
29290,Center Drive,0.0,0.0,0.0,0,(),0.0,0.0
29295,Center Drive,0.0,0.0,0.0,0,(),0.0,0.0
29300,Center Drive,0.0,0.0,0.0,0,(),0.0,0.0
29305,Center Drive,0.0,0.0,0.0,0,(),0.0,0.0
29310,Center Drive,0.0,0.0,0.0,0,(),0.0,0.0
29315,Center Drive,0.0,0.0,0.0,0,(),0.0,0.0
29320,Center Drive,0.0,0.0,0.0,0,(),0.0,0.0
29325,Center Drive,0.0,0.0,0.0,0,(),0.0,0.0
29330,Center Drive,0.0,0.0,0.0,0,(),0.0,0.0
29335,Center Drive,0.0,0.0,0.0,0,(),0.0,0.0
29340,Center Drive,0.0,0.0,0.0,0,(),0.0,0.0
29345,Center Drive,0.0,0.0,0.0,0,(),0.0,0.0
29350,Center Drive,0.0,0.0,0.0,0,(),0.0,0.0
29355,Center Drive,0.0,0.0,0.0,0,(),0.0,0.0
29360,Center Drive,0.0,0.0,0.0,0,(),0.0,0.0
29365,Center Drive,0.0,0.0,0.0,0,(),0.0,0.0
29370,Center Drive,0.0,0.0,0.0,0,(),0.0,0.0
29375,Center Drive,0.0,0.0,0.0,0,(),0.0,0.0
29380,Center Drive,0.0,0.0,0.0,0,(),0.0,0.0
29385,Center Drive,0.0,0.0,0.0,0,(),0.0,0.0
29390,Center Drive,0.0,0.0,0.0,0,(),0.0,0.0
29395,Center Drive,0.0,0.0,0.0,0,(),0.0,0.0
29400,Center Drive,0.0,0.0,0.0,0,(),0.0,0.0
29405,Center Drive,0.0,0.0,0.0,0,(),0.0,0.0
29410,Center Drive,0.0,0.0,0.0,0,(),0.0,0.0
29415,Center Drive,0.0,0.0,0.0,0,(),0.0,0.0
29420,Center Drive,0.0,0.0,0.0,0,(),0.0,0.0
29425,Center Drive,0.0,0.0,0.0,0,(),0.0,0.0
29430,Center Drive,0.0,0.0,0.0,0,(),0.0,0.0
29435,Center Drive,0.0,0.0,0.0,0,(),0.0,0.0
29440,Center Drive,0.0,0.0,0.0,0,(),0.0,0.0
29445,Center Drive,0.0,0.0,0.0,0,(),0.0,0.0
29450,Center Drive,0.0,0.0,0.0,0,(),0.0,0.0
29455,Center Drive,0.0,0.0,0.0,0,(),0.0,0.0
29460,Center Drive,0.0,0.0,0.0,0,(),0.0,0.0
29465,Center Drive,0.0,0.0,0.0,0,(),0.0,0.0
29470,Center Drive,0.0,0.0,0.0,0,(),0.0,0.0
29475,Center Drive,0.0,0.0,0.0,0,(),0.0,0.0
29480,Center Drive,0.0,0.0,0.0,0,(),0.0,0.0
29485,Center Drive,0.0,0.0,0.0,0,(),0.0,0.0
29490,Center Drive,0.0,0.0,0.0,0,(),0.0,0.0
29495,Center Drive,0.0,0.0,0.0,0,(),0.0,0.0
29500,Center Drive,0.0,0.0,0.0,0,(),0.0,0.0
29505,Center Drive,0.0,0.0,0.0,0,(),0.0,0.0
29510,Center Drive,0.0,0.0,0.0,0,(),0.0,0.0
29515,Center Drive,0.0,0.0,0.0,0,(),0.0,0.0
29520,Center Drive,0.0,0.0,0.0,0,(),0.0,0.0
29525,Center Drive,0.0,0.0,0.0,0,(),0.0,0.0
29530,Center Drive,0.0,0.0,0.0,0,(),0.0,0.0
29535,Center Drive,0.0,0.0,0.0,0,(),0.0,0.0
29540,Center Drive,0.0,0.0,0.0,0,(),0.0,0.0
29545,Center Drive,0.0,0.0,0.0,0,(),0.0,0.0
29550,Center Drive,0.0,0.0,0.0,0,(),0.0,0.0
29555,Center Drive,0.0,0.0,0.0,0,(),0.0,0.0
29560,Center Drive,0.0,0.0,0.0,0,(),0.0,0.0
29565,Center Drive,0.0,0.0,0.0,0,(),0.0,0.0
29570,Center Drive,0.0,0.0,0.0,0,(),0.0,0.0
29575,Center Drive,0.0,0.0,0.0,0,(),0.0,0.0
29580,Center Drive,0.0,0.0,0.0,0,(),0.0,0.0
29585,Center Drive,0.0,0.0,0.0,0,(),0.0,0.0
29590,Center Drive,0.0,0.0,0.0,0,(),0.0,0.0
29595,Center Drive,0.0,0.0,0.0,0,(),0.0,0.0
29600,Center Drive,0.0,0.0,0.0,0,(),0.0,0.0
29605,Center Drive,0.0,0.0,0.0,0,(),0.0,0.0
29610,Center Drive,0.0,0.0,0.0,0,(),0.0,0.0
29615,Center Drive,0.0,0.0,0.0,0,(),0.0,0.0
29620,Center Drive,0.0,0.0,0.0,0,(),0.0,0.0
29625,Center Drive,0.0,0.0,0.0,0,(),0.0,0.0
29630,Center Drive,0.0,0.0,0.0,0,(),0.0,0.0
29635,Center Drive,0.0,0.0,0.0,0,(),0.0,0.0
29640,Center Drive,0.0,0.0,0.0,0,(),0.0,0.0
29645,Center Drive,0.0,0.0,0.0,0,(),0.0,0.0
29650,Center Drive,0.0,0.0,0.0,0,(),0.0,0.0
29655,Center Drive,0.0,0.0,0.0,0,(),0.0,0.0
29660,Center Drive,0.0,0.0,0.0,0,(),0.0,0.0
29665,Center Drive,0.0,0.0,0.0,0,(),0.0,0.0
29670,Center Drive,0.0,0.0,0.0,0,(),0.0,0.0
29675,Center Drive,0.0,0.0,0.0,0,(),0.0,0.0
29680,Center Drive,0.0,0.0,0.0,0,(),0.0,0.0
29685,Center Drive,0.0,0.0,0.0,0,(),0.0,0.0
29690,Center Drive,0.0,0.0,0.0,0,(),0.0,0.0
29695,Center Drive,0.0,0.0,0.0,0,(),0.0,0.0
29700,Center Drive,0.0,0.0,0.0,0,(),0.0,0.0
29705,Center Drive,0.0,0.0,0.0,0,(),0.0,0.0
29710,Center Drive,0.0,0.0,0.0,0,(),0.0,0.0
29715,Center Drive,0.0,0.0,0.0,0,(),0.0,0.0
29720,Center Drive,0.0,0.0,0.0,0,(),0.0,0.0
29725,Center Drive,0.0,0.0,0.0,0,(),0.0,0.0
29730,Center Drive,0.0,0.0,0.0,0,(),0.0,0.0
29735,Center Drive,0.0,0.0,0.0,0,(),0.0,0.0
29740,Center Drive,0.0,0.0,0.0,0,(),0.0,0.0
29745,Center Drive,0.0,0.0,0.0,0,(),0.0,0.0
29750,Center Drive,0.0,0.0,0.0,0,(),0.0,0.0
29755,Center Drive,0.0,0.0,0.0,0,(),0.0,0.0
29760,Center Drive,0.0,0.0,0.0,0,(),0.0,0.0
29765,Center Drive,0.0,0.0,0.0,0,(),0.0,0.0
29770,Center Drive,0.0,0.0,0.0,0,(),0.0,0.0
29775,Center Drive,0.0,0.0,0.0,0,(),0.0,0.0
29780,Center Drive,0.0,0.0,0.0,0,(),0.0,0.0
29785,Center Drive,0.0,0.0,0.0,0,(),0.0,0.0
29790,Center Drive,0.0,0.0,0.0,0,(),0.0,0.0
29795,Center Drive,0.0,0.0,0.0,0,(),0.0,0.0
29800,Center Drive,0.0,0.0,0.0,0,(),0.0,0.0
29805,Center Drive,0.0,0.0,0.0,0,(),0.0,0.0
29810,Center Drive,0.0,0.0,0.0,0,(),0.0,0.0
29815,Center Drive,0.0,0.0,0.0,0,(),0.0,0.0
29820,Center Drive,0.0,0.0,0.0,0,(),0.0,0.0
29825,Center Drive,0.0,0.0,0.0,0,(),0.0,0.0
29830,Center Drive,0.0,0.0,0.0,0,(),0.0,0.0
29835,Center Drive,0.0,0.0,0.0,0,(),0.0,0.0
29840,Center Drive,0.0,0.0,0.0,0,(),0.0,0.0
29845,Center Drive,0.0,0.0,0.0,0,(),0.0,0.0
29850,Center Drive,0.0,0.0,0.0,0,(),0.0,0.0
29855,Center Drive,0.0,0.0,0.0,0,(),0.0,0.0
29860,Center Drive,0.0,0.0,0.0,0,(),0.0,0.0
29865,Center Drive,0.0,0.0,0.0,0,(),0.0,0.0
29870,Center Drive,0.0,0.0,0.0,0,(),0.0,0.0
29875,Center Drive,0.0,0.0,0.0,0,(),0.0,0.0
29880,Center Drive,0.0,0.0,0.0,0,(),0.0,0.0
29885,Center Drive,0.0,0.0,0.0,0,(),0.0,0.0
29890,Center Drive,0.0,0.0,0.0,0,(),0.0,0.0
29895,Center Drive,0.0,0.0,0.0,0,(),0.0,0.0
29900,Center Drive,0.0,0.0,0.0,0,(),0.0,0.0
29905,Center Drive,0.0,0.0,0.0,0,(),0.0,0.0
29910,Center Drive,0.0,0.0,0.0,0,(),0.0,0.0
29915,Center Drive,0.0,0.0,0.0,0,(),0.0,0.0
29920,Center Drive,0.0,0.0,0.0,0,(),0.0,0.0
29925,Center Drive,0.0,0.0,0.0,0,(),0.0,0.0
29930,Center Drive,0.0,0.0,0.0,0,(),0.0,0.0
29935,Center Drive,0.0,0.0,0.0,0,(),0.0,0.0
29940,Center Drive,0.0,0.0,0.0,0,(),0.0,0.0
29945,Center Drive,0.0,0.0,0.0,0,(),0.0,0.0
29950,Center Drive,0.0,0.0,0.0,0,(),0.0,0.0
29955,Center Drive,0.0,0.0,0.0,0,(),0.0,0.0
29960,Center Drive,0.0,0.0,0.0,0,(),0.0,0.0
29965,Center Drive,0.0,0.0,0.0,0,(),0.0,0.0
29970,Center Drive,0.0,0.0,0.0,0,(),0.0,0.0
29975,Center Drive,0.0,0.0,0.0,0,(),0.0,0.0
29980,Center Drive,0.0,0.0,0.0,0,(),0.0,0.0
29985,Center Drive,0.0,0.0,0.0,0,(),0.0,0.0
29990,Center Drive,0.0,0.0,0.0,0,(),0.0,0.0
29995,Center Drive,0.0,0.0,0.0,0,(),0.0,0.0
30000,Center Drive,0.0,0.0,0.0,0,(),0.0,0.0
30005,Center Drive,0.0,0.0,0.0,0,(),0.0,0.0
30010,Center Drive,0.0,0.0,0.0,0,(),0.0,0.0
30015,Center Drive,0.0,0.0,0.0,0,(),0.0,0.0
30020,Center Drive,0.0,0.0,0.0,0,(),0.0,0.0
30025,Center Drive,0.0,0.0,0.0,0,(),0.0,0.0
30030,Center Drive,0.0,0.0,0.0,0,(),0.0,0.0
30035,Center Drive,0.0,0.0,0.0,0,(),0.0,0.0
30040,Center Drive,0.0,0.0,0.0,0,(),0.0,0.0
30045,Center Drive,0.0,0.0,0.0,0,(),0.0,0.0
30050,Center Drive,0.0,0.0,0.0,0,(),0.0,0.0
30055,Center Drive,0.0,0.0,0.0,0,(),0.0,0.0
30060,Center Drive,0.0,0.0,0.0,0,(),0.0,0.0
30065,Center Drive,0.0,0.0,0.0,0,(),0.0,0.0
30070,Center Drive,0.0,0.0,0.0,0,(),0.0,0.0
30075,Center Drive,0.0,0.0,0.0,0,(),0.0,0.0
30080,Center Drive,0.0,0.0,0.0,0,(),0.0,0.0
30085,Center Drive,0.0,0.0,0.0,0,(),0.0,0.0
30090,Center Drive,0.0,0.0,0.0,0,(),0.0,0.0
30095,Center Drive,0.0,0.0,0.0,0,(),0.0,0.0
30100,Center Drive,0.0,0.0,0.0,0,(),0.0,0.0
30105,Center Drive,0.0,0.0,0.0,0,(),0.0,0.0
30110,Center Drive,0.0,0.0,0.0,0,(),0.0,0.0
30115,Center Drive,0.0,0.0,0.0,0,(),0.0,0.0
30120,Center Drive,0.0,0.0,0.0,0,(),0.0,0.0
30125,Center Drive,0.0,0.0,0.0,0,(),0.0,0.0
30130,Center Drive,0.0,0.0,0.0,0,(),0.0,0.0
30135,Center Drive,0.0,0.0,0.0,0,(),0.0,0.0
30140,Center Drive,0.0,0.0,0.0,0,(),0.0,0.0
30145,Center Drive,0.0,0.0,0.0,0,(),0.0,0.0
30150,Center Drive,0.0,0.0,0.0,0,(),0.0,0.0
30155,Center Drive,0.0,0.0,0.0,0,(),0.0,0.0
30160,Center Drive,0.0,0.0,0.0,0,(),0.0,0.0
30165,Center Drive,0.0,0.0,0.0,0,(),0.0,0.0
30170,Center Drive,0.0,0.0,0.0,0,(),0.0,0.0
30175,Center Drive,0.0,0.0,0.0,0,(),0.0,0.0
30180,Center Drive,0.0,0.0,0.0,0,(),0.0,0.0
30185,Center Drive,0.0,0.0,0.0,0,(),0.0,0.0
30190,Center Drive,0.0,0.0,0.0,0,(),0.0,0.0
30195,Center Drive,0.0,0.0,0.0,0,(),0.0,0.0
30200,Center Drive,0.0,0.0,0.0,0,(),0.0,0.0
30205,Center Drive,0.0,0.0,0.0,0,(),0.0,0.0
30210,Center Drive,0.0,0.0,0.0,0,(),0.0,0.0
30215,Center Drive,0.0,0.0,0.0,0,(),0.0,0.0
30220,Center Drive,0.0,0.0,0.0,0,(),0.0,0.0
30225,Center Drive,0.0,0.0,0.0,0,(),0.0,0.0
30230,Center Drive,0.0,0.0,0.0,0,(),0.0,0.0
30235,Center Drive,0.0,0.0,0.0,0,(),0.0,0.0
30240,Center Drive,0.0,0.0,0.0,0,(),0.0,0.0
30245,Center Drive,0.0,0.0,0.0,0,(),0.0,0.0
30250,Center Drive,0.0,0.0,0.0,0,(),0.0,0.0
30255,Center Drive,0.0,0.0,0.0,0,(),0.0,0.0
30260,Center Drive,0.0,0.0,0.0,0,(),0.0,0.0
30265,Center Drive,0.0,0.0,0.0,0,(),0.0,0.0
30270,Center Drive,0.0,0.0,0.0,0,(),0.0,0.0
30275,Center Drive,0.0,0.0,0.0,0,(),0.0,0.0
30280,Center Drive,0.0,0.0,0.0,0,(),0.0,0.0
30285,Center Drive,0.0,0.0,0.0,0,(),0.0,0.0
30290,Center Drive,0.0,0.0,0.0,0,(),0.0,0.0
30295,Center Drive,0.0,0.0,0.0,0,(),0.0,0.0
30300,Center Drive,0.0,0.0,0.0,0,(),0.0,0.0
30305,Center Drive,0.0,0.0,0.0,0,(),0.0,0.0
30310,Center Drive,0.0,0.0,0.0,0,(),0.0,0.0
30315,Center Drive,0.0,0.0,0.0,0,(),0.0,0.0
30320,Center Drive,0.0,0.0,0.0,0,(),0.0,0.0
30325,Center Drive,0.0,0.0,0.0,0,(),0.0,0.0
30330,Center Drive,0.0,0.0,0.0,0,(),0.0,0.0
30335,Center Drive,0.0,0.0,0.0,0,(),0.0,0.0
30340,Center Drive,0.0,0.0,0.0,0,(),0.0,0.0
30345,Center Drive,0.0,0.0,0.0,0,(),0.0,0.0
30350,Center Drive,0.0,0.0,0.0,0,(),0.0,0.0
30355,Center Drive,0.0,0.0,0.0,0,(),0.0,0.0
30360,Center Drive,0.0,0.0,0.0,0,(),0.0,0.0
30365,Center Drive,0.0,0.0,0.0,0,(),0.0,0.0
30370,Center Drive,0.0,0.0,0.0,0,(),0.0,0.0
30375,Center Drive,0.0,0.0,0.0,0,(),0.0,0.0
30380,Center Drive,0.0,0.0,0.0,0,(),0.0,0.0
30385,Center Drive,0.0,0.0,0.0,0,(),0.0,0.0
30390,Center Drive,0.0,0.0,0.0,0,(),0.0,0.0
30395,Center Drive,0.0,0.0,0.0,0,(),0.0,0.0
30400,Center Drive,0.0,0.0,0.0,0,(),0.0,0.0
30405,Center Drive,0.0,0.0,0.0,0,(),0.0,0.0
30410,Center Drive,0.0,0.0,0.0,0,(),0.0,0.0
30415,Center Drive,0.0,0.0,0.0,0,(),0.0,0.0
30420,Center Drive,0.0,0.0,0.0,0,(),0.0,0.0
30425,Center Drive,0.0,0.0,0.0,0,(),0.0,0.0
30430,Center Drive,0.0,0.0,0.0,0,(),0.0,0.0
30435,Center Drive,0.0,0.0,0.0,0,(),0.0,0.0
30440,Center Drive,0.0,0.0,0.0,0,(),0.0,0.0
30445,Center Drive,0.0,0.0,0.0,0,(),0.0,0.0
30450,Center Drive,0.0,0.0,0.0,0,(),0.0,0.0
30455,Center Drive,0.0,0.0,0.0,0,(),0.0,0.0
30460,Center Drive,0.0,0.0,0.0,0,(),0.0,0.0
30465,Center Drive,0.0,0.0,0.0,0,(),0.0,0.0
30470,Center Drive,0.0,0.0,0.0,0,(),0.0,0.0
30475,Center Drive,0.0,0.0,0.0,0,(),0.0,0.0
30480,Center Drive,0.0,0.0,0.0,0,(),0.0,0.0
30485,Center Drive,0.0,0.0,0.0,0,(),0.0,0.0
30490,Center Drive,0.0,0.0,0.0,0,(),0.0,0.0
30495,Center Drive,0.0,0.0,0.0,0,(),0.0,0.0
30500,Center Drive,0.0,0.0,0.0,0,(),0.0,0.0
30505,Center Drive,0.0,0.0,0.0,0,(),0.0,0.0
30510,Center Drive,0.0,0.0,0.0,0,(),0.0,0.0
30515,Center Drive,0.0,0.0,0.0,0,(),0.0,0.0
30520,Center Drive,0.0,0.0,0.0,0,(),0.0,0.0
30525,Center Drive,0.0,0.0,0.0,0,(),0.0,0.0
30530,Center Drive,0.0,0.0,0.0,0,(),0.0,0.0
30535,Center Drive,0.0,0.0,0.0,0,(),0.0,0.0
30540,Center Drive,0.0,0.0,0.0,0,(),0.0,0.0
30545,Center Drive,0.0,0.0,0.0,0,(),0.0,0.0
30550,Center Drive,0.0,0.0,0.0,0,(),0.0,0.0
30555,Center Drive,0.0,0.0,0.0,0,(),0.0,0.0
30560,Center Drive,0.0,0.0,0.0,0,(),0.0,0.0
30565,Center Drive,0.0,0.0,0.0,0,(),0.0,0.0
30570,Center Drive,0.0,0.0,0.0,0,(),0.0,0.0
30575,Center Drive,0.0,0.0,0.0,0,(),0.0,0.0
30580,Center Drive,0.0,0.0,0.0,0,(),0.0,0.0
30585,Center Drive,0.0,0.0,0.0,0,(),0.0,0.0
30590,Center Drive,0.0,0.0,0.0,0,(),0.0,0.0
30595,Center Drive,0.0,0.0,0.0,0,(),0.0,0.0
30600,Center Drive,0.0,0.0,0.0,0,(),0.0,0.0
30605,Center Drive,0.0,0.0,0.0,0,(),0.0,0.0
30610,Center Drive,0.0,0.0,0.0,0,(),0.0,0.0
30615,Center Drive,0.0,0.0,0.0,0,(),0.0,0.0
30620,Center Drive,0.0,0.0,0.0,0,(),0.0,0.0
30625,Center Drive,0.0,0.0,0.0,0,(),0.0,0.0
30630,Center Drive,0.0,0.0,0.0,0,(),0.0,0.0
30635,Center Drive,0.0,0.0,0.0,0,(),0.0,0.0
30640,Center Drive,0.0,0.0,0.0,0,(),0.0,0.0
30645,Center Drive,0.0,0.0,0.0,0,(),0.0,0.0
30650,Center Drive,0.0,0.0,0.0,0,(),0.0,0.0
30655,Center Drive,0.0,0.0,0.0,0,(),0.0,0.0
30660,Center Drive,0.0,0.0,0.0,0,(),0.0,0.0
30665,Center Drive,0.0,0.0,0.0,0,(),0.0,0.0
30670,Center Drive,0.0,0.0,0.0,0,(),0.0,0.0
30675,Center Drive,0.0,0.0,0.0,0,(),0.0,0.0
30680,Center Drive,0.0,0.0,0.0,0,(),0.0,0.0
30685,Center Drive,0.0,0.0,0.0,0,(),0.0,0.0
30690,Center Drive,0.0,0.0,0.0,0,(),0.0,0.0
30695,Center Drive,0.0,0.0,0.0,0,(),0.0,0.0
30700,Center Drive,0.0,0.0,0.0,0,(),0.0,0.0
30705,Center Drive,0.0,0.0,0.0,0,(),0.0,0.0
30710,Center Drive,0.0,0.0,0.0,0,(),0.0,0.0
30715,Center Drive,0.0,0.0,0.0,0,(),0.0,0.0
30720,Center Drive,0.0,0.0,0.0,0,(),0.0,0.0
30725,Center Drive,0.0,0.0,0.0,0,(),0.0,0.0
30730,Center Drive,0.0,0.0,0.0,0,(),0.0,0.0
30735,Center Drive,0.0,0.0,0.0,0,(),0.0,0.0
30740,Center Drive,0.0,0.0,0.0,0,(),0.0,0.0
30745,Center Drive,0.0,0.0,0.0,0,(),0.0,0.0
30750,Center Drive,0.0,0.0,0.0,0,(),0.0,0.0
30755,Center Drive,0.0,0.0,0.0,0,(),0.0,0.0
30760,Center Drive,0.0,0.0,0.0,0,(),0.0,0.0
30765,Center Drive,0.0,0.0,0.0,0,(),0.0,0.0
30770,Center Drive,0.0,0.0,0.0,0,(),0.0,0.0
30775,Center Drive,0.0,0.0,0.0,0,(),0.0,0.0
30780,Center Drive,0.0,0.0,0.0,0,(),0.0,0.0
30785,Center Drive,0.0,0.0,0.0,0,(),0.0,0.0
30790,Center Drive,0.0,0.0,0.0,0,(),0.0,0.0
30795,Center Drive,0.0,0.0,0.0,0,(),0.0,0.0
30800,Center Drive,0.0,0.0,0.0,0,(),0.0,0.0
30805,Center Drive,0.0,0.0,0.0,0,(),0.0,0.0
30810,Center Drive,0.0,0.0,0.0,0,(),0.0,0.0
30815,Center Drive,0.0,0.0,0.0,0,(),0.0,0.0
30820,Center Drive,0.0,0.0,0.0,0,(),0.0,0.0
30825,Center Drive,0.0,0.0,0.0,0,(),0.0,0.0
30830,Center Drive,0.0,0.0,0.0,0,(),0.0,0.0
30835,Center Drive,0.0,0.0,0.0,0,(),0.0,0.0
30840,Center Drive,0.0,0.0,0.0,0,(),0.0,0.0
30845,Center Drive,0.0,0.0,0.0,0,(),0.0,0.0
30850,Center Drive,0.0,0.0,0.0,0,(),0.0,0.0
30855,Center Drive,0.0,0.0,0.0,0,(),0.0,0.0
30860,Center Drive,0.0,0.0,0.0,0,(),0.0,0.0
30865,Center Drive,0.0,0.0,0.0,0,(),0.0,0.0
30870,Center Drive,0.0,0.0,0.0,0,(),0.0,0.0
30875,Center Drive,0.0,0.0,0.0,0,(),0.0,0.0
30880,Center Drive,0.0,0.0,0.0,0,(),0.0,0.0
30885,Center Drive,0.0,0.0,0.0,0,(),0.0,0.0
30890,Center Drive,0.0,0.0,0.0,0,(),0.0,0.0
30895,Center Drive,0.0,0.0,0.0,0,(),0.0,0.0
30900,Center Drive,0.0,0.0,0.0,0,(),0.0,0.0
30905,Center Drive,0.0,0.0,0.0,0,(),0.0,0.0
30910,Center Drive,0.0,0.0,0.0,0,(),0.0,0.0
30915,Center Drive,0.0,0.0,0.0,0,(),0.0,0.0
30920,Center Drive,0.0,0.0,0.0,0,(),0.0,0.0
30925,Center Drive,0.0,0.0,0.0,0,(),0.0,0.0
30930,Center Drive,0.0,0.0,0.0,0,(),0.0,0.0
30935,Center Drive,0.0,0.0,0.0,0,(),0.0,0.0
30940,Center Drive,0.0,0.0,0.0,0,(),0.0,0.0
30945,Center Drive,0.0,0.0,0.0,0,(),0.0,0.0
30950,Center Drive,0.0,0.0,0.0,0,(),0.0,0.0
30955,Center Drive,0.0,0.0,0.0,0,(),0.0,0.0
30960,Center Drive,0.0,0.0,0.0,0,(),0.0,0.0
30965,Center Drive,0.0,0.0,0.0,0,(),0.0,0.0
30970,Center Drive,0.0,0.0,0.0,0,(),0.0,0.0
30975,Center Drive,0.0,0.0,0.0,0,(),0.0,0.0
30980,Center Drive,0.0,0.0,0.0,0,(),0.0,0.0
30985,Center Drive,0.0,0.0,0.0,0,(),0.0,0.0
30990,Center Drive,0.0,0.0,0.0,0,(),0.0,0.0
30995,Center Drive,0.0,0.0,0.0,0,(),0.0,0.0
31000,Center Drive,0.0,0.0,0.0,0,(),0.0,0.0
31005,Center Drive,0.0,0.0,0.0,0,(),0.0,0.0
31010,Center Drive,0.0,0.0,0.0,0,(),0.0,0.0
31015,Center Drive,0.0,0.0,0.0,0,(),0.0,0.0
31020,Center Drive,0.0,0.0,0.0,0,(),0.0,0.0
31025,Center Drive,0.0,0.0,0.0,0,(),0.0,0.0
31030,Center Drive,0.0,0.0,0.0,0,(),0.0,0.0
31035,Center Drive,0.0,0.0,0.0,0,(),0.0,0.0
31040,Center Drive,0.0,0.0,0.0,0,(),0.0,0.0
31045,Center Drive,0.0,0.0,0.0,0,(),0.0,0.0
31050,Center Drive,0.0,0.0,0.0,0,(),0.0,0.0
31055,Center Drive,0.0,0.0,0.0,0,(),0.0,0.0
31060,Center Drive,0.0,0.0,0.0,0,(),0.0,0.0
31065,Center Drive,0.0,0.0,0.0,0,(),0.0,0.0
31070,Center Drive,0.0,0.0,0.0,0,(),0.0,0.0
31075,Center Drive,0.0,0.0,0.0,0,(),0.0,0.0
31080,Center Drive,0.0,0.0,0.0,0,(),0.0,0.0
31085,Center Drive,0.0,0.0,0.0,0,(),0.0,0.0
31090,Center Drive,0.0,0.0,0.0,0,(),0.0,0.0
31095,Center Drive,0.0,0.0,0.0,0,(),0.0,0.0
31100,Center Drive,0.0,0.0,0.0,0,(),0.0,0.0
31105,Center Drive,0.0,0.0,0.0,0,(),0.0,0.0
31110,Center Drive,0.0,0.0,0.0,0,(),0.0,0.0
31115,Center Drive,0.0,0.0,0.0,0,(),0.0,0.0
31120,Center Drive,0.0,0.0,0.0,0,(),0.0,0.0
31125,Center Drive,0.0,0.0,0.0,0,(),0.0,0.0
31130,Center Drive,0.0,0.0,0.0,0,(),0.0,0.0
31135,Center Drive,0.0,0.0,0.0,0,(),0.0,0.0
31140,Center Drive,0.0,0.0,0.0,0,(),0.0,0.0
31145,Center Drive,0.0,0.0,0.0,0,(),0.0,0.0
31150,Center Drive,0.0,0.0,0.0,0,(),0.0,0.0
31155,Center Drive,0.0,0.0,0.0,0,(),0.0,0.0
31160,Center Drive,0.0,0.0,0.0,0,(),0.0,0.0
31165,Center Drive,0.0,0.0,0.0,0,(),0.0,0.0
31170,Center Drive,0.0,0.0,0.0,0,(),0.0,0.0
31175,Center Drive,0.0,0.0,0.0,0,(),0.0,0.0
31180,Center Drive,0.0,0.0,0.0,0,(),0.0,0.0
31185,Center Drive,0.0,0.0,0.0,0,(),0.0,0.0
31190,Center Drive,0.0,0.0,0.0,0,(),0.0,0.0
31195,Center Drive,0.0,0.0,0.0,0,(),0.0,0.0
31200,Center Drive,0.0,0.0,0.0,0,(),0.0,0.0
31205,Center Drive,0.0,0.0,0.0,0,(),0.0,0.0
31210,Center Drive,0.0,0.0,0.0,0,(),0.0,0.0
31215,Center Drive,0.0,0.0,0.0,0,(),0.0,0.0
31220,Center Drive,0.0,0.0,0.0,0,(),0.0,0.0
31225,Center Drive,0.0,0.0,0.0,0,(),0.0,0.0
31230,Center Drive,0.0,0.0,0.0,0,(),0.0,0.0
31235,Center Drive,0.0,0.0,0.0,0,(),0.0,0.0
31240,Center Drive,0.0,0.0,0.0,0,(),0.0,0.0
31245,Center Drive,0.0,0.0,0.0,0,(),0.0,0.0
31250,Center Drive,0.0,0.0,0.0,0,(),0.0,0.0
31255,Center Drive,0.0,0.0,0.0,0,(),0.0,0.0
31260,Center Drive,0.0,0.0,0.0,0,(),0.0,0.0
31265,Center Drive,0.0,0.0,0.0,0,(),0.0,0.0
31270,Center Drive,0.0,0.0,0.0,0,(),0.0,0.0
31275,Center Drive,0.0,0.0,0.0,0,(),0.0,0.0
31280,Center Drive,0.0,0.0,0.0,0,(),0.0,0.0
31285,Center Drive,0.0,0.0,0.0,0,(),0.0,0.0
31290,Center Drive,0.0,0.0,0.0,0,(),0.0,0.0
31295,Center Drive,0.0,0.0,0.0,0,(),0.0,0.0
31300,Center Drive,0.0,0.0,0.0,0,(),0.0,0.0
31305,Center Drive,0.0,0.0,0.0,0,(),0.0,0.0
31310,Center Drive,0.0,0.0,0.0,0,(),0.0,0.0
31315,Center Drive,0.0,0.0,0.0,0,(),0.0,0.0
31320,Center Drive,0.0,0.0,0.0,0,(),0.0,0.0
31325,Center Drive,0.0,0.0,0.0,0,(),0.0,0.0
31330,Center Drive,0.0,0.0,0.0,0,(),0.0,0.0
31335,Center Drive,0.0,0.0,0.0,0,(),0.0,0.0
31340,Center Drive,0.0,0.0,0.0,0,(),0.0,0.0
31345,Center Drive,0.0,0.0,0.0,0,(),0.0,0.0
31350,Center Drive,0.0,0.0,0.0,0,(),0.0,0.0
31355,Center Drive,0.0,0.0,0.0,0,(),0.0,0.0
31360,Center Drive,0.0,0.0,0.0,0,(),0.0,0.0
31365,Center Drive,0.0,0.0,0.0,0,(),0.0,0.0
31370,Center Drive,0.0,0.0,0.0,0,(),0.0,0.0
31375,Center Drive,0.0,0.0,0.0,0,(),0.0,0.0
31380,Center Drive,0.0,0.0,0.0,0,(),0.0,0.0
31385,Center Drive,0.0,0.0,0.0,0,(),0.0,0.0
31390,Center Drive,0.0,0.0,0.0,0,(),0.0,0.0
31395,Center Drive,0.0,0.0,0.0,0,(),0.0,0.0
31400,Center Drive,0.0,0.0,0.0,0,(),0.0,0.0
31405,Center Drive,0.0,0.0,0.0,0,(),0.0,0.0
31410,Center Drive,0.0,0.0,0.0,0,(),0.0,0.0
31415,Center Drive,0.0,0.0,0.0,0,(),0.0,0.0
31420,Center Drive,0.0,0.0,0.0,0,(),0.0,0.0
31425,Center Drive,0.0,0.0,0.0,0,(),0.0,0.0
31430,Center Drive,0.0,0.0,0.0,0,(),0.0,0.0
31435,Center Drive,0.0,0.0,0.0,0,(),0.0,0.0
31440,Center Drive,0.0,0.0,0.0,0,(),0.0,0.0
31445,Center Drive,0.0,0.0,0.0,0,(),0.0,0.0
31450,Center Drive,0.0,0.0,0.0,0,(),0.0,0.0
31455,Center Drive,0.0,0.0,0.0,0,(),0.0,0.0
31460,Center Drive,0.0,0.0,0.0,0,(),0.0,0.0
31465,Center Drive,0.0,0.0,0.0,0,(),0.0,0.0
31470,Center Drive,0.0,0.0,0.0,0,(),0.0,0.0
31475,Center Drive,0.0,0.0,0.0,0,(),0.0,0.0
31480,Center Drive,0.0,0.0,0.0,0,(),0.0,0.0
31485,Center Drive,0.0,0.0,0.0,0,(),0.0,0.0
31490,Center Drive,0.0,0.0,0.0,0,(),0.0,0.0
31495,Center Drive,0.0,0.0,0.0,0,(),0.0,0.0
31500,Center Drive,0.0,0.0,0.0,0,(),0.0,0.0
31505,Center Drive,0.0,0.0,0.0,0,(),0.0,0.0
31510,Center Drive,0.0,0.0,0.0,0,(),0.0,0.0
31515,Center Drive,0.0,0.0,0.0,0,(),0.0,0.0
31520,Center Drive,0.0,0.0,0.0,0,(),0.0,0.0
31525,Center Drive,0.0,0.0,0.0,0,(),0.0,0.0
31530,Center Drive,0.0,0.0,0.0,0,(),0.0,0.0
31535,Center Drive,0.0,0.0,0.0,0,(),0.0,0.0
31540,Center Drive,0.0,0.0,0.0,0,(),0.0,0.0
31545,Center Drive,0.0,0.0,0.0,0,(),0.0,0.0
31550,Center Drive,0.0,0.0,0.0,0,(),0.0,0.0
31555,Center Drive,0.0,0.0,0.0,0,(),0.0,0.0
31560,Center Drive,0.0,0.0,0.0,0,(),0.0,0.0
31565,Center Drive,0.0,0.0,0.0,0,(),0.0,0.0
31570,Center Drive,0.0,0.0,0.0,0,(),0.0,0.0
31575,Center Drive,0.0,0.0,0.0,0,(),0.0,0.0
31580,Center Drive,0.0,0.0,0.0,0,(),0.0,0.0
31585,Center Drive,0.0,0.0,0.0,0,(),0.0,0.0
31590,Center Drive,0.0,0.0,0.0,0,(),0.0,0.0
31595,Center Drive,0.0,0.0,0.0,0,(),0.0,0.0
31600,Center Drive,0.0,0.0,0.0,0,(),0.0,0.0
31605,Center Drive,0.0,0.0,0.0,0,(),0.0,0.0
31610,Center Drive,0.0,0.0,0.0,0,(),0.0,0.0
31615,Center Drive,0.0,0.0,0.0,0,(),0.0,0.0
31620,Center Drive,0.0,0.0,0.0,0,(),0.0,0.0
31625,Center Drive,0.0,0.0,0.0,0,(),0.0,0.0
31630,Center Drive,0.0,0.0,0.0,0,(),0.0,0.0
31635,Center Drive,0.0,0.0,0.0,0,(),0.0,0.0
31640,Center Drive,0.0,0.0,0.0,0,(),0.0,0.0
31645,Center Drive,0.0,0.0,0.0,0,(),0.0,0.0
31650,Center Drive,0.0,0.0,0.0,0,(),0.0,0.0
31655,Center Drive,0.0,0.0,0.0,0,(),0.0,0.0
31660,Center Drive,0.0,0.0,0.0,0,(),0.0,0.0
31665,Center Drive,0.0,0.0,0.0,0,(),0.0,0.0
31670,Center Drive,0.0,0.0,0.0,0,(),0.0,0.0
31675,Center Drive,0.0,0.0,0.0,0,(),0.0,0.0
31680,Center Drive,0.0,0.0,0.0,0,(),0.0,0.0
31685,Center Drive,0.0,0.0,0.0,0,(),0.0,0.0
31690,Center Drive,0.0,0.0,0.0,0,(),0.0,0.0
31695,Center Drive,0.0,0.0,0.0,0,(),0.0,0.0
31700,Center Drive,0.0,0.0,0.0,0,(),0.0,0.0
31705,Center Drive,0.0,0.0,0.0,0,(),0.0,0.0
31710,Center Drive,0.0,0.0,0.0,0,(),0.0,0.0
31715,Center Drive,0.0,0.0,0.0,0,(),0.0,0.0
31720,Center Drive,0.0,0.0,0.0,0,(),0.0,0.0
31725,Center Drive,0.0,0.0,0.0,0,(),0.0,0.0
31730,Center Drive,0.0,0.0,0.0,0,(),0.0,0.0
31735,Center Drive,0.0,0.0,0.0,0,(),0.0,0.0
31740,Center Drive,0.0,0.0,0.0,0,(),0.0,0.0
31745,Center Drive,0.0,0.0,0.0,0,(),0.0,0.0
31750,Center Drive,0.0,0.0,0.0,0,(),0.0,0.0
31755,Center Drive,0.0,0.0,0.0,0,(),0.0,0.0
31760,Center Drive,0.0,0.0,0.0,0,(),0.0,0.0
31765,Center Drive,0.0,0.0,0.0,0,(),0.0,0.0
31770,Center Drive,0.0,0.0,0.0,0,(),0.0,0.0
31775,Center Drive,0.0,0.0,0.0,0,(),0.0,0.0
31780,Center Drive,0.0,0.0,0.0,0,(),0.0,0.0
31785,Center Drive,0.0,0.0,0.0,0,(),0.0,0.0
31790,Center Drive,0.0,0.0,0.0,0,(),0.0,0.0
31795,Center Drive,0.0,0.0,0.0,0,(),0.0,0.0
31800,Center Drive,0.0,0.0,0.0,0,(),0.0,0.0
31805,Center Drive,0.0,0.0,0.0,0,(),0.0,0.0
31810,Center Drive,0.0,0.0,0.0,0,(),0.0,0.0
31815,Center Drive,0.0,0.0,0.0,0,(),0.0,0.0
31820,Center Drive,0.0,0.0,0.0,0,(),0.0,0.0
31825,Center Drive,0.0,0.0,0.0,0,(),0.0,0.0
31830,Center Drive,0.0,0.0,0.0,0,(),0.0,0.0
31835,Center Drive,0.0,0.0,0.0,0,(),0.0,0.0
31840,Center Drive,0.0,0.0,0.0,0,(),0.0,0.0
31845,Center Drive,0.0,0.0,0.0,0,(),0.0,0.0
31850,Center Drive,0.0,0.0,0.0,0,(),0.0,0.0
31855,Center Drive,0.0,0.0,0.0,0,(),0.0,0.0
31860,Center Drive,0.0,0.0,0.0,0,(),0.0,0.0
31865,Center Drive,0.0,0.0,0.0,0,(),0.0,0.0
31870,Center Drive,0.0,0.0,0.0,0,(),0.0,0.0
31875,Center Drive,0.0,0.0,0.0,0,(),0.0,0.0
31880,Center Drive,0.0,0.0,0.0,0,(),0.0,0.0
31885,Center Drive,0.0,0.0,0.0,0,(),0.0,0.0
31890,Center Drive,0.0,0.0,0.0,0,(),0.0,0.0
31895,Center Drive,0.0,0.0,0.0,0,(),0.0,0.0
31900,Center Drive,0.0,0.0,0.0,0,(),0.0,0.0
31905,Center Drive,0.0,0.0,0.0,0,(),0.0,0.0
31910,Center Drive,0.0,0.0,0.0,0,(),0.0,0.0
31915,Center Drive,0.0,0.0,0.0,0,(),0.0,0.0
31920,Center Drive,0.0,0.0,0.0,0,(),0.0,0.0
31925,Center Drive,0.0,0.0,0.0,0,(),0.0,0.0
31930,Center Drive,0.0,0.0,0.0,0,(),0.0,0.0
31935,Center Drive,0.0,0.0,0.0,0,(),0.0,0.0
31940,Center Drive,0.0,0.0,0.0,0,(),0.0,0.0
31945,Center Drive,0.0,0.0,0.0,0,(),0.0,0.0
31950,Center Drive,0.0,0.0,0.0,0,(),0.0,0.0
31955,Center Drive,0.0,0.0,0.0,0,(),0.0,0.0
31960,Center Drive,0.0,0.0,0.0,0,(),0.0,0.0
31965,Center Drive,0.0,0.0,0.0,0,(),0.0,0.0
31970,Center Drive,0.0,0.0,0.0,0,(),0.0,0.0
31975,Center Drive,0.0,0.0,0.0,0,(),0.0,0.0
31980,Center Drive,0.0,0.0,0.0,0,(),0.0,0.0
31985,Center Drive,0.0,0.0,0.0,0,(),0.0,0.0
31990,Center Drive,0.0,0.0,0.0,0,(),0.0,0.0
31995,Center Drive,0.0,0.0,0.0,0,(),0.0,0.0
32000,Center Drive,0.0,0.0,0.0,0,(),0.0,0.0
32005,Center Drive,0.0,0.0,0.0,0,(),0.0,0.0
32010,Center Drive,0.0,0.0,0.0,0,(),0.0,0.0
32015,Center Drive,0.0,0.0,0.0,0,(),0.0,0.0
32020,Center Drive,0.0,0.0,0.0,0,(),0.0,0.0
32025,Center Drive,0.0,0.0,0.0,0,(),0.0,0.0
32030,Center Drive,0.0,0.0,0.0,0,(),0.0,0.0
32035,Center Drive,0.0,0.0,0.0,0,(),0.0,0.0
32040,Center Drive,0.0,0.0,0.0,0,(),0.0,0.0
32045,Center Drive,0.0,0.0,0.0,0,(),0.0,0.0
32050,Center Drive,0.0,0.0,0.0,0,(),0.0,0.0
32055,Center Drive,0.0,0.0,0.0,0,(),0.0,0.0
32060,Center Drive,0.0,0.0,0.0,0,(),0.0,0.0
32065,Center Drive,0.0,0.0,0.0,0,(),0.0,0.0
32070,Center Drive,0.0,0.0,0.0,0,(),0.0,0.0
32075,Center Drive,0.0,0.0,0.0,0,(),0.0,0.0
32080,Center Drive,0.0,0.0,0.0,0,(),0.0,0.0
32085,Center Drive,0.0,0.0,0.0,0,(),0.0,0.0
32090,Center Drive,0.0,0.0,0.0,0,(),0.0,0.0
32095,Center Drive,0.0,0.0,0.0,0,(),0.0,0.0
32100,Center Drive,0.0,0.0,0.0,0,(),0.0,0.0
32105,Center Drive,0.0,0.0,0.0,0,(),0.0,0.0
32110,Center Drive,0.0,0.0,0.0,0,(),0.0,0.0
32115,Center Drive,0.0,0.0,0.0,0,(),0.0,0.0
32120,Center Drive,0.0,0.0,0.0,0,(),0.0,0.0
32125,Center Drive,0.0,0.0,0.0,0,(),0.0,0.0
32130,Center Drive,0.0,0.0,0.0,0,(),0.0,0.0
32135,Center Drive,0.0,0.0,0.0,0,(),0.0,0.0
32140,Center Drive,0.0,0.0,0.0,0,(),0.0,0.0
32145,Center Drive,0.0,0.0,0.0,0,(),0.0,0.0
32150,Center Drive,0.0,0.0,0.0,0,(),0.0,0.0
32155,Center Drive,0.0,0.0,0.0,0,(),0.0,0.0
32160,Center Drive,0.0,0.0,0.0,0,(),0.0,0.0
32165,Center Drive,0.0,0.0,0.0,0,(),0.0,0.0
32170,Center Drive,0.0,0.0,0.0,0,(),0.0,0.0
32175,Center Drive,0.0,0.0,0.0,0,(),0.0,0.0
32180,Center Drive,0.0,0.0,0.0,0,(),0.0,0.0
32185,Center Drive,0.0,0.0,0.0,0,(),0.0,0.0
32190,Center Drive,0.0,0.0,0.0,0,(),0.0,0.0
32195,Center Drive,0.0,0.0,0.0,0,(),0.0,0.0
32200,Center Drive,0.0,0.0,0.0,0,(),0.0,0.0
32205,Center Drive,0.0,0.0,0.0,0,(),0.0,0.0
32210,Center Drive,0.0,0.0,0.0,0,(),0.0,0.0
32215,Center Drive,0.0,0.0,0.0,0,(),0.0,0.0
32220,Center Drive,0.0,0.0,0.0,0,(),0.0,0.0
32225,Center Drive,0.0,0.0,0.0,0,(),0.0,0.0
32230,Center Drive,0.0,0.0,0.0,0,(),0.0,0.0
32235,Center Drive,0.0,0.0,0.0,0,(),0.0,0.0
32240,Center Drive,0.0,0.0,0.0,0,(),0.0,0.0
32245,Center Drive,0.0,0.0,0.0,0,(),0.0,0.0
32250,Center Drive,0.0,0.0,0.0,0,(),0.0,0.0
32255,Center Drive,0.0,0.0,0.0,0,(),0.0,0.0
32260,Center Drive,0.0,0.0,0.0,0,(),0.0,0.0
32265,Center Drive,0.0,0.0,0.0,0,(),0.0,0.0
32270,Center Drive,0.0,0.0,0.0,0,(),0.0,0.0
32275,Center Drive,0.0,0.0,0.0,0,(),0.0,0.0
32280,Center Drive,0.0,0.0,0.0,0,(),0.0,0.0
32285,Center Drive,0.0,0.0,0.0,0,(),0.0,0.0
32290,Center Drive,0.0,0.0,0.0,0,(),0.0,0.0
32295,Center Drive,0.0,0.0,0.0,0,(),0.0,0.0
32300,Center Drive,0.0,0.0,0.0,0,(),0.0,0.0
32305,Center Drive,0.0,0.0,0.0,0,(),0.0,0.0
32310,Center Drive,0.0,0.0,0.0,0,(),0.0,0.0
32315,Center Drive,0.0,0.0,0.0,0,(),0.0,0.0
32320,Center Drive,0.0,0.0,0.0,0,(),0.0,0.0
32325,Center Drive,0.0,0.0,0.0,0,(),0.0,0.0
32330,Center Drive,0.0,0.0,0.0,0,(),0.0,0.0
32335,Center Drive,0.0,0.0,0.0,0,(),0.0,0.0
32340,Center Drive,0.0,0.0,0.0,0,(),0.0,0.0
32345,Center Drive,0.0,0.0,0.0,0,(),0.0,0.0
32350,Center Drive,0.0,0.0,0.0,0,(),0.0,0.0
32355,Center Drive,0.0,0.0,0.0,0,(),0.0,0.0
32360,Center Drive,0.0,0.0,0.0,0,(),0.0,0.0
32365,Center Drive,0.0,0.0,0.0,0,(),0.0,0.0
32370,Center Drive,0.0,0.0,0.0,0,(),0.0,0.0
32375,Center Drive,0.0,0.0,0.0,0,(),0.0,0.0
32380,Center Drive,0.0,0.0,0.0,0,(),0.0,0.0
32385,Center Drive,0.0,0.0,0.0,0,(),0.0,0.0
32390,Center Drive,0.0,0.0,0.0,0,(),0.0,0.0
32395,Center Drive,0.0,0.0,0.0,0,(),0.0,0.0
32400,Center Drive,0.0,0.0,0.0,0,(),0.0,0.0
32405,Center Drive,0.0,0.0,0.0,0,(),0.0,0.0
32410,Center Drive,0.0,0.0,0.0,0,(),0.0,0.0
32415,Center Drive,0.0,0.0,0.0,0,(),0.0,0.0
32420,Center Drive,0.0,0.0,0.0,0,(),0.0,0.0
32425,Center Drive,0.0,0.0,0.0,0,(),0.0,0.0
32430,Center Drive,0.0,0.0,0.0,0,(),0.0,0.0
32435,Center Drive,0.0,0.0,0.0,0,(),0.0,0.0
32440,Center Drive,0.0,0.0,0.0,0,(),0.0,0.0
32445,Center Drive,0.0,0.0,0.0,0,(),0.0,0.0
32450,Center Drive,0.0,0.0,0.0,0,(),0.0,0.0
32455,Center Drive,0.0,0.0,0.0,0,(),0.0,0.0
32460,Center Drive,0.0,0.0,0.0,0,(),0.0,0.0
32465,Center Drive,0.0,0.0,0.0,0,(),0.0,0.0
32470,Center Drive,0.0,0.0,0.0,0,(),0.0,0.0
32475,Center Drive,0.0,0.0,0.0,0,(),0.0,0.0
32480,Center Drive,0.0,0.0,0.0,0,(),0.0,0.0
32485,Center Drive,0.0,0.0,0.0,0,(),0.0,0.0
32490,Center Drive,0.0,0.0,0.0,0,(),0.0,0.0
32495,Center Drive,0.0,0.0,0.0,0,(),0.0,0.0
32500,Center Drive,0.0,0.0,0.0,0,(),0.0,0.0
32505,Center Drive,0.0,0.0,0.0,0,(),0.0,0.0
32510,Center Drive,0.0,0.0,0.0,0,(),0.0,0.0
32515,Center Drive,0.0,0.0,0.0,0,(),0.0,0.0
32520,Center Drive,0.0,0.0,0.0,0,(),0.0,0.0
32525,Center Drive,0.0,0.0,0.0,0,(),0.0,0.0
32530,Center Drive,0.0,0.0,0.0,0,(),0.0,0.0
32535,Center Drive,0.0,0.0,0.0,0,(),0.0,0.0
32540,Center Drive,0.0,0.0,0.0,0,(),0.0,0.0
32545,Center Drive,0.0,0.0,0.0,0,(),0.0,0.0
32550,Center Drive,0.0,0.0,0.0,0,(),0.0,0.0
32555,Center Drive,0.0,0.0,0.0,0,(),0.0,0.0
32560,Center Drive,0.0,0.0,0.0,0,(),0.0,0.0
32565,Center Drive,0.0,0.0,0.0,0,(),0.0,0.0
32570,Center Drive,0.0,0.0,0.0,0,(),0.0,0.0
32575,Center Drive,0.0,0.0,0.0,0,(),0.0,0.0
32580,Center Drive,0.0,0.0,0.0,0,(),0.0,0.0
32585,Center Drive,0.0,0.0,0.0,0,(),0.0,0.0
32590,Center Drive,0.0,0.0,0.0,0,(),0.0,0.0
32595,Center Drive,0.0,0.0,0.0,0,(),0.0,0.0
32600,Center Drive,0.0,0.0,0.0,0,(),0.0,0.0
32605,Center Drive,0.0,0.0,0.0,0,(),0.0,0.0
32610,Center Drive,0.0,0.0,0.0,0,(),0.0,0.0
32615,Center Drive,0.0,0.0,0.0,0,(),0.0,0.0
32620,Center Drive,0.0,0.0,0.0,0,(),0.0,0.0
32625,Center Drive,0.0,0.0,0.0,0,(),0.0,0.0
32630,Center Drive,0.0,0.0,0.0,0,(),0.0,0.0
32635,Center Drive,0.0,0.0,0.0,0,(),0.0,0.0
32640,Center Drive,0.0,0.0,0.0,0,(),0.0,0.0
32645,Center Drive,0.0,0.0,0.0,0,(),0.0,0.0
32650,Center Drive,0.0,0.0,0.0,0,(),0.0,0.0
32655,Center Drive,0.0,0.0,0.0,0,(),0.0,0.0
32660,Center Drive,0.0,0.0,0.0,0,(),0.0,0.0
32665,Center Drive,0.0,0.0,0.0,0,(),0.0,0.0
32670,Center Drive,0.0,0.0,0.0,0,(),0.0,0.0
32675,Center Drive,0.0,0.0,0.0,0,(),0.0,0.0
32680,Center Drive,0.0,0.0,0.0,0,(),0.0,0.0
32685,Center Drive,0.0,0.0,0.0,0,(),0.0,0.0
32690,Center Drive,0.0,0.0,0.0,0,(),0.0,0.0
32695,Center Drive,0.0,0.0,0.0,0,(),0.0,0.0
32700,Center Drive,0.0,0.0,0.0,0,(),0.0,0.0
32705,Center Drive,0.0,0.0,0.0,0,(),0.0,0.0
32710,Center Drive,0.0,0.0,0.0,0,(),0.0,0.0
32715,Center Drive,0.0,0.0,0.0,0,(),0.0,0.0
32720,Center Drive,0.0,0.0,0.0,0,(),0.0,0.0
32725,Center Drive,0.0,0.0,0.0,0,(),0.0,0.0
32730,Center Drive,0.0,0.0,0.0,0,(),0.0,0.0
32735,Center Drive,0.0,0.0,0.0,0,(),0.0,0.0
32740,Center Drive,0.0,0.0,0.0,0,(),0.0,0.0
32745,Center Drive,0.0,0.0,0.0,0,(),0.0,0.0
32750,Center Drive,0.0,0.0,0.0,0,(),0.0,0.0
32755,Center Drive,0.0,0.0,0.0,0,(),0.0,0.0
32760,Center Drive,0.0,0.0,0.0,0,(),0.0,0.0
32765,Center Drive,0.0,0.0,0.0,0,(),0.0,0.0
32770,Center Drive,0.0,0.0,0.0,0,(),0.0,0.0
32775,Center Drive,0.0,0.0,0.0,0,(),0.0,0.0
32780,Center Drive,0.0,0.0,0.0,0,(),0.0,0.0
32785,Center Drive,0.0,0.0,0.0,0,(),0.0,0.0
32790,Center Drive,0.0,0.0,0.0,0,(),0.0,0.0
32795,Center Drive,0.0,0.0,0.0,0,(),0.0,0.0
32800,Center Drive,0.0,0.0,0.0,0,(),0.0,0.0
32805,Center Drive,0.0,0.0,0.0,0,(),0.0,0.0
32810,Center Drive,0.0,0.0,0.0,0,(),0.0,0.0
32815,Center Drive,0.0,0.0,0.0,0,(),0.0,0.0
32820,Center Drive,0.0,0.0,0.0,0,(),0.0,0.0
32825,Center Drive,0.0,0.0,0.0,0,(),0.0,0.0
32830,Center Drive,0.0,0.0,0.0,0,(),0.0,0.0
32835,Center Drive,0.0,0.0,0.0,0,(),0.0,0.0
32840,Center Drive,0.0,0.0,0.0,0,(),0.0,0.0
32845,Center Drive,0.0,0.0,0.0,0,(),0.0,0.0
32850,Center Drive,0.0,0.0,0.0,0,(),0.0,0.0
32855,Center Drive,0.0,0.0,0.0,0,(),0.0,0.0
32860,Center Drive,0.0,0.0,0.0,0,(),0.0,0.0
32865,Center Drive,0.0,0.0,0.0,0,(),0.0,0.0
32870,Center Drive,0.0,0.0,0.0,0,(),0.0,0.0
32875,Center Drive,0.0,0.0,0.0,0,(),0.0,0.0
32880,Center Drive,0.0,0.0,0.0,0,(),0.0,0.0
32885,Center Drive,0.0,0.0,0.0,0,(),0.0,0.0
32890,Center Drive,0.0,0.0,0.0,0,(),0.0,0.0
32895,Center Drive,0.0,0.0,0.0,0,(),0.0,0.0
32900,Center Drive,0.0,0.0,0.0,0,(),0.0,0.0
32905,Center Drive,0.0,0.0,0.0,0,(),0.0,0.0
32910,Center Drive,0.0,0.0,0.0,0,(),0.0,0.0
32915,Center Drive,0.0,0.0,0.0,0,(),0.0,0.0
32920,Center Drive,0.0,0.0,0.0,0,(),0.0,0.0
32925,Center Drive,0.0,0.0,0.0,0,(),0.0,0.0
32930,Center Drive,0.0,0.0,0.0,0,(),0.0,0.0
32935,Center Drive,0.0,0.0,0.0,0,(),0.0,0.0
32940,Center Drive,0.0,0.0,0.0,0,(),0.0,0.0
32945,Center Drive,0.0,0.0,0.0,0,(),0.0,0.0
32950,Center Drive,0.0,0.0,0.0,0,(),0.0,0.0
32955,Center Drive,0.0,0.0,0.0,0,(),0.0,0.0
32960,Center Drive,0.0,0.0,0.0,0,(),0.0,0.0
32965,Center Drive,0.0,0.0,0.0,0,(),0.0,0.0
32970,Center Drive,0.0,0.0,0.0,0,(),0.0,0.0
32975,Center Drive,0.0,0.0,0.0,0,(),0.0,0.0
32980,Center Drive,0.0,0.0,0.0,0,(),0.0,0.0
32985,Center Drive,0.0,0.0,0.0,0,(),0.0,0.0
32990,Center Drive,0.0,0.0,0.0,0,(),0.0,0.0
32995,Center Drive,0.0,0.0,0.0,0,(),0.0,0.0
33000,Center Drive,0.0,0.0,0.0,0,(),0.0,0.0
33005,Center Drive,0.0,0.0,0.0,0,(),0.0,0.0
33010,Center Drive,0.0,0.0,0.0,0,(),0.0,0.0
33015,Center Drive,0.0,0.0,0.0,0,(),0.0,0.0
33020,Center Drive,0.0,0.0,0.0,0,(),0.0,0.0
33025,Center Drive,0.0,0.0,0.0,0,(),0.0,0.0
33030,Center Drive,0.0,0.0,0.0,0,(),0.0,0.0
33035,Center Drive,0.0,0.0,0.0,0,(),0.0,0.0
33040,Center Drive,0.0,0.0,0.0,0,(),0.0,0.0
33045,Center Drive,0.0,0.0,0.0,0,(),0.0,0.0
33050,Center Drive,0.0,0.0,0.0,0,(),0.0,0.0
33055,Center Drive,0.0,0.0,0.0,0,(),0.0,0.0
33060,Center Drive,0.0,0.0,0.0,0,(),0.0,0.0
33065,Center Drive,0.0,0.0,0.0,0,(),0.0,0.0
33070,Center Drive,0.0,0.0,0.0,0,(),0.0,0.0
33075,Center Drive,0.0,0.0,0.0,0,(),0.0,0.0
33080,Center Drive,0.0,0.0,0.0,0,(),0.0,0.0
33085,Center Drive,0.0,0.0,0.0,0,(),0.0,0.0
33090,Center Drive,0.0,0.0,0.0,0,(),0.0,0.0
33095,Center Drive,0.0,0.0,0.0,0,(),0.0,0.0
33100,Center Drive,0.0,0.0,0.0,0,(),0.0,0.0
33105,Center Drive,0.0,0.0,0.0,0,(),0.0,0.0
33110,Center Drive,0.0,0.0,0.0,0,(),0.0,0.0
33115,Center Drive,0.0,0.0,0.0,0,(),0.0,0.0
33120,Center Drive,0.0,0.0,0.0,0,(),0.0,0.0
33125,Center Drive,0.0,0.0,0.0,0,(),0.0,0.0
33130,Center Drive,0.0,0.0,0.0,0,(),0.0,0.0
33135,Center Drive,0.0,0.0,0.0,0,(),0.0,0.0
33140,Center Drive,0.0,0.0,0.0,0,(),0.0,0.0
33145,Center Drive,0.0,0.0,0.0,0,(),0.0,0.0
33150,Center Drive,0.0,0.0,0.0,0,(),0.0,0.0
33155,Center Drive,0.0,0.0,0.0,0,(),0.0,0.0
33160,Center Drive,0.0,0.0,0.0,0,(),0.0,0.0
33165,Center Drive,0.0,0.0,0.0,0,(),0.0,0.0
33170,Center Drive,0.0,0.0,0.0,0,(),0.0,0.0
33175,Center Drive,0.0,0.0,0.0,0,(),0.0,0.0
33180,Center Drive,0.0,0.0,0.0,0,(),0.0,0.0
33185,Center Drive,0.0,0.0,0.0,0,(),0.0,0.0
33190,Center Drive,0.0,0.0,0.0,0,(),0.0,0.0
33195,Center Drive,0.0,0.0,0.0,0,(),0.0,0.0
33200,Center Drive,0.0,0.0,0.0,0,(),0.0,0.0
33205,Center Drive,0.0,0.0,0.0,0,(),0.0,0.0
33210,Center Drive,0.0,0.0,0.0,0,(),0.0,0.0
33215,Center Drive,0.0,0.0,0.0,0,(),0.0,0.0
33220,Center Drive,0.0,0.0,0.0,0,(),0.0,0.0
33225,Center Drive,0.0,0.0,0.0,0,(),0.0,0.0
33230,Center Drive,0.0,0.0,0.0,0,(),0.0,0.0
33235,Center Drive,0.0,0.0,0.0,0,(),0.0,0.0
33240,Center Drive,0.0,0.0,0.0,0,(),0.0,0.0
33245,Center Drive,0.0,0.0,0.0,0,(),0.0,0.0
33250,Center Drive,0.0,0.0,0.0,0,(),0.0,0.0
33255,Center Drive,0.0,0.0,0.0,0,(),0.0,0.0
33260,Center Drive,0.0,0.0,0.0,0,(),0.0,0.0
33265,Center Drive,0.0,0.0,0.0,0,(),0.0,0.0
33270,Center Drive,0.0,0.0,0.0,0,(),0.0,0.0
33275,Center Drive,0.0,0.0,0.0,0,(),0.0,0.0
33280,Center Drive,0.0,0.0,0.0,0,(),0.0,0.0
33285,Center Drive,0.0,0.0,0.0,0,(),0.0,0.0
33290,Center Drive,0.0,0.0,0.0,0,(),0.0,0.0
33295,Center Drive,0.0,0.0,0.0,0,(),0.0,0.0
33300,Center Drive,0.0,0.0,0.0,0,(),0.0,0.0
33305,Center Drive,0.0,0.0,0.0,0,(),0.0,0.0
33310,Center Drive,0.0,0.0,0.0,0,(),0.0,0.0
33315,Center Drive,0.0,0.0,0.0,0,(),0.0,0.0
33320,Center Drive,0.0,0.0,0.0,0,(),0.0,0.0
33325,Center Drive,0.0,0.0,0.0,0,(),0.0,0.0
33330,Center Drive,0.0,0.0,0.0,0,(),0.0,0.0
33335,Center Drive,0.0,0.0,0.0,0,(),0.0,0.0
33340,Center Drive,0.0,0.0,0.0,0,(),0.0,0.0
33345,Center Drive,0.0,0.0,0.0,0,(),0.0,0.0
33350,Center Drive,0.0,0.0,0.0,0,(),0.0,0.0
33355,Center Drive,0.0,0.0,0.0,0,(),0.0,0.0
33360,Center Drive,0.0,0.0,0.0,0,(),0.0,0.0
33365,Center Drive,0.0,0.0,0.0,0,(),0.0,0.0
33370,Center Drive,0.0,0.0,0.0,0,(),0.0,0.0
33375,Center Drive,0.0,0.0,0.0,0,(),0.0,0.0
33380,Center Drive,0.0,0.0,0.0,0,(),0.0,0.0
33385,Center Drive,0.0,0.0,0.0,0,(),0.0,0.0
33390,Center Drive,0.0,0.0,0.0,0,(),0.0,0.0
33395,Center Drive,0.0,0.0,0.0,0,(),0.0,0.0
33400,Center Drive,0.0,0.0,0.0,0,(),0.0,0.0
33405,Center Drive,0.0,0.0,0.0,0,(),0.0,0.0
33410,Center Drive,0.0,0.0,0.0,0,(),0.0,0.0
33415,Center Drive,0.0,0.0,0.0,0,(),0.0,0.0
33420,Center Drive,0.0,0.0,0.0,0,(),0.0,0.0
33425,Center Drive,0.0,0.0,0.0,0,(),0.0,0.0
33430,Center Drive,0.0,0.0,0.0,0,(),0.0,0.0
33435,Center Drive,0.0,0.0,0.0,0,(),0.0,0.0
33440,Center Drive,0.0,0.0,0.0,0,(),0.0,0.0
33445,Center Drive,0.0,0.0,0.0,0,(),0.0,0.0
33450,Center Drive,0.0,0.0,0.0,0,(),0.0,0.0
33455,Center Drive,0.0,0.0,0.0,0,(),0.0,0.0
33460,Center Drive,0.0,0.0,0.0,0,(),0.0,0.0
33465,Center Drive,0.0,0.0,0.0,0,(),0.0,0.0
33470,Center Drive,0.0,0.0,0.0,0,(),0.0,0.0
33475,Center Drive,0.0,0.0,0.0,0,(),0.0,0.0
33480,Center Drive,0.0,0.0,0.0,0,(),0.0,0.0
33485,Center Drive,0.0,0.0,0.0,0,(),0.0,0.0
33490,Center Drive,0.0,0.0,0.0,0,(),0.0,0.0
33495,Center Drive,0.0,0.0,0.0,0,(),0.0,0.0
33500,Center Drive,0.0,0.0,0.0,0,(),0.0,0.0
33505,Center Drive,0.0,0.0,0.0,0,(),0.0,0.0
33510,Center Drive,0.0,0.0,0.0,0,(),0.0,0.0
33515,Center Drive,0.0,0.0,0.0,0,(),0.0,0.0
33520,Center Drive,0.0,0.0,0.0,0,(),0.0,0.0
33525,Center Drive,0.0,0.0,0.0,0,(),0.0,0.0
33530,Center Drive,0.0,0.0,0.0,0,(),0.0,0.0
33535,Center Drive,0.0,0.0,0.0,0,(),0.0,0.0
33540,Center Drive,0.0,0.0,0.0,0,(),0.0,0.0
33545,Center Drive,0.0,0.0,0.0,0,(),0.0,0.0
33550,Center Drive,0.0,0.0,0.0,0,(),0.0,0.0
33555,Center Drive,0.0,0.0,0.0,0,(),0.0,0.0
33560,Center Drive,0.0,0.0,0.0,0,(),0.0,0.0
33565,Center Drive,0.0,0.0,0.0,0,(),0.0,0.0
33570,Center Drive,0.0,0.0,0.0,0,(),0.0,0.0
33575,Center Drive,0.0,0.0,0.0,0,(),0.0,0.0
33580,Center Drive,0.0,0.0,0.0,0,(),0.0,0.0
33585,Center Drive,0.0,0.0,0.0,0,(),0.0,0.0
33590,Center Drive,0.0,0.0,0.0,0,(),0.0,0.0
33595,Center Drive,0.0,0.0,0.0,0,(),0.0,0.0
33600,Center Drive,0.0,0.0,0.0,0,(),0.0,0.0
33605,Center Drive,0.0,0.0,0.0,0,(),0.0,0.0
33610,Center Drive,0.0,0.0,0.0,0,(),0.0,0.0
33615,Center Drive,0.0,0.0,0.0,0,(),0.0,0.0
33620,Center Drive,0.0,0.0,0.0,0,(),0.0,0.0
33625,Center Drive,0.0,0.0,0.0,0,(),0.0,0.0
33630,Center Drive,0.0,0.0,0.0,0,(),0.0,0.0
33635,Center Drive,0.0,0.0,0.0,0,(),0.0,0.0
33640,Center Drive,0.0,0.0,0.0,0,(),0.0,0.0
33645,Center Drive,0.0,0.0,0.0,0,(),0.0,0.0
33650,Center Drive,0.0,0.0,0.0,0,(),0.0,0.0
33655,Center Drive,0.0,0.0,0.0,0,(),0.0,0.0
33660,Center Drive,0.0,0.0,0.0,0,(),0.0,0.0
33665,Center Drive,0.0,0.0,0.0,0,(),0.0,0.0
33670,Center Drive,0.0,0.0,0.0,0,(),0.0,0.0
33675,Center Drive,0.0,0.0,0.0,0,(),0.0,0.0
33680,Center Drive,0.0,0.0,0.0,0,(),0.0,0.0
33685,Center Drive,0.0,0.0,0.0,0,(),0.0,0.0
33690,Center Drive,0.0,0.0,0.0,0,(),0.0,0.0
33695,Center Drive,0.0,0.0,0.0,0,(),0.0,0.0
33700,Center Drive,0.0,0.0,0.0,0,(),0.0,0.0
33705,Center Drive,0.0,0.0,0.0,0,(),0.0,0.0
33710,Center Drive,0.0,0.0,0.0,0,(),0.0,0.0
33715,Center Drive,0.0,0.0,0.0,0,(),0.0,0.0
33720,Center Drive,0.0,0.0,0.0,0,(),0.0,0.0
33725,Center Drive,0.0,0.0,0.0,0,(),0.0,0.0
33730,Center Drive,0.0,0.0,0.0,0,(),0.0,0.0
33735,Center Drive,0.0,0.0,0.0,0,(),0.0,0.0
33740,Center Drive,0.0,0.0,0.0,0,(),0.0,0.0
33745,Center Drive,0.0,0.0,0.0,0,(),0.0,0.0
33750,Center Drive,0.0,0.0,0.0,0,(),0.0,0.0
33755,Center Drive,0.0,0.0,0.0,0,(),0.0,0.0
33760,Center Drive,0.0,0.0,0.0,0,(),0.0,0.0
33765,Center Drive,0.0,0.0,0.0,0,(),0.0,0.0
33770,Center Drive,0.0,0.0,0.0,0,(),0.0,0.0
33775,Center Drive,0.0,0.0,0.0,0,(),0.0,0.0
33780,Center Drive,0.0,0.0,0.0,0,(),0.0,0.0
33785,Center Drive,0.0,0.0,0.0,0,(),0.0,0.0
33790,Center Drive,0.0,0.0,0.0,0,(),0.0,0.0
33795,Center Drive,0.0,0.0,0.0,0,(),0.0,0.0
33800,Center Drive,0.0,0.0,0.0,0,(),0.0,0.0
33805,Center Drive,0.0,0.0,0.0,0,(),0.0,0.0
33810,Center Drive,0.0,0.0,0.0,0,(),0.0,0.0
33815,Center Drive,0.0,0.0,0.0,0,(),0.0,0.0
33820,Center Drive,0.0,0.0,0.0,0,(),0.0,0.0
33825,Center Drive,0.0,0.0,0.0,0,(),0.0,0.0
33830,Center Drive,0.0,0.0,0.0,0,(),0.0,0.0
33835,Center Drive,0.0,0.0,0.0,0,(),0.0,0.0
33840,Center Drive,0.0,0.0,0.0,0,(),0.0,0.0
33845,Center Drive,0.0,0.0,0.0,0,(),0.0,0.0
33850,Center Drive,0.0,0.0,0.0,0,(),0.0,0.0
33855,Center Drive,0.0,0.0,0.0,0,(),0.0,0.0
33860,Center Drive,0.0,0.0,0.0,0,(),0.0,0.0
33865,Center Drive,0.0,0.0,0.0,0,(),0.0,0.0
33870,Center Drive,0.0,0.0,0.0,0,(),0.0,0.0
33875,Center Drive,0.0,0.0,0.0,0,(),0.0,0.0
33880,Center Drive,0.0,0.0,0.0,0,(),0.0,0.0
33885,Center Drive,0.0,0.0,0.0,0,(),0.0,0.0
33890,Center Drive,0.0,0.0,0.0,0,(),0.0,0.0
33895,Center Drive,0.0,0.0,0.0,0,(),0.0,0.0
33900,Center Drive,0.0,0.0,0.0,0,(),0.0,0.0
33905,Center Drive,0.0,0.0,0.0,0,(),0.0,0.0
33910,Center Drive,0.0,0.0,0.0,0,(),0.0,0.0
33915,Center Drive,0.0,0.0,0.0,0,(),0.0,0.0
33920,Center Drive,0.0,0.0,0.0,0,(),0.0,0.0
33925,Center Drive,0.0,0.0,0.0,0,(),0.0,0.0
33930,Center Drive,0.0,0.0,0.0,0,(),0.0,0.0
33935,Center Drive,0.0,0.0,0.0,0,(),0.0,0.0
33940,Center Drive,0.0,0.0,0.0,0,(),0.0,0.0
33945,Center Drive,0.0,0.0,0.0,0,(),0.0,0.0
33950,Center Drive,0.0,0.0,0.0,0,(),0.0,0.0
33955,Center Drive,0.0,0.0,0.0,0,(),0.0,0.0
33960,Center Drive,0.0,0.0,0.0,0,(),0.0,0.0
33965,Center Drive,0.0,0.0,0.0,0,(),0.0,0.0
33970,Center Drive,0.0,0.0,0.0,0,(),0.0,0.0
33975,Center Drive,0.0,0.0,0.0,0,(),0.0,0.0
33980,Center Drive,0.0,0.0,0.0,0,(),0.0,0.0
33985,Center Drive,0.0,0.0,0.0,0,(),0.0,0.0
33990,Center Drive,0.0,0.0,0.0,0,(),0.0,0.0
33995,Center Drive,0.0,0.0,0.0,0,(),0.0,0.0
34000,Center Drive,0.0,0.0,0.0,0,(),0.0,0.0
34005,Center Drive,0.0,0.0,0.0,0,(),0.0,0.0
34010,Center Drive,0.0,0.0,0.0,0,(),0.0,0.0
34015,Center Drive,0.0,0.0,0.0,0,(),0.0,0.0
34020,Center Drive,0.0,0.0,0.0,0,(),0.0,0.0
34025,Center Drive,0.0,0.0,0.0,0,(),0.0,0.0
34030,Center Drive,0.0,0.0,0.0,0,(),0.0,0.0
34035,Center Drive,0.0,0.0,0.0,0,(),0.0,0.0
34040,Center Drive,0.0,0.0,0.0,0,(),0.0,0.0
34045,Center Drive,0.0,0.0,0.0,0,(),0.0,0.0
34050,Center Drive,0.0,0.0,0.0,0,(),0.0,0.0
34055,Center Drive,0.0,0.0,0.0,0,(),0.0,0.0
34060,Center Drive,0.0,0.0,0.0,0,(),0.0,0.0
34065,Center Drive,0.0,0.0,0.0,0,(),0.0,0.0
34070,Center Drive,0.0,0.0,0.0,0,(),0.0,0.0
34075,Center Drive,0.0,0.0,0.0,0,(),0.0,0.0
34080,Center Drive,0.0,0.0,0.0,0,(),0.0,0.0
34085,Center Drive,0.0,0.0,0.0,0,(),0.0,0.0
34090,Center Drive,0.0,0.0,0.0,0,(),0.0,0.0
34095,Center Drive,0.0,0.0,0.0,0,(),0.0,0.0
34100,Center Drive,0.0,0.0,0.0,0,(),0.0,0.0
34105,Center Drive,0.0,0.0,0.0,0,(),0.0,0.0
34110,Center Drive,0.0,0.0,0.0,0,(),0.0,0.0
34115,Center Drive,0.0,0.0,0.0,0,(),0.0,0.0
34120,Center Drive,0.0,0.0,0.0,0,(),0.0,0.0
34125,Center Drive,0.0,0.0,0.0,0,(),0.0,0.0
34130,Center Drive,0.0,0.0,0.0,0,(),0.0,0.0
34135,Center Drive,0.0,0.0,0.0,0,(),0.0,0.0
34140,Center Drive,0.0,0.0,0.0,0,(),0.0,0.0
34145,Center Drive,0.0,0.0,0.0,0,(),0.0,0.0
34150,Center Drive,0.0,0.0,0.0,0,(),0.0,0.0
34155,Center Drive,0.0,0.0,0.0,0,(),0.0,0.0
34160,Center Drive,0.0,0.0,0.0,0,(),0.0,0.0
34165,Center Drive,0.0,0.0,0.0,0,(),0.0,0.0
34170,Center Drive,0.0,0.0,0.0,0,(),0.0,0.0
34175,Center Drive,0.0,0.0,0.0,0,(),0.0,0.0
34180,Center Drive,0.0,0.0,0.0,0,(),0.0,0.0
34185,Center Drive,0.0,0.0,0.0,0,(),0.0,0.0
34190,Center Drive,0.0,0.0,0.0,0,(),0.0,0.0
34195,Center Drive,0.0,0.0,0.0,0,(),0.0,0.0
34200,Center Drive,0.0,0.0,0.0,0,(),0.0,0.0
34205,Center Drive,0.0,0.0,0.0,0,(),0.0,0.0
34210,Center Drive,0.0,0.0,0.0,0,(),0.0,0.0
34215,Center Drive,0.0,0.0,0.0,0,(),0.0,0.0
34220,Center Drive,0.0,0.0,0.0,0,(),0.0,0.0
34225,Center Drive,0.0,0.0,0.0,0,(),0.0,0.0
34230,Center Drive,0.0,0.0,0.0,0,(),0.0,0.0
34235,Center Drive,0.0,0.0,0.0,0,(),0.0,0.0
34240,Center Drive,0.0,0.0,0.0,0,(),0.0,0.0
34245,Center Drive,0.0,0.0,0.0,0,(),0.0,0.0
34250,Center Drive,0.0,0.0,0.0,0,(),0.0,0.0
34255,Center Drive,0.0,0.0,0.0,0,(),0.0,0.0
34260,Center Drive,0.0,0.0,0.0,0,(),0.0,0.0
34265,Center Drive,0.0,0.0,0.0,0,(),0.0,0.0
34270,Center Drive,0.0,0.0,0.0,0,(),0.0,0.0
34275,Center Drive,0.0,0.0,0.0,0,(),0.0,0.0
34280,Center Drive,0.0,0.0,0.0,0,(),0.0,0.0
34285,Center Drive,0.0,0.0,0.0,0,(),0.0,0.0
34290,Center Drive,0.0,0.0,0.0,0,(),0.0,0.0
34295,Center Drive,0.0,0.0,0.0,0,(),0.0,0.0
34300,Center Drive,0.0,0.0,0.0,0,(),0.0,0.0
34305,Center Drive,0.0,0.0,0.0,0,(),0.0,0.0
34310,Center Drive,0.0,0.0,0.0,0,(),0.0,0.0
34315,Center Drive,0.0,0.0,0.0,0,(),0.0,0.0
34320,Center Drive,0.0,0.0,0.0,0,(),0.0,0.0
34325,Center Drive,0.0,0.0,0.0,0,(),0.0,0.0
34330,Center Drive,0.0,0.0,0.0,0,(),0.0,0.0
34335,Center Drive,0.0,0.0,0.0,0,(),0.0,0.0
34340,Center Drive,0.0,0.0,0.0,0,(),0.0,0.0
34345,Center Drive,0.0,0.0,0.0,0,(),0.0,0.0
34350,Center Drive,0.0,0.0,0.0,0,(),0.0,0.0
34355,Center Drive,0.0,0.0,0.0,0,(),0.0,0.0
34360,Center Drive,0.0,0.0,0.0,0,(),0.0,0.0
34365,Center Drive,0.0,0.0,0.0,0,(),0.0,0.0
34370,Center Drive,0.0,0.0,0.0,0,(),0.0,0.0
34375,Center Drive,0.0,0.0,0.0,0,(),0.0,0.0
34380,Center Drive,0.0,0.0,0.0,0,(),0.0,0.0
34385,Center Drive,0.0,0.0,0.0,0,(),0.0,0.0
34390,Center Drive,0.0,0.0,0.0,0,(),0.0,0.0
34395,Center Drive,0.0,0.0,0.0,0,(),0.0,0.0
34400,Center Drive,0.0,0.0,0.0,0,(),0.0,0.0
34405,Center Drive,0.0,0.0,0.0,0,(),0.0,0.0
34410,Center Drive,0.0,0.0,0.0,0,(),0.0,0.0
34415,Center Drive,0.0,0.0,0.0,0,(),0.0,0.0
34420,Center Drive,0.0,0.0,0.0,0,(),0.0,0.0
34425,Center Drive,0.0,0.0,0.0,0,(),0.0,0.0
34430,Center Drive,0.0,0.0,0.0,0,(),0.0,0.0
34435,Center Drive,0.0,0.0,0.0,0,(),0.0,0.0
34440,Center Drive,0.0,0.0,0.0,0,(),0.0,0.0
34445,Center Drive,0.0,0.0,0.0,0,(),0.0,0.0
34450,Center Drive,0.0,0.0,0.0,0,(),0.0,0.0
34455,Center Drive,0.0,0.0,0.0,0,(),0.0,0.0
34460,Center Drive,0.0,0.0,0.0,0,(),0.0,0.0
34465,Center Drive,0.0,0.0,0.0,0,(),0.0,0.0
34470,Center Drive,0.0,0.0,0.0,0,(),0.0,0.0
34475,Center Drive,0.0,0.0,0.0,0,(),0.0,0.0
34480,Center Drive,0.0,0.0,0.0,0,(),0.0,0.0
34485,Center Drive,0.0,0.0,0.0,0,(),0.0,0.0
34490,Center Drive,0.0,0.0,0.0,0,(),0.0,0.0
34495,Center Drive,0.0,0.0,0.0,0,(),0.0,0.0
34500,Center Drive,0.0,0.0,0.0,0,(),0.0,0.0
34505,Center Drive,0.0,0.0,0.0,0,(),0.0,0.0
34510,Center Drive,0.0,0.0,0.0,0,(),0.0,0.0
34515,Center Drive,0.0,0.0,0.0,0,(),0.0,0.0
34520,Center Drive,0.0,0.0,0.0,0,(),0.0,0.0
34525,Center Drive,0.0,0.0,0.0,0,(),0.0,0.0
34530,Center Drive,0.0,0.0,0.0,0,(),0.0,0.0
34535,Center Drive,0.0,0.0,0.0,0,(),0.0,0.0
34540,Center Drive,0.0,0.0,0.0,0,(),0.0,0.0
34545,Center Drive,0.0,0.0,0.0,0,(),0.0,0.0
34550,Center Drive,0.0,0.0,0.0,0,(),0.0,0.0
34555,Center Drive,0.0,0.0,0.0,0,(),0.0,0.0
34560,Center Drive,0.0,0.0,0.0,0,(),0.0,0.0
34565,Center Drive,0.0,0.0,0.0,0,(),0.0,0.0
34570,Center Drive,0.0,0.0,0.0,0,(),0.0,0.0
34575,Center Drive,0.0,0.0,0.0,0,(),0.0,0.0
34580,Center Drive,0.0,0.0,0.0,0,(),0.0,0.0
34585,Center Drive,0.0,0.0,0.0,0,(),0.0,0.0
34590,Center Drive,0.0,0.0,0.0,0,(),0.0,0.0
34595,Center Drive,0.0,0.0,0.0,0,(),0.0,0.0
34600,Center Drive,0.0,0.0,0.0,0,(),0.0,0.0
34605,Center Drive,0.0,0.0,0.0,0,(),0.0,0.0
34610,Center Drive,0.0,0.0,0.0,0,(),0.0,0.0
34615,Center Drive,0.0,0.0,0.0,0,(),0.0,0.0
34620,Center Drive,0.0,0.0,0.0,0,(),0.0,0.0
34625,Center Drive,0.0,0.0,0.0,0,(),0.0,0.0
34630,Center Drive,0.0,0.0,0.0,0,(),0.0,0.0
34635,Center Drive,0.0,0.0,0.0,0,(),0.0,0.0
34640,Center Drive,0.0,0.0,0.0,0,(),0.0,0.0
34645,Center Drive,0.0,0.0,0.0,0,(),0.0,0.0
34650,Center Drive,0.0,0.0,0.0,0,(),0.0,0.0
34655,Center Drive,0.0,0.0,0.0,0,(),0.0,0.0
34660,Center Drive,0.0,0.0,0.0,0,(),0.0,0.0
34665,Center Drive,0.0,0.0,0.0,0,(),0.0,0.0
34670,Center Drive,0.0,0.0,0.0,0,(),0.0,0.0
34675,Center Drive,0.0,0.0,0.0,0,(),0.0,0.0
34680,Center Drive,0.0,0.0,0.0,0,(),0.0,0.0
34685,Center Drive,0.0,0.0,0.0,0,(),0.0,0.0
34690,Center Drive,0.0,0.0,0.0,0,(),0.0,0.0
34695,Center Drive,0.0,0.0,0.0,0,(),0.0,0.0
34700,Center Drive,0.0,0.0,0.0,0,(),0.0,0.0
34705,Center Drive,0.0,0.0,0.0,0,(),0.0,0.0
34710,Center Drive,0.0,0.0,0.0,0,(),0.0,0.0
34715,Center Drive,0.0,0.0,0.0,0,(),0.0,0.0
34720,Center Drive,0.0,0.0,0.0,0,(),0.0,0.0
34725,Center Drive,0.0,0.0,0.0,0,(),0.0,0.0
34730,Center Drive,0.0,0.0,0.0,0,(),0.0,0.0
34735,Center Drive,0.0,0.0,0.0,0,(),0.0,0.0
34740,Center Drive,0.0,0.0,0.0,0,(),0.0,0.0
34745,Center Drive,0.0,0.0,0.0,0,(),0.0,0.0
34750,Center Drive,0.0,0.0,0.0,0,(),0.0,0.0
34755,Center Drive,0.0,0.0,0.0,0,(),0.0,0.0
34760,Center Drive,0.0,0.0,0.0,0,(),0.0,0.0
34765,Center Drive,0.0,0.0,0.0,0,(),0.0,0.0
34770,Center Drive,0.0,0.0,0.0,0,(),0.0,0.0
34775,Center Drive,0.0,0.0,0.0,0,(),0.0,0.0
34780,Center Drive,0.0,0.0,0.0,0,(),0.0,0.0
34785,Center Drive,0.0,0.0,0.0,0,(),0.0,0.0
34790,Center Drive,0.0,0.0,0.0,0,(),0.0,0.0
34795,Center Drive,0.0,0.0,0.0,0,(),0.0,0.0
34800,Center Drive,0.0,0.0,0.0,0,(),0.0,0.0
34805,Center Drive,0.0,0.0,0.0,0,(),0.0,0.0
34810,Center Drive,0.0,0.0,0.0,0,(),0.0,0.0
34815,Center Drive,0.0,0.0,0.0,0,(),0.0,0.0
34820,Center Drive,0.0,0.0,0.0,0,(),0.0,0.0
34825,Center Drive,0.0,0.0,0.0,0,(),0.0,0.0
34830,Center Drive,0.0,0.0,0.0,0,(),0.0,0.0
34835,Center Drive,0.0,0.0,0.0,0,(),0.0,0.0
34840,Center Drive,0.0,0.0,0.0,0,(),0.0,0.0
34845,Center Drive,0.0,0.0,0.0,0,(),0.0,0.0
34850,Center Drive,0.0,0.0,0.0,0,(),0.0,0.0
34855,Center Drive,0.0,0.0,0.0,0,(),0.0,0.0
34860,Center Drive,0.0,0.0,0.0,0,(),0.0,0.0
34865,Center Drive,0.0,0.0,0.0,0,(),0.0,0.0
34870,Center Drive,0.0,0.0,0.0,0,(),0.0,0.0
34875,Center Drive,0.0,0.0,0.0,0,(),0.0,0.0
34880,Center Drive,0.0,0.0,0.0,0,(),0.0,0.0
34885,Center Drive,0.0,0.0,0.0,0,(),0.0,0.0
34890,Center Drive,0.0,0.0,0.0,0,(),0.0,0.0
34895,Center Drive,0.0,0.0,0.0,0,(),0.0,0.0
34900,Center Drive,0.0,0.0,0.0,0,(),0.0,0.0
34905,Center Drive,0.0,0.0,0.0,0,(),0.0,0.0
34910,Center Drive,0.0,0.0,0.0,0,(),0.0,0.0
34915,Center Drive,0.0,0.0,0.0,0,(),0.0,0.0
34920,Center Drive,0.0,0.0,0.0,0,(),0.0,0.0
34925,Center Drive,0.0,0.0,0.0,0,(),0.0,0.0
34930,Center Drive,0.0,0.0,0.0,0,(),0.0,0.0
34935,Center Drive,0.0,0.0,0.0,0,(),0.0,0.0
34940,Center Drive,0.0,0.0,0.0,0,(),0.0,0.0
34945,Center Drive,0.0,0.0,0.0,0,(),0.0,0.0
34950,Center Drive,0.0,0.0,0.0,0,(),0.0,0.0
34955,Center Drive,0.0,0.0,0.0,0,(),0.0,0.0
34960,Center Drive,0.0,0.0,0.0,0,(),0.0,0.0
34965,Center Drive,0.0,0.0,0.0,0,(),0.0,0.0
34970,Center Drive,0.0,0.0,0.0,0,(),0.0,0.0
34975,Center Drive,0.0,0.0,0.0,0,(),0.0,0.0
34980,Center Drive,0.0,0.0,0.0,0,(),0.0,0.0
34985,Center Drive,0.0,0.0,0.0,0,(),0.0,0.0
34990,Center Drive,0.0,0.0,0.0,0,(),0.0,0.0
34995,Center Drive,0.0,0.0,0.0,0,(),0.0,0.0
35000,Center Drive,0.0,0.0,0.0,0,(),0.0,0.0
35005,Center Drive,0.0,0.0,0.0,0,(),0.0,0.0
35010,Center Drive,0.0,0.0,0.0,0,(),0.0,0.0
35015,Center Drive,0.0,0.0,0.0,0,(),0.0,0.0
35020,Center Drive,0.0,0.0,0.0,0,(),0.0,0.0
35025,Center Drive,0.0,0.0,0.0,0,(),0.0,0.0
35030,Center Drive,0.0,0.0,0.0,0,(),0.0,0.0
35035,Center Drive,0.0,0.0,0.0,0,(),0.0,0.0
35040,Center Drive,0.0,0.0,0.0,0,(),0.0,0.0
35045,Center Drive,0.0,0.0,0.0,0,(),0.0,0.0
35050,Center Drive,0.0,0.0,0.0,0,(),0.0,0.0
35055,Center Drive,0.0,0.0,0.0,0,(),0.0,0.0
35060,Center Drive,0.0,0.0,0.0,0,(),0.0,0.0
35065,Center Drive,0.0,0.0,0.0,0,(),0.0,0.0
35070,Center Drive,0.0,0.0,0.0,0,(),0.0,0.0
35075,Center Drive,0.0,0.0,0.0,0,(),0.0,0.0
35080,Center Drive,0.0,0.0,0.0,0,(),0.0,0.0
35085,Center Drive,0.0,0.0,0.0,0,(),0.0,0.0
35090,Center Drive,0.0,0.0,0.0,0,(),0.0,0.0
35095,Center Drive,0.0,0.0,0.0,0,(),0.0,0.0
35100,Center Drive,0.0,0.0,0.0,0,(),0.0,0.0
35105,Center Drive,0.0,0.0,0.0,0,(),0.0,0.0
35110,Center Drive,0.0,0.0,0.0,0,(),0.0,0.0
35115,Center Drive,0.0,0.0,0.0,0,(),0.0,0.0
35120,Center Drive,0.0,0.0,0.0,0,(),0.0,0.0
35125,Center Drive,0.0,0.0,0.0,0,(),0.0,0.0
35130,Center Drive,0.0,0.0,0.0,0,(),0.0,0.0
35135,Center Drive,0.0,0.0,0.0,0,(),0.0,0.0
35140,Center Drive,0.0,0.0,0.0,0,(),0.0,0.0
35145,Center Drive,0.0,0.0,0.0,0,(),0.0,0.0
35150,Center Drive,0.0,0.0,0.0,0,(),0.0,0.0
35155,Center Drive,0.0,0.0,0.0,0,(),0.0,0.0
35160,Center Drive,0.0,0.0,0.0,0,(),0.0,0.0
35165,Center Drive,0.0,0.0,0.0,0,(),0.0,0.0
35170,Center Drive,0.0,0.0,0.0,0,(),0.0,0.0
35175,Center Drive,0.0,0.0,0.0,0,(),0.0,0.0
35180,Center Drive,0.0,0.0,0.0,0,(),0.0,0.0
35185,Center Drive,0.0,0.0,0.0,0,(),0.0,0.0
35190,Center Drive,0.0,0.0,0.0,0,(),0.0,0.0
35195,Center Drive,0.0,0.0,0.0,0,(),0.0,0.0
35200,Center Drive,0.0,0.0,0.0,0,(),0.0,0.0
35205,Center Drive,0.0,0.0,0.0,0,(),0.0,0.0
35210,Center Drive,0.0,0.0,0.0,0,(),0.0,0.0
35215,Center Drive,0.0,0.0,0.0,0,(),0.0,0.0
35220,Center Drive,0.0,0.0,0.0,0,(),0.0,0.0
35225,Center Drive,0.0,0.0,0.0,0,(),0.0,0.0
35230,Center Drive,0.0,0.0,0.0,0,(),0.0,0.0
35235,Center Drive,0.0,0.0,0.0,0,(),0.0,0.0
35240,Center Drive,0.0,0.0,0.0,0,(),0.0,0.0
35245,Center Drive,0.0,0.0,0.0,0,(),0.0,0.0
35250,Center Drive,0.0,0.0,0.0,0,(),0.0,0.0
35255,Center Drive,0.0,0.0,0.0,0,(),0.0,0.0
35260,Center Drive,0.0,0.0,0.0,0,(),0.0,0.0
35265,Center Drive,0.0,0.0,0.0,0,(),0.0,0.0
35270,Center Drive,0.0,0.0,0.0,0,(),0.0,0.0
35275,Center Drive,0.0,0.0,0.0,0,(),0.0,0.0
35280,Center Drive,0.0,0.0,0.0,0,(),0.0,0.0
35285,Center Drive,0.0,0.0,0.0,0,(),0.0,0.0
35290,Center Drive,0.0,0.0,0.0,0,(),0.0,0.0
35295,Center Drive,0.0,0.0,0.0,0,(),0.0,0.0
35300,Center Drive,0.0,0.0,0.0,0,(),0.0,0.0
35305,Center Drive,0.0,0.0,0.0,0,(),0.0,0.0
35310,Center Drive,0.0,0.0,0.0,0,(),0.0,0.0
35315,Center Drive,0.0,0.0,0.0,0,(),0.0,0.0
35320,Center Drive,0.0,0.0,0.0,0,(),0.0,0.0
35325,Center Drive,0.0,0.0,0.0,0,(),0.0,0.0
35330,Center Drive,0.0,0.0,0.0,0,(),0.0,0.0
35335,Center Drive,0.0,0.0,0.0,0,(),0.0,0.0
35340,Center Drive,0.0,0.0,0.0,0,(),0.0,0.0
35345,Center Drive,0.0,0.0,0.0,0,(),0.0,0.0
35350,Center Drive,0.0,0.0,0.0,0,(),0.0,0.0
35355,Center Drive,0.0,0.0,0.0,0,(),0.0,0.0
35360,Center Drive,0.0,0.0,0.0,0,(),0.0,0.0
35365,Center Drive,0.0,0.0,0.0,0,(),0.0,0.0
35370,Center Drive,0.0,0.0,0.0,0,(),0.0,0.0
35375,Center Drive,0.0,0.0,0.0,0,(),0.0,0.0
35380,Center Drive,0.0,0.0,0.0,0,(),0.0,0.0
35385,Center Drive,0.0,0.0,0.0,0,(),0.0,0.0
35390,Center Drive,0.0,0.0,0.0,0,(),0.0,0.0
35395,Center Drive,0.0,0.0,0.0,0,(),0.0,0.0
35400,Center Drive,0.0,0.0,0.0,0,(),0.0,0.0
35405,Center Drive,0.0,0.0,0.0,0,(),0.0,0.0
35410,Center Drive,0.0,0.0,0.0,0,(),0.0,0.0
35415,Center Drive,0.0,0.0,0.0,0,(),0.0,0.0
35420,Center Drive,0.0,0.0,0.0,0,(),0.0,0.0
35425,Center Drive,0.0,0.0,0.0,0,(),0.0,0.0
35430,Center Drive,0.0,0.0,0.0,0,(),0.0,0.0
35435,Center Drive,0.0,0.0,0.0,0,(),0.0,0.0
35440,Center Drive,0.0,0.0,0.0,0,(),0.0,0.0
35445,Center Drive,0.0,0.0,0.0,0,(),0.0,0.0
35450,Center Drive,0.0,0.0,0.0,0,(),0.0,0.0
35455,Center Drive,0.0,0.0,0.0,0,(),0.0,0.0
35460,Center Drive,0.0,0.0,0.0,0,(),0.0,0.0
35465,Center Drive,0.0,0.0,0.0,0,(),0.0,0.0
35470,Center Drive,0.0,0.0,0.0,0,(),0.0,0.0
35475,Center Drive,0.0,0.0,0.0,0,(),0.0,0.0
35480,Center Drive,0.0,0.0,0.0,0,(),0.0,0.0
35485,Center Drive,0.0,0.0,0.0,0,(),0.0,0.0
35490,Center Drive,0.0,0.0,0.0,0,(),0.0,0.0
35495,Center Drive,0.0,0.0,0.0,0,(),0.0,0.0
35500,Center Drive,0.0,0.0,0.0,0,(),0.0,0.0
35505,Center Drive,0.0,0.0,0.0,0,(),0.0,0.0
35510,Center Drive,0.0,0.0,0.0,0,(),0.0,0.0
35515,Center Drive,0.0,0.0,0.0,0,(),0.0,0.0
35520,Center Drive,0.0,0.0,0.0,0,(),0.0,0.0
35525,Center Drive,0.0,0.0,0.0,0,(),0.0,0.0
35530,Center Drive,0.0,0.0,0.0,0,(),0.0,0.0
35535,Center Drive,0.0,0.0,0.0,0,(),0.0,0.0
35540,Center Drive,0.0,0.0,0.0,0,(),0.0,0.0
35545,Center Drive,0.0,0.0,0.0,0,(),0.0,0.0
35550,Center Drive,0.0,0.0,0.0,0,(),0.0,0.0
35555,Center Drive,0.0,0.0,0.0,0,(),0.0,0.0
35560,Center Drive,0.0,0.0,0.0,0,(),0.0,0.0
35565,Center Drive,0.0,0.0,0.0,0,(),0.0,0.0
35570,Center Drive,0.0,0.0,0.0,0,(),0.0,0.0
35575,Center Drive,0.0,0.0,0.0,0,(),0.0,0.0
35580,Center Drive,0.0,0.0,0.0,0,(),0.0,0.0
35585,Center Drive,0.0,0.0,0.0,0,(),0.0,0.0
35590,Center Drive,0.0,0.0,0.0,0,(),0.0,0.0
35595,Center Drive,0.0,0.0,0.0,0,(),0.0,0.0
35600,Center Drive,0.0,0.0,0.0,0,(),0.0,0.0
35605,Center Drive,0.0,0.0,0.0,0,(),0.0,0.0
35610,Center Drive,0.0,0.0,0.0,0,(),0.0,0.0
35615,Center Drive,0.0,0.0,0.0,0,(),0.0,0.0
35620,Center Drive,0.0,0.0,0.0,0,(),0.0,0.0
35625,Center Drive,0.0,0.0,0.0,0,(),0.0,0.0
35630,Center Drive,0.0,0.0,0.0,0,(),0.0,0.0
35635,Center Drive,0.0,0.0,0.0,0,(),0.0,0.0
35640,Center Drive,0.0,0.0,0.0,0,(),0.0,0.0
35645,Center Drive,0.0,0.0,0.0,0,(),0.0,0.0
35650,Center Drive,0.0,0.0,0.0,0,(),0.0,0.0
35655,Center Drive,0.0,0.0,0.0,0,(),0.0,0.0
35660,Center Drive,0.0,0.0,0.0,0,(),0.0,0.0
35665,Center Drive,0.0,0.0,0.0,0,(),0.0,0.0
35670,Center Drive,0.0,0.0,0.0,0,(),0.0,0.0
35675,Center Drive,0.0,0.0,0.0,0,(),0.0,0.0
35680,Center Drive,0.0,0.0,0.0,0,(),0.0,0.0
35685,Center Drive,0.0,0.0,0.0,0,(),0.0,0.0
35690,Center Drive,0.0,0.0,0.0,0,(),0.0,0.0
35695,Center Drive,0.0,0.0,0.0,0,(),0.0,0.0
35700,Center Drive,0.0,0.0,0.0,0,(),0.0,0.0
35705,Center Drive,0.0,0.0,0.0,0,(),0.0,0.0
35710,Center Drive,0.0,0.0,0.0,0,(),0.0,0.0
35715,Center Drive,0.0,0.0,0.0,0,(),0.0,0.0
35720,Center Drive,0.0,0.0,0.0,0,(),0.0,0.0
35725,Center Drive,0.0,0.0,0.0,0,(),0.0,0.0
35730,Center Drive,0.0,0.0,0.0,0,(),0.0,0.0
35735,Center Drive,0.0,0.0,0.0,0,(),0.0,0.0
35740,Center Drive,0.0,0.0,0.0,0,(),0.0,0.0
35745,Center Drive,0.0,0.0,0.0,0,(),0.0,0.0
35750,Center Drive,0.0,0.0,0.0,0,(),0.0,0.0
35755,Center Drive,0.0,0.0,0.0,0,(),0.0,0.0
35760,Center Drive,0.0,0.0,0.0,0,(),0.0,0.0
35765,Center Drive,0.0,0.0,0.0,0,(),0.0,0.0
35770,Center Drive,0.0,0.0,0.0,0,(),0.0,0.0
35775,Center Drive,0.0,0.0,0.0,0,(),0.0,0.0
35780,Center Drive,0.0,0.0,0.0,0,(),0.0,0.0
35785,Center Drive,0.0,0.0,0.0,0,(),0.0,0.0
35790,Center Drive,0.0,0.0,0.0,0,(),0.0,0.0
35795,Center Drive,0.0,0.0,0.0,0,(),0.0,0.0
35800,Center Drive,0.0,0.0,0.0,0,(),0.0,0.0
35805,Center Drive,0.0,0.0,0.0,0,(),0.0,0.0
35810,Center Drive,0.0,0.0,0.0,0,(),0.0,0.0
35815,Center Drive,0.0,0.0,0.0,0,(),0.0,0.0
35820,Center Drive,0.0,0.0,0.0,0,(),0.0,0.0
35825,Center Drive,0.0,0.0,0.0,0,(),0.0,0.0
35830,Center Drive,0.0,0.0,0.0,0,(),0.0,0.0
35835,Center Drive,0.0,0.0,0.0,0,(),0.0,0.0
35840,Center Drive,0.0,0.0,0.0,0,(),0.0,0.0
35845,Center Drive,0.0,0.0,0.0,0,(),0.0,0.0
35850,Center Drive,0.0,0.0,0.0,0,(),0.0,0.0
35855,Center Drive,0.0,0.0,0.0,0,(),0.0,0.0
35860,Center Drive,0.0,0.0,0.0,0,(),0.0,0.0
35865,Center Drive,0.0,0.0,0.0,0,(),0.0,0.0
35870,Center Drive,0.0,0.0,0.0,0,(),0.0,0.0
35875,Center Drive,0.0,0.0,0.0,0,(),0.0,0.0
35880,Center Drive,0.0,0.0,0.0,0,(),0.0,0.0
35885,Center Drive,0.0,0.0,0.0,0,(),0.0,0.0
35890,Center Drive,0.0,0.0,0.0,0,(),0.0,0.0
35895,Center Drive,0.0,0.0,0.0,0,(),0.0,0.0
35900,Center Drive,0.0,0.0,0.0,0,(),0.0,0.0
35905,Center Drive,0.0,0.0,0.0,0,(),0.0,0.0
35910,Center Drive,0.0,0.0,0.0,0,(),0.0,0.0
35915,Center Drive,0.0,0.0,0.0,0,(),0.0,0.0
35920,Center Drive,0.0,0.0,0.0,0,(),0.0,0.0
35925,Center Drive,0.0,0.0,0.0,0,(),0.0,0.0
35930,Center Drive,0.0,0.0,0.0,0,(),0.0,0.0
35935,Center Drive,0.0,0.0,0.0,0,(),0.0,0.0
35940,Center Drive,0.0,0.0,0.0,0,(),0.0,0.0
35945,Center Drive,0.0,0.0,0.0,0,(),0.0,0.0
35950,Center Drive,0.0,0.0,0.0,0,(),0.0,0.0
35955,Center Drive,0.0,0.0,0.0,0,(),0.0,0.0
35960,Center Drive,0.0,0.0,0.0,0,(),0.0,0.0
35965,Center Drive,0.0,0.0,0.0,0,(),0.0,0.0
35970,Center Drive,0.0,0.0,0.0,0,(),0.0,0.0
35975,Center Drive,0.0,0.0,0.0,0,(),0.0,0.0
35980,Center Drive,0.0,0.0,0.0,0,(),0.0,0.0
35985,Center Drive,0.0,0.0,0.0,0,(),0.0,0.0
35990,Center Drive,0.0,0.0,0.0,0,(),0.0,0.0
35995,Center Drive,0.0,0.0,0.0,0,(),0.0,0.0
36000,Center Drive,0.0,0.0,0.0,0,(),0.0,0.0
36005,Center Drive,0.0,0.0,0.0,0,(),0.0,0.0
36010,Center Drive,0.0,0.0,0.0,0,(),0.0,0.0
36015,Center Drive,0.0,0.0,0.0,0,(),0.0,0.0
36020,Center Drive,0.0,0.0,0.0,0,(),0.0,0.0
36025,Center Drive,0.0,0.0,0.0,0,(),0.0,0.0
36030,Center Drive,0.0,0.0,0.0,0,(),0.0,0.0
36035,Center Drive,0.0,0.0,0.0,0,(),0.0,0.0
36040,Center Drive,0.0,0.0,0.0,0,(),0.0,0.0
36045,Center Drive,0.0,0.0,0.0,0,(),0.0,0.0
36050,Center Drive,0.0,0.0,0.0,0,(),0.0,0.0
36055,Center Drive,0.0,0.0,0.0,0,(),0.0,0.0
36060,Center Drive,0.0,0.0,0.0,0,(),0.0,0.0
36065,Center Drive,0.0,0.0,0.0,0,(),0.0,0.0
36070,Center Drive,0.0,0.0,0.0,0,(),0.0,0.0
36075,Center Drive,0.0,0.0,0.0,0,(),0.0,0.0
36080,Center Drive,0.0,0.0,0.0,0,(),0.0,0.0
36085,Center Drive,0.0,0.0,0.0,0,(),0.0,0.0
36090,Center Drive,0.0,0.0,0.0,0,(),0.0,0.0
36095,Center Drive,0.0,0.0,0.0,0,(),0.0,0.0
36100,Center Drive,0.0,0.0,0.0,0,(),0.0,0.0
36105,Center Drive,0.0,0.0,0.0,0,(),0.0,0.0
36110,Center Drive,0.0,0.0,0.0,0,(),0.0,0.0
36115,Center Drive,0.0,0.0,0.0,0,(),0.0,0.0
36120,Center Drive,0.0,0.0,0.0,0,(),0.0,0.0
36125,Center Drive,0.0,0.0,0.0,0,(),0.0,0.0
36130,Center Drive,0.0,0.0,0.0,0,(),0.0,0.0
36135,Center Drive,0.0,0.0,0.0,0,(),0.0,0.0
36140,Center Drive,0.0,0.0,0.0,0,(),0.0,0.0
36145,Center Drive,0.0,0.0,0.0,0,(),0.0,0.0
36150,Center Drive,0.0,0.0,0.0,0,(),0.0,0.0
36155,Center Drive,0.0,0.0,0.0,0,(),0.0,0.0
36160,Center Drive,0.0,0.0,0.0,0,(),0.0,0.0
36165,Center Drive,0.0,0.0,0.0,0,(),0.0,0.0
36170,Center Drive,0.0,0.0,0.0,0,(),0.0,0.0
36175,Center Drive,0.0,0.0,0.0,0,(),0.0,0.0
36180,Center Drive,0.0,0.0,0.0,0,(),0.0,0.0
36185,Center Drive,0.0,0.0,0.0,0,(),0.0,0.0
36190,Center Drive,0.0,0.0,0.0,0,(),0.0,0.0
36195,Center Drive,0.0,0.0,0.0,0,(),0.0,0.0
36200,Center Drive,0.0,0.0,0.0,0,(),0.0,0.0
36205,Center Drive,0.0,0.0,0.0,0,(),0.0,0.0
36210,Center Drive,0.0,0.0,0.0,0,(),0.0,0.0
36215,Center Drive,0.0,0.0,0.0,0,(),0.0,0.0
36220,Center Drive,0.0,0.0,0.0,0,(),0.0,0.0
36225,Center Drive,0.0,0.0,0.0,0,(),0.0,0.0
36230,Center Drive,0.0,0.0,0.0,0,(),0.0,0.0
36235,Center Drive,0.0,0.0,0.0,0,(),0.0,0.0
36240,Center Drive,0.0,0.0,0.0,0,(),0.0,0.0
36245,Center Drive,0.0,0.0,0.0,0,(),0.0,0.0
36250,Center Drive,0.0,0.0,0.0,0,(),0.0,0.0
36255,Center Drive,0.0,0.0,0.0,0,(),0.0,0.0
36260,Center Drive,0.0,0.0,0.0,0,(),0.0,0.0
36265,Center Drive,0.0,0.0,0.0,0,(),0.0,0.0
36270,Center Drive,0.0,0.0,0.0,0,(),0.0,0.0
36275,Center Drive,0.0,0.0,0.0,0,(),0.0,0.0
36280,Center Drive,0.0,0.0,0.0,0,(),0.0,0.0
36285,Center Drive,0.0,0.0,0.0,0,(),0.0,0.0
36290,Center Drive,0.0,0.0,0.0,0,(),0.0,0.0
36295,Center Drive,0.0,0.0,0.0,0,(),0.0,0.0
36300,Center Drive,0.0,0.0,0.0,0,(),0.0,0.0
36305,Center Drive,0.0,0.0,0.0,0,(),0.0,0.0
36310,Center Drive,0.0,0.0,0.0,0,(),0.0,0.0
36315,Center Drive,0.0,0.0,0.0,0,(),0.0,0.0
36320,Center Drive,0.0,0.0,0.0,0,(),0.0,0.0
36325,Center Drive,0.0,0.0,0.0,0,(),0.0,0.0
36330,Center Drive,0.0,0.0,0.0,0,(),0.0,0.0
36335,Center Drive,0.0,0.0,0.0,0,(),0.0,0.0
36340,Center Drive,0.0,0.0,0.0,0,(),0.0,0.0
36345,Center Drive,0.0,0.0,0.0,0,(),0.0,0.0
36350,Center Drive,0.0,0.0,0.0,0,(),0.0,0.0
36355,Center Drive,0.0,0.0,0.0,0,(),0.0,0.0
36360,Center Drive,0.0,0.0,0.0,0,(),0.0,0.0
36365,Center Drive,0.0,0.0,0.0,0,(),0.0,0.0
36370,Center Drive,0.0,0.0,0.0,0,(),0.0,0.0
36375,Center Drive,0.0,0.0,0.0,0,(),0.0,0.0
36380,Center Drive,0.0,0.0,0.0,0,(),0.0,0.0
36385,Center Drive,0.0,0.0,0.0,0,(),0.0,0.0
36390,Center Drive,0.0,0.0,0.0,0,(),0.0,0.0
36395,Center Drive,0.0,0.0,0.0,0,(),0.0,0.0
36400,Center Drive,0.0,0.0,0.0,0,(),0.0,0.0
36405,Center Drive,0.0,0.0,0.0,0,(),0.0,0.0
36410,Center Drive,0.0,0.0,0.0,0,(),0.0,0.0
36415,Center Drive,0.0,0.0,0.0,0,(),0.0,0.0
36420,Center Drive,0.0,0.0,0.0,0,(),0.0,0.0
36425,Center Drive,0.0,0.0,0.0,0,(),0.0,0.0
36430,Center Drive,0.0,0.0,0.0,0,(),0.0,0.0
36435,Center Drive,0.0,0.0,0.0,0,(),0.0,0.0
36440,Center Drive,0.0,0.0,0.0,0,(),0.0,0.0
36445,Center Drive,0.0,0.0,0.0,0,(),0.0,0.0
36450,Center Drive,0.0,0.0,0.0,0,(),0.0,0.0
36455,Center Drive,0.0,0.0,0.0,0,(),0.0,0.0
36460,Center Drive,0.0,0.0,0.0,0,(),0.0,0.0
36465,Center Drive,0.0,0.0,0.0,0,(),0.0,0.0
36470,Center Drive,0.0,0.0,0.0,0,(),0.0,0.0
36475,Center Drive,0.0,0.0,0.0,0,(),0.0,0.0
36480,Center Drive,0.0,0.0,0.0,0,(),0.0,0.0
36485,Center Drive,0.0,0.0,0.0,0,(),0.0,0.0
36490,Center Drive,0.0,0.0,0.0,0,(),0.0,0.0
36495,Center Drive,0.0,0.0,0.0,0,(),0.0,0.0
36500,Center Drive,0.0,0.0,0.0,0,(),0.0,0.0
36505,Center Drive,0.0,0.0,0.0,0,(),0.0,0.0
36510,Center Drive,0.0,0.0,0.0,0,(),0.0,0.0
36515,Center Drive,0.0,0.0,0.0,0,(),0.0,0.0
36520,Center Drive,0.0,0.0,0.0,0,(),0.0,0.0
36525,Center Drive,0.0,0.0,0.0,0,(),0.0,0.0
36530,Center Drive,0.0,0.0,0.0,0,(),0.0,0.0
36535,Center Drive,0.0,0.0,0.0,0,(),0.0,0.0
36540,Center Drive,0.0,0.0,0.0,0,(),0.0,0.0
36545,Center Drive,0.0,0.0,0.0,0,(),0.0,0.0
36550,Center Drive,0.0,0.0,0.0,0,(),0.0,0.0
36555,Center Drive,0.0,0.0,0.0,0,(),0.0,0.0
36560,Center Drive,0.0,0.0,0.0,0,(),0.0,0.0
36565,Center Drive,0.0,0.0,0.0,0,(),0.0,0.0
36570,Center Drive,0.0,0.0,0.0,0,(),0.0,0.0
36575,Center Drive,0.0,0.0,0.0,0,(),0.0,0.0
36580,Center Drive,0.0,0.0,0.0,0,(),0.0,0.0
36585,Center Drive,0.0,0.0,0.0,0,(),0.0,0.0
36590,Center Drive,0.0,0.0,0.0,0,(),0.0,0.0
36595,Center Drive,0.0,0.0,0.0,0,(),0.0,0.0
36600,Center Drive,0.0,0.0,0.0,0,(),0.0,0.0
36605,Center Drive,0.0,0.0,0.0,0,(),0.0,0.0
36610,Center Drive,0.0,0.0,0.0,0,(),0.0,0.0
36615,Center Drive,0.0,0.0,0.0,0,(),0.0,0.0
36620,Center Drive,0.0,0.0,0.0,0,(),0.0,0.0
36625,Center Drive,0.0,0.0,0.0,0,(),0.0,0.0
36630,Center Drive,0.0,0.0,0.0,0,(),0.0,0.0
36635,Center Drive,0.0,0.0,0.0,0,(),0.0,0.0
36640,Center Drive,0.0,0.0,0.0,0,(),0.0,0.0
36645,Center Drive,0.0,0.0,0.0,0,(),0.0,0.0
36650,Center Drive,0.0,0.0,0.0,0,(),0.0,0.0
36655,Center Drive,0.0,0.0,0.0,0,(),0.0,0.0
36660,Center Drive,0.0,0.0,0.0,0,(),0.0,0.0
36665,Center Drive,0.0,0.0,0.0,0,(),0.0,0.0
36670,Center Drive,0.0,0.0,0.0,0,(),0.0,0.0
36675,Center Drive,0.0,0.0,0.0,0,(),0.0,0.0
36680,Center Drive,0.0,0.0,0.0,0,(),0.0,0.0
36685,Center Drive,0.0,0.0,0.0,0,(),0.0,0.0
36690,Center Drive,0.0,0.0,0.0,0,(),0.0,0.0
36695,Center Drive,0.0,0.0,0.0,0,(),0.0,0.0
36700,Center Drive,0.0,0.0,0.0,0,(),0.0,0.0
36705,Center Drive,0.0,0.0,0.0,0,(),0.0,0.0
36710,Center Drive,0.0,0.0,0.0,0,(),0.0,0.0
36715,Center Drive,0.0,0.0,0.0,0,(),0.0,0.0
36720,Center Drive,0.0,0.0,0.0,0,(),0.0,0.0
36725,Center Drive,0.0,0.0,0.0,0,(),0.0,0.0
36730,Center Drive,0.0,0.0,0.0,0,(),0.0,0.0
36735,Center Drive,0.0,0.0,0.0,0,(),0.0,0.0
36740,Center Drive,0.0,0.0,0.0,0,(),0.0,0.0
36745,Center Drive,0.0,0.0,0.0,0,(),0.0,0.0
36750,Center Drive,0.0,0.0,0.0,0,(),0.0,0.0
36755,Center Drive,0.0,0.0,0.0,0,(),0.0,0.0
36760,Center Drive,0.0,0.0,0.0,0,(),0.0,0.0
36765,Center Drive,0.0,0.0,0.0,0,(),0.0,0.0
36770,Center Drive,0.0,0.0,0.0,0,(),0.0,0.0
36775,Center Drive,0.0,0.0,0.0,0,(),0.0,0.0
36780,Center Drive,0.0,0.0,0.0,0,(),0.0,0.0
36785,Center Drive,0.0,0.0,0.0,0,(),0.0,0.0
36790,Center Drive,0.0,0.0,0.0,0,(),0.0,0.0
36795,Center Drive,0.0,0.0,0.0,0,(),0.0,0.0
36800,Center Drive,0.0,0.0,0.0,0,(),0.0,0.0
36805,Center Drive,0.0,0.0,0.0,0,(),0.0,0.0
36810,Center Drive,0.0,0.0,0.0,0,(),0.0,0.0
36815,Center Drive,0.0,0.0,0.0,0,(),0.0,0.0
36820,Center Drive,0.0,0.0,0.0,0,(),0.0,0.0
36825,Center Drive,0.0,0.0,0.0,0,(),0.0,0.0
36830,Center Drive,0.0,0.0,0.0,0,(),0.0,0.0
36835,Center Drive,0.0,0.0,0.0,0,(),0.0,0.0
36840,Center Drive,0.0,0.0,0.0,0,(),0.0,0.0
36845,Center Drive,0.0,0.0,0.0,0,(),0.0,0.0
36850,Center Drive,0.0,0.0,0.0,0,(),0.0,0.0
36855,Center Drive,0.0,0.0,0.0,0,(),0.0,0.0
36860,Center Drive,0.0,0.0,0.0,0,(),0.0,0.0
36865,Center Drive,0.0,0.0,0.0,0,(),0.0,0.0
36870,Center Drive,0.0,0.0,0.0,0,(),0.0,0.0
36875,Center Drive,0.0,0.0,0.0,0,(),0.0,0.0
36880,Center Drive,0.0,0.0,0.0,0,(),0.0,0.0
36885,Center Drive,0.0,0.0,0.0,0,(),0.0,0.0
36890,Center Drive,0.0,0.0,0.0,0,(),0.0,0.0
36895,Center Drive,0.0,0.0,0.0,0,(),0.0,0.0
36900,Center Drive,0.0,0.0,0.0,0,(),0.0,0.0
36905,Center Drive,0.0,0.0,0.0,0,(),0.0,0.0
36910,Center Drive,0.0,0.0,0.0,0,(),0.0,0.0
36915,Center Drive,0.0,0.0,0.0,0,(),0.0,0.0
36920,Center Drive,0.0,0.0,0.0,0,(),0.0,0.0
36925,Center Drive,0.0,0.0,0.0,0,(),0.0,0.0
36930,Center Drive,0.0,0.0,0.0,0,(),0.0,0.0
36935,Center Drive,0.0,0.0,0.0,0,(),0.0,0.0
36940,Center Drive,0.0,0.0,0.0,0,(),0.0,0.0
36945,Center Drive,0.0,0.0,0.0,0,(),0.0,0.0
36950,Center Drive,0.0,0.0,0.0,0,(),0.0,0.0
36955,Center Drive,0.0,0.0,0.0,0,(),0.0,0.0
36960,Center Drive,0.0,0.0,0.0,0,(),0.0,0.0
36965,Center Drive,0.0,0.0,0.0,0,(),0.0,0.0
36970,Center Drive,0.0,0.0,0.0,0,(),0.0,0.0
36975,Center Drive,0.0,0.0,0.0,0,(),0.0,0.0
36980,Center Drive,0.0,0.0,0.0,0,(),0.0,0.0
36985,Center Drive,0.0,0.0,0.0,0,(),0.0,0.0
36990,Center Drive,0.0,0.0,0.0,0,(),0.0,0.0
36995,Center Drive,0.0,0.0,0.0,0,(),0.0,0.0
37000,Center Drive,0.0,0.0,0.0,0,(),0.0,0.0
37005,Center Drive,0.0,0.0,0.0,0,(),0.0,0.0
37010,Center Drive,0.0,0.0,0.0,0,(),0.0,0.0
37015,Center Drive,0.0,0.0,0.0,0,(),0.0,0.0
37020,Center Drive,0.0,0.0,0.0,0,(),0.0,0.0
37025,Center Drive,0.0,0.0,0.0,0,(),0.0,0.0
37030,Center Drive,0.0,0.0,0.0,0,(),0.0,0.0
37035,Center Drive,0.0,0.0,0.0,0,(),0.0,0.0
37040,Center Drive,0.0,0.0,0.0,0,(),0.0,0.0
37045,Center Drive,0.0,0.0,0.0,0,(),0.0,0.0
37050,Center Drive,0.0,0.0,0.0,0,(),0.0,0.0
37055,Center Drive,0.0,0.0,0.0,0,(),0.0,0.0
37060,Center Drive,0.0,0.0,0.0,0,(),0.0,0.0
37065,Center Drive,0.0,0.0,0.0,0,(),0.0,0.0
37070,Center Drive,0.0,0.0,0.0,0,(),0.0,0.0
37075,Center Drive,0.0,0.0,0.0,0,(),0.0,0.0
37080,Center Drive,0.0,0.0,0.0,0,(),0.0,0.0
37085,Center Drive,0.0,0.0,0.0,0,(),0.0,0.0
37090,Center Drive,0.0,0.0,0.0,0,(),0.0,0.0
37095,Center Drive,0.0,0.0,0.0,0,(),0.0,0.0
37100,Center Drive,0.0,0.0,0.0,0,(),0.0,0.0
37105,Center Drive,0.0,0.0,0.0,0,(),0.0,0.0
37110,Center Drive,0.0,0.0,0.0,0,(),0.0,0.0
37115,Center Drive,0.0,0.0,0.0,0,(),0.0,0.0
37120,Center Drive,0.0,0.0,0.0,0,(),0.0,0.0
37125,Center Drive,0.0,0.0,0.0,0,(),0.0,0.0
37130,Center Drive,0.0,0.0,0.0,0,(),0.0,0.0
37135,Center Drive,0.0,0.0,0.0,0,(),0.0,0.0
37140,Center Drive,0.0,0.0,0.0,0,(),0.0,0.0
37145,Center Drive,0.0,0.0,0.0,0,(),0.0,0.0
37150,Center Drive,0.0,0.0,0.0,0,(),0.0,0.0
37155,Center Drive,0.0,0.0,0.0,0,(),0.0,0.0
37160,Center Drive,0.0,0.0,0.0,0,(),0.0,0.0
37165,Center Drive,0.0,0.0,0.0,0,(),0.0,0.0
37170,Center Drive,0.0,0.0,0.0,0,(),0.0,0.0
37175,Center Drive,0.0,0.0,0.0,0,(),0.0,0.0
37180,Center Drive,0.0,0.0,0.0,0,(),0.0,0.0
37185,Center Drive,0.0,0.0,0.0,0,(),0.0,0.0
37190,Center Drive,0.0,0.0,0.0,0,(),0.0,0.0
37195,Center Drive,0.0,0.0,0.0,0,(),0.0,0.0
37200,Center Drive,0.0,0.0,0.0,0,(),0.0,0.0
37205,Center Drive,0.0,0.0,0.0,0,(),0.0,0.0
37210,Center Drive,0.0,0.0,0.0,0,(),0.0,0.0
37215,Center Drive,0.0,0.0,0.0,0,(),0.0,0.0
37220,Center Drive,0.0,0.0,0.0,0,(),0.0,0.0
37225,Center Drive,0.0,0.0,0.0,0,(),0.0,0.0
37230,Center Drive,0.0,0.0,0.0,0,(),0.0,0.0
37235,Center Drive,0.0,0.0,0.0,0,(),0.0,0.0
37240,Center Drive,0.0,0.0,0.0,0,(),0.0,0.0
37245,Center Drive,0.0,0.0,0.0,0,(),0.0,0.0
37250,Center Drive,0.0,0.0,0.0,0,(),0.0,0.0
37255,Center Drive,0.0,0.0,0.0,0,(),0.0,0.0
37260,Center Drive,0.0,0.0,0.0,0,(),0.0,0.0
37265,Center Drive,0.0,0.0,0.0,0,(),0.0,0.0
37270,Center Drive,0.0,0.0,0.0,0,(),0.0,0.0
37275,Center Drive,0.0,0.0,0.0,0,(),0.0,0.0
37280,Center Drive,0.0,0.0,0.0,0,(),0.0,0.0
37285,Center Drive,0.0,0.0,0.0,0,(),0.0,0.0
37290,Center Drive,0.0,0.0,0.0,0,(),0.0,0.0
37295,Center Drive,0.0,0.0,0.0,0,(),0.0,0.0
37300,Center Drive,0.0,0.0,0.0,0,(),0.0,0.0
37305,Center Drive,0.0,0.0,0.0,0,(),0.0,0.0
37310,Center Drive,0.0,0.0,0.0,0,(),0.0,0.0
37315,Center Drive,0.0,0.0,0.0,0,(),0.0,0.0
37320,Center Drive,0.0,0.0,0.0,0,(),0.0,0.0
37325,Center Drive,0.0,0.0,0.0,0,(),0.0,0.0
37330,Center Drive,0.0,0.0,0.0,0,(),0.0,0.0
37335,Center Drive,0.0,0.0,0.0,0,(),0.0,0.0
37340,Center Drive,0.0,0.0,0.0,0,(),0.0,0.0
37345,Center Drive,0.0,0.0,0.0,0,(),0.0,0.0
37350,Center Drive,0.0,0.0,0.0,0,(),0.0,0.0
37355,Center Drive,0.0,0.0,0.0,0,(),0.0,0.0
37360,Center Drive,0.0,0.0,0.0,0,(),0.0,0.0
37365,Center Drive,0.0,0.0,0.0,0,(),0.0,0.0
37370,Center Drive,0.0,0.0,0.0,0,(),0.0,0.0
37375,Center Drive,0.0,0.0,0.0,0,(),0.0,0.0
37380,Center Drive,0.0,0.0,0.0,0,(),0.0,0.0
37385,Center Drive,0.0,0.0,0.0,0,(),0.0,0.0
37390,Center Drive,0.0,0.0,0.0,0,(),0.0,0.0
37395,Center Drive,0.0,0.0,0.0,0,(),0.0,0.0
37400,Center Drive,0.0,0.0,0.0,0,(),0.0,0.0
37405,Center Drive,0.0,0.0,0.0,0,(),0.0,0.0
37410,Center Drive,0.0,0.0,0.0,0,(),0.0,0.0
37415,Center Drive,0.0,0.0,0.0,0,(),0.0,0.0
37420,Center Drive,0.0,0.0,0.0,0,(),0.0,0.0
37425,Center Drive,0.0,0.0,0.0,0,(),0.0,0.0
37430,Center Drive,0.0,0.0,0.0,0,(),0.0,0.0
37435,Center Drive,0.0,0.0,0.0,0,(),0.0,0.0
37440,Center Drive,0.0,0.0,0.0,0,(),0.0,0.0
37445,Center Drive,0.0,0.0,0.0,0,(),0.0,0.0
37450,Center Drive,0.0,0.0,0.0,0,(),0.0,0.0
37455,Center Drive,0.0,0.0,0.0,0,(),0.0,0.0
37460,Center Drive,0.0,0.0,0.0,0,(),0.0,0.0
37465,Center Drive,0.0,0.0,0.0,0,(),0.0,0.0
37470,Center Drive,0.0,0.0,0.0,0,(),0.0,0.0
37475,Center Drive,0.0,0.0,0.0,0,(),0.0,0.0
37480,Center Drive,0.0,0.0,0.0,0,(),0.0,0.0
37485,Center Drive,0.0,0.0,0.0,0,(),0.0,0.0
37490,Center Drive,0.0,0.0,0.0,0,(),0.0,0.0
37495,Center Drive,0.0,0.0,0.0,0,(),0.0,0.0
37500,Center Drive,0.0,0.0,0.0,0,(),0.0,0.0
37505,Center Drive,0.0,0.0,0.0,0,(),0.0,0.0
37510,Center Drive,0.0,0.0,0.0,0,(),0.0,0.0
37515,Center Drive,0.0,0.0,0.0,0,(),0.0,0.0
37520,Center Drive,0.0,0.0,0.0,0,(),0.0,0.0
37525,Center Drive,0.0,0.0,0.0,0,(),0.0,0.0
37530,Center Drive,0.0,0.0,0.0,0,(),0.0,0.0
37535,Center Drive,0.0,0.0,0.0,0,(),0.0,0.0
37540,Center Drive,0.0,0.0,0.0,0,(),0.0,0.0
37545,Center Drive,0.0,0.0,0.0,0,(),0.0,0.0
37550,Center Drive,0.0,0.0,0.0,0,(),0.0,0.0
37555,Center Drive,0.0,0.0,0.0,0,(),0.0,0.0
37560,Center Drive,0.0,0.0,0.0,0,(),0.0,0.0
37565,Center Drive,0.0,0.0,0.0,0,(),0.0,0.0
37570,Center Drive,0.0,0.0,0.0,0,(),0.0,0.0
37575,Center Drive,0.0,0.0,0.0,0,(),0.0,0.0
37580,Center Drive,0.0,0.0,0.0,0,(),0.0,0.0
37585,Center Drive,0.0,0.0,0.0,0,(),0.0,0.0
37590,Center Drive,0.0,0.0,0.0,0,(),0.0,0.0
37595,Center Drive,0.0,0.0,0.0,0,(),0.0,0.0
37600,Center Drive,0.0,0.0,0.0,0,(),0.0,0.0
37605,Center Drive,0.0,0.0,0.0,0,(),0.0,0.0
37610,Center Drive,0.0,0.0,0.0,0,(),0.0,0.0
37615,Center Drive,0.0,0.0,0.0,0,(),0.0,0.0
37620,Center Drive,0.0,0.0,0.0,0,(),0.0,0.0
37625,Center Drive,0.0,0.0,0.0,0,(),0.0,0.0
37630,Center Drive,0.0,0.0,0.0,0,(),0.0,0.0
37635,Center Drive,0.0,0.0,0.0,0,(),0.0,0.0
37640,Center Drive,0.0,0.0,0.0,0,(),0.0,0.0
37645,Center Drive,0.0,0.0,0.0,0,(),0.0,0.0
37650,Center Drive,0.0,0.0,0.0,0,(),0.0,0.0
37655,Center Drive,0.0,0.0,0.0,0,(),0.0,0.0
37660,Center Drive,0.0,0.0,0.0,0,(),0.0,0.0
37665,Center Drive,0.0,0.0,0.0,0,(),0.0,0.0
37670,Center Drive,0.0,0.0,0.0,0,(),0.0,0.0
37675,Center Drive,0.0,0.0,0.0,0,(),0.0,0.0
37680,Center Drive,0.0,0.0,0.0,0,(),0.0,0.0
37685,Center Drive,0.0,0.0,0.0,0,(),0.0,0.0
37690,Center Drive,0.0,0.0,0.0,0,(),0.0,0.0
37695,Center Drive,0.0,0.0,0.0,0,(),0.0,0.0
37700,Center Drive,0.0,0.0,0.0,0,(),0.0,0.0
37705,Center Drive,0.0,0.0,0.0,0,(),0.0,0.0
37710,Center Drive,0.0,0.0,0.0,0,(),0.0,0.0
37715,Center Drive,0.0,0.0,0.0,0,(),0.0,0.0
37720,Center Drive,0.0,0.0,0.0,0,(),0.0,0.0
37725,Center Drive,0.0,0.0,0.0,0,(),0.0,0.0
37730,Center Drive,0.0,0.0,0.0,0,(),0.0,0.0
37735,Center Drive,0.0,0.0,0.0,0,(),0.0,0.0
37740,Center Drive,0.0,0.0,0.0,0,(),0.0,0.0
37745,Center Drive,0.0,0.0,0.0,0,(),0.0,0.0
37750,Center Drive,0.0,0.0,0.0,0,(),0.0,0.0
37755,Center Drive,0.0,0.0,0.0,0,(),0.0,0.0
37760,Center Drive,0.0,0.0,0.0,0,(),0.0,0.0
37765,Center Drive,0.0,0.0,0.0,0,(),0.0,0.0
37770,Center Drive,0.0,0.0,0.0,0,(),0.0,0.0
37775,Center Drive,0.0,0.0,0.0,0,(),0.0,0.0
37780,Center Drive,0.0,0.0,0.0,0,(),0.0,0.0
37785,Center Drive,0.0,0.0,0.0,0,(),0.0,0.0
37790,Center Drive,0.0,0.0,0.0,0,(),0.0,0.0
37795,Center Drive,0.0,0.0,0.0,0,(),0.0,0.0
37800,Center Drive,0.0,0.0,0.0,0,(),0.0,0.0
37805,Center Drive,0.0,0.0,0.0,0,(),0.0,0.0
37810,Center Drive,0.0,0.0,0.0,0,(),0.0,0.0
37815,Center Drive,0.0,0.0,0.0,0,(),0.0,0.0
37820,Center Drive,0.0,0.0,0.0,0,(),0.0,0.0
37825,Center Drive,0.0,0.0,0.0,0,(),0.0,0.0
37830,Center Drive,0.0,0.0,0.0,0,(),0.0,0.0
37835,Center Drive,0.0,0.0,0.0,0,(),0.0,0.0
37840,Center Drive,0.0,0.0,0.0,0,(),0.0,0.0
37845,Center Drive,0.0,0.0,0.0,0,(),0.0,0.0
37850,Center Drive,0.0,0.0,0.0,0,(),0.0,0.0
37855,Center Drive,0.0,0.0,0.0,0,(),0.0,0.0
37860,Center Drive,0.0,0.0,0.0,0,(),0.0,0.0
37865,Center Drive,0.0,0.0,0.0,0,(),0.0,0.0
37870,Center Drive,0.0,0.0,0.0,0,(),0.0,0.0
37875,Center Drive,0.0,0.0,0.0,0,(),0.0,0.0
37880,Center Drive,0.0,0.0,0.0,0,(),0.0,0.0
37885,Center Drive,0.0,0.0,0.0,0,(),0.0,0.0
37890,Center Drive,0.0,0.0,0.0,0,(),0.0,0.0
37895,Center Drive,0.0,0.0,0.0,0,(),0.0,0.0
37900,Center Drive,0.0,0.0,0.0,0,(),0.0,0.0
37905,Center Drive,0.0,0.0,0.0,0,(),0.0,0.0
37910,Center Drive,0.0,0.0,0.0,0,(),0.0,0.0
37915,Center Drive,0.0,0.0,0.0,0,(),0.0,0.0
37920,Center Drive,0.0,0.0,0.0,0,(),0.0,0.0
37925,Center Drive,0.0,0.0,0.0,0,(),0.0,0.0
37930,Center Drive,0.0,0.0,0.0,0,(),0.0,0.0
37935,Center Drive,0.0,0.0,0.0,0,(),0.0,0.0
37940,Center Drive,0.0,0.0,0.0,0,(),0.0,0.0
37945,Center Drive,0.0,0.0,0.0,0,(),0.0,0.0
37950,Center Drive,0.0,0.0,0.0,0,(),0.0,0.0
37955,Center Drive,0.0,0.0,0.0,0,(),0.0,0.0
37960,Center Drive,0.0,0.0,0.0,0,(),0.0,0.0
37965,Center Drive,0.0,0.0,0.0,0,(),0.0,0.0
37970,Center Drive,0.0,0.0,0.0,0,(),0.0,0.0
37975,Center Drive,0.0,0.0,0.0,0,(),0.0,0.0
37980,Center Drive,0.0,0.0,0.0,0,(),0.0,0.0
37985,Center Drive,0.0,0.0,0.0,0,(),0.0,0.0
37990,Center Drive,0.0,0.0,0.0,0,(),0.0,0.0
37995,Center Drive,0.0,0.0,0.0,0,(),0.0,0.0
38000,Center Drive,0.0,0.0,0.0,0,(),0.0,0.0
38005,Center Drive,0.0,0.0,0.0,0,(),0.0,0.0
38010,Center Drive,0.0,0.0,0.0,0,(),0.0,0.0
38015,Center Drive,0.0,0.0,0.0,0,(),0.0,0.0
38020,Center Drive,0.0,0.0,0.0,0,(),0.0,0.0
38025,Center Drive,0.0,0.0,0.0,0,(),0.0,0.0
38030,Center Drive,0.0,0.0,0.0,0,(),0.0,0.0
38035,Center Drive,0.0,0.0,0.0,0,(),0.0,0.0
38040,Center Drive,0.0,0.0,0.0,0,(),0.0,0.0
38045,Center Drive,0.0,0.0,0.0,0,(),0.0,0.0
38050,Center Drive,0.0,0.0,0.0,0,(),0.0,0.0
38055,Center Drive,0.0,0.0,0.0,0,(),0.0,0.0
38060,Center Drive,0.0,0.0,0.0,0,(),0.0,0.0
38065,Center Drive,0.0,0.0,0.0,0,(),0.0,0.0
38070,Center Drive,0.0,0.0,0.0,0,(),0.0,0.0
38075,Center Drive,0.0,0.0,0.0,0,(),0.0,0.0
38080,Center Drive,0.0,0.0,0.0,0,(),0.0,0.0
38085,Center Drive,0.0,0.0,0.0,0,(),0.0,0.0
38090,Center Drive,0.0,0.0,0.0,0,(),0.0,0.0
38095,Center Drive,0.0,0.0,0.0,0,(),0.0,0.0
38100,Center Drive,0.0,0.0,0.0,0,(),0.0,0.0
38105,Center Drive,0.0,0.0,0.0,0,(),0.0,0.0
38110,Center Drive,0.0,0.0,0.0,0,(),0.0,0.0
38115,Center Drive,0.0,0.0,0.0,0,(),0.0,0.0
38120,Center Drive,0.0,0.0,0.0,0,(),0.0,0.0
38125,Center Drive,0.0,0.0,0.0,0,(),0.0,0.0
38130,Center Drive,0.0,0.0,0.0,0,(),0.0,0.0
38135,Center Drive,0.0,0.0,0.0,0,(),0.0,0.0
38140,Center Drive,0.0,0.0,0.0,0,(),0.0,0.0
38145,Center Drive,0.0,0.0,0.0,0,(),0.0,0.0
38150,Center Drive,0.0,0.0,0.0,0,(),0.0,0.0
38155,Center Drive,0.0,0.0,0.0,0,(),0.0,0.0
38160,Center Drive,0.0,0.0,0.0,0,(),0.0,0.0
38165,Center Drive,0.0,0.0,0.0,0,(),0.0,0.0
38170,Center Drive,0.0,0.0,0.0,0,(),0.0,0.0
38175,Center Drive,0.0,0.0,0.0,0,(),0.0,0.0
38180,Center Drive,0.0,0.0,0.0,0,(),0.0,0.0
38185,Center Drive,0.0,0.0,0.0,0,(),0.0,0.0
38190,Center Drive,0.0,0.0,0.0,0,(),0.0,0.0
38195,Center Drive,0.0,0.0,0.0,0,(),0.0,0.0
38200,Center Drive,0.0,0.0,0.0,0,(),0.0,0.0
38205,Center Drive,0.0,0.0,0.0,0,(),0.0,0.0
38210,Center Drive,0.0,0.0,0.0,0,(),0.0,0.0
38215,Center Drive,0.0,0.0,0.0,0,(),0.0,0.0
38220,Center Drive,0.0,0.0,0.0,0,(),0.0,0.0
38225,Center Drive,0.0,0.0,0.0,0,(),0.0,0.0
38230,Center Drive,0.0,0.0,0.0,0,(),0.0,0.0
38235,Center Drive,0.0,0.0,0.0,0,(),0.0,0.0
38240,Center Drive,0.0,0.0,0.0,0,(),0.0,0.0
38245,Center Drive,0.0,0.0,0.0,0,(),0.0,0.0
38250,Center Drive,0.0,0.0,0.0,0,(),0.0,0.0
38255,Center Drive,0.0,0.0,0.0,0,(),0.0,0.0
38260,Center Drive,0.0,0.0,0.0,0,(),0.0,0.0
38265,Center Drive,0.0,0.0,0.0,0,(),0.0,0.0
38270,Center Drive,0.0,0.0,0.0,0,(),0.0,0.0
38275,Center Drive,0.0,0.0,0.0,0,(),0.0,0.0
38280,Center Drive,0.0,0.0,0.0,0,(),0.0,0.0
38285,Center Drive,0.0,0.0,0.0,0,(),0.0,0.0
38290,Center Drive,0.0,0.0,0.0,0,(),0.0,0.0
38295,Center Drive,0.0,0.0,0.0,0,(),0.0,0.0
38300,Center Drive,0.0,0.0,0.0,0,(),0.0,0.0
38305,Center Drive,0.0,0.0,0.0,0,(),0.0,0.0
38310,Center Drive,0.0,0.0,0.0,0,(),0.0,0.0
38315,Center Drive,0.0,0.0,0.0,0,(),0.0,0.0
38320,Center Drive,0.0,0.0,0.0,0,(),0.0,0.0
38325,Center Drive,0.0,0.0,0.0,0,(),0.0,0.0
38330,Center Drive,0.0,0.0,0.0,0,(),0.0,0.0
38335,Center Drive,0.0,0.0,0.0,0,(),0.0,0.0
38340,Center Drive,0.0,0.0,0.0,0,(),0.0,0.0
38345,Center Drive,0.0,0.0,0.0,0,(),0.0,0.0
38350,Center Drive,0.0,0.0,0.0,0,(),0.0,0.0
38355,Center Drive,0.0,0.0,0.0,0,(),0.0,0.0
38360,Center Drive,0.0,0.0,0.0,0,(),0.0,0.0
38365,Center Drive,0.0,0.0,0.0,0,(),0.0,0.0
38370,Center Drive,0.0,0.0,0.0,0,(),0.0,0.0
38375,Center Drive,0.0,0.0,0.0,0,(),0.0,0.0
38380,Center Drive,0.0,0.0,0.0,0,(),0.0,0.0
38385,Center Drive,0.0,0.0,0.0,0,(),0.0,0.0
38390,Center Drive,0.0,0.0,0.0,0,(),0.0,0.0
38395,Center Drive,0.0,0.0,0.0,0,(),0.0,0.0
38400,Center Drive,0.0,0.0,0.0,0,(),0.0,0.0
38405,Center Drive,0.0,0.0,0.0,0,(),0.0,0.0
38410,Center Drive,0.0,0.0,0.0,0,(),0.0,0.0
38415,Center Drive,0.0,0.0,0.0,0,(),0.0,0.0
38420,Center Drive,0.0,0.0,0.0,0,(),0.0,0.0
38425,Center Drive,0.0,0.0,0.0,0,(),0.0,0.0
38430,Center Drive,0.0,0.0,0.0,0,(),0.0,0.0
38435,Center Drive,0.0,0.0,0.0,0,(),0.0,0.0
38440,Center Drive,0.0,0.0,0.0,0,(),0.0,0.0
38445,Center Drive,0.0,0.0,0.0,0,(),0.0,0.0
38450,Center Drive,0.0,0.0,0.0,0,(),0.0,0.0
38455,Center Drive,0.0,0.0,0.0,0,(),0.0,0.0
38460,Center Drive,0.0,0.0,0.0,0,(),0.0,0.0
38465,Center Drive,0.0,0.0,0.0,0,(),0.0,0.0
38470,Center Drive,0.0,0.0,0.0,0,(),0.0,0.0
38475,Center Drive,0.0,0.0,0.0,0,(),0.0,0.0
38480,Center Drive,0.0,0.0,0.0,0,(),0.0,0.0
38485,Center Drive,0.0,0.0,0.0,0,(),0.0,0.0
38490,Center Drive,0.0,0.0,0.0,0,(),0.0,0.0
38495,Center Drive,0.0,0.0,0.0,0,(),0.0,0.0
38500,Center Drive,0.0,0.0,0.0,0,(),0.0,0.0
38505,Center Drive,0.0,0.0,0.0,0,(),0.0,0.0
38510,Center Drive,0.0,0.0,0.0,0,(),0.0,0.0
38515,Center Drive,0.0,0.0,0.0,0,(),0.0,0.0
38520,Center Drive,0.0,0.0,0.0,0,(),0.0,0.0
38525,Center Drive,0.0,0.0,0.0,0,(),0.0,0.0
38530,Center Drive,0.0,0.0,0.0,0,(),0.0,0.0
38535,Center Drive,0.0,0.0,0.0,0,(),0.0,0.0
38540,Center Drive,0.0,0.0,0.0,0,(),0.0,0.0
38545,Center Drive,0.0,0.0,0.0,0,(),0.0,0.0
38550,Center Drive,0.0,0.0,0.0,0,(),0.0,0.0
38555,Center Drive,0.0,0.0,0.0,0,(),0.0,0.0
38560,Center Drive,0.0,0.0,0.0,0,(),0.0,0.0
38565,Center Drive,0.0,0.0,0.0,0,(),0.0,0.0
38570,Center Drive,0.0,0.0,0.0,0,(),0.0,0.0
38575,Center Drive,0.0,0.0,0.0,0,(),0.0,0.0
38580,Center Drive,0.0,0.0,0.0,0,(),0.0,0.0
38585,Center Drive,0.0,0.0,0.0,0,(),0.0,0.0
38590,Center Drive,0.0,0.0,0.0,0,(),0.0,0.0
38595,Center Drive,0.0,0.0,0.0,0,(),0.0,0.0
38600,Center Drive,0.0,0.0,0.0,0,(),0.0,0.0
38605,Center Drive,0.0,0.0,0.0,0,(),0.0,0.0
38610,Center Drive,0.0,0.0,0.0,0,(),0.0,0.0
38615,Center Drive,0.0,0.0,0.0,0,(),0.0,0.0
38620,Center Drive,0.0,0.0,0.0,0,(),0.0,0.0
38625,Center Drive,0.0,0.0,0.0,0,(),0.0,0.0
38630,Center Drive,0.0,0.0,0.0,0,(),0.0,0.0
38635,Center Drive,0.0,0.0,0.0,0,(),0.0,0.0
38640,Center Drive,0.0,0.0,0.0,0,(),0.0,0.0
38645,Center Drive,0.0,0.0,0.0,0,(),0.0,0.0
38650,Center Drive,0.0,0.0,0.0,0,(),0.0,0.0
38655,Center Drive,0.0,0.0,0.0,0,(),0.0,0.0
38660,Center Drive,0.0,0.0,0.0,0,(),0.0,0.0
38665,Center Drive,0.0,0.0,0.0,0,(),0.0,0.0
38670,Center Drive,0.0,0.0,0.0,0,(),0.0,0.0
38675,Center Drive,0.0,0.0,0.0,0,(),0.0,0.0
38680,Center Drive,0.0,0.0,0.0,0,(),0.0,0.0
38685,Center Drive,0.0,0.0,0.0,0,(),0.0,0.0
38690,Center Drive,0.0,0.0,0.0,0,(),0.0,0.0
38695,Center Drive,0.0,0.0,0.0,0,(),0.0,0.0
38700,Center Drive,0.0,0.0,0.0,0,(),0.0,0.0
38705,Center Drive,0.0,0.0,0.0,0,(),0.0,0.0
38710,Center Drive,0.0,0.0,0.0,0,(),0.0,0.0
38715,Center Drive,0.0,0.0,0.0,0,(),0.0,0.0
38720,Center Drive,0.0,0.0,0.0,0,(),0.0,0.0
38725,Center Drive,0.0,0.0,0.0,0,(),0.0,0.0
38730,Center Drive,0.0,0.0,0.0,0,(),0.0,0.0
38735,Center Drive,0.0,0.0,0.0,0,(),0.0,0.0
38740,Center Drive,0.0,0.0,0.0,0,(),0.0,0.0
38745,Center Drive,0.0,0.0,0.0,0,(),0.0,0.0
38750,Center Drive,0.0,0.0,0.0,0,(),0.0,0.0
38755,Center Drive,0.0,0.0,0.0,0,(),0.0,0.0
38760,Center Drive,0.0,0.0,0.0,0,(),0.0,0.0
38765,Center Drive,0.0,0.0,0.0,0,(),0.0,0.0
38770,Center Drive,0.0,0.0,0.0,0,(),0.0,0.0
38775,Center Drive,0.0,0.0,0.0,0,(),0.0,0.0
38780,Center Drive,0.0,0.0,0.0,0,(),0.0,0.0
38785,Center Drive,0.0,0.0,0.0,0,(),0.0,0.0
38790,Center Drive,0.0,0.0,0.0,0,(),0.0,0.0
38795,Center Drive,0.0,0.0,0.0,0,(),0.0,0.0
38800,Center Drive,0.0,0.0,0.0,0,(),0.0,0.0
38805,Center Drive,0.0,0.0,0.0,0,(),0.0,0.0
38810,Center Drive,0.0,0.0,0.0,0,(),0.0,0.0
38815,Center Drive,0.0,0.0,0.0,0,(),0.0,0.0
38820,Center Drive,0.0,0.0,0.0,0,(),0.0,0.0
38825,Center Drive,0.0,0.0,0.0,0,(),0.0,0.0
38830,Center Drive,0.0,0.0,0.0,0,(),0.0,0.0
38835,Center Drive,0.0,0.0,0.0,0,(),0.0,0.0
38840,Center Drive,0.0,0.0,0.0,0,(),0.0,0.0
38845,Center Drive,0.0,0.0,0.0,0,(),0.0,0.0
38850,Center Drive,0.0,0.0,0.0,0,(),0.0,0.0
38855,Center Drive,0.0,0.0,0.0,0,(),0.0,0.0
38860,Center Drive,0.0,0.0,0.0,0,(),0.0,0.0
38865,Center Drive,0.0,0.0,0.0,0,(),0.0,0.0
38870,Center Drive,0.0,0.0,0.0,0,(),0.0,0.0
38875,Center Drive,0.0,0.0,0.0,0,(),0.0,0.0
38880,Center Drive,0.0,0.0,0.0,0,(),0.0,0.0
38885,Center Drive,0.0,0.0,0.0,0,(),0.0,0.0
38890,Center Drive,0.0,0.0,0.0,0,(),0.0,0.0
38895,Center Drive,0.0,0.0,0.0,0,(),0.0,0.0
38900,Center Drive,0.0,0.0,0.0,0,(),0.0,0.0
38905,Center Drive,0.0,0.0,0.0,0,(),0.0,0.0
38910,Center Drive,0.0,0.0,0.0,0,(),0.0,0.0
38915,Center Drive,0.0,0.0,0.0,0,(),0.0,0.0
38920,Center Drive,0.0,0.0,0.0,0,(),0.0,0.0
38925,Center Drive,0.0,0.0,0.0,0,(),0.0,0.0
38930,Center Drive,0.0,0.0,0.0,0,(),0.0,0.0
38935,Center Drive,0.0,0.0,0.0,0,(),0.0,0.0
38940,Center Drive,0.0,0.0,0.0,0,(),0.0,0.0
38945,Center Drive,0.0,0.0,0.0,0,(),0.0,0.0
38950,Center Drive,0.0,0.0,0.0,0,(),0.0,0.0
38955,Center Drive,0.0,0.0,0.0,0,(),0.0,0.0
38960,Center Drive,0.0,0.0,0.0,0,(),0.0,0.0
38965,Center Drive,0.0,0.0,0.0,0,(),0.0,0.0
38970,Center Drive,0.0,0.0,0.0,0,(),0.0,0.0
38975,Center Drive,0.0,0.0,0.0,0,(),0.0,0.0
38980,Center Drive,0.0,0.0,0.0,0,(),0.0,0.0
38985,Center Drive,0.0,0.0,0.0,0,(),0.0,0.0
38990,Center Drive,0.0,0.0,0.0,0,(),0.0,0.0
38995,Center Drive,0.0,0.0,0.0,0,(),0.0,0.0
39000,Center Drive,0.0,0.0,0.0,0,(),0.0,0.0
39005,Center Drive,0.0,0.0,0.0,0,(),0.0,0.0
39010,Center Drive,0.0,0.0,0.0,0,(),0.0,0.0
39015,Center Drive,0.0,0.0,0.0,0,(),0.0,0.0
39020,Center Drive,0.0,0.0,0.0,0,(),0.0,0.0
39025,Center Drive,0.0,0.0,0.0,0,(),0.0,0.0
39030,Center Drive,0.0,0.0,0.0,0,(),0.0,0.0
39035,Center Drive,0.0,0.0,0.0,0,(),0.0,0.0
39040,Center Drive,0.0,0.0,0.0,0,(),0.0,0.0
39045,Center Drive,0.0,0.0,0.0,0,(),0.0,0.0
39050,Center Drive,0.0,0.0,0.0,0,(),0.0,0.0
39055,Center Drive,0.0,0.0,0.0,0,(),0.0,0.0
39060,Center Drive,0.0,0.0,0.0,0,(),0.0,0.0
39065,Center Drive,0.0,0.0,0.0,0,(),0.0,0.0
39070,Center Drive,0.0,0.0,0.0,0,(),0.0,0.0
39075,Center Drive,0.0,0.0,0.0,0,(),0.0,0.0
39080,Center Drive,0.0,0.0,0.0,0,(),0.0,0.0
39085,Center Drive,0.0,0.0,0.0,0,(),0.0,0.0
39090,Center Drive,0.0,0.0,0.0,0,(),0.0,0.0
39095,Center Drive,0.0,0.0,0.0,0,(),0.0,0.0
39100,Center Drive,0.0,0.0,0.0,0,(),0.0,0.0
39105,Center Drive,0.0,0.0,0.0,0,(),0.0,0.0
39110,Center Drive,0.0,0.0,0.0,0,(),0.0,0.0
39115,Center Drive,0.0,0.0,0.0,0,(),0.0,0.0
39120,Center Drive,0.0,0.0,0.0,0,(),0.0,0.0
39125,Center Drive,0.0,0.0,0.0,0,(),0.0,0.0
39130,Center Drive,0.0,0.0,0.0,0,(),0.0,0.0
39135,Center Drive,0.0,0.0,0.0,0,(),0.0,0.0
39140,Center Drive,0.0,0.0,0.0,0,(),0.0,0.0
39145,Center Drive,0.0,0.0,0.0,0,(),0.0,0.0
39150,Center Drive,0.0,0.0,0.0,0,(),0.0,0.0
39155,Center Drive,0.0,0.0,0.0,0,(),0.0,0.0
39160,Center Drive,0.0,0.0,0.0,0,(),0.0,0.0
39165,Center Drive,0.0,0.0,0.0,0,(),0.0,0.0
39170,Center Drive,0.0,0.0,0.0,0,(),0.0,0.0
39175,Center Drive,0.0,0.0,0.0,0,(),0.0,0.0
39180,Center Drive,0.0,0.0,0.0,0,(),0.0,0.0
39185,Center Drive,0.0,0.0,0.0,0,(),0.0,0.0
39190,Center Drive,0.0,0.0,0.0,0,(),0.0,0.0
39195,Center Drive,0.0,0.0,0.0,0,(),0.0,0.0
39200,Center Drive,0.0,0.0,0.0,0,(),0.0,0.0
39205,Center Drive,0.0,0.0,0.0,0,(),0.0,0.0
39210,Center Drive,0.0,0.0,0.0,0,(),0.0,0.0
39215,Center Drive,0.0,0.0,0.0,0,(),0.0,0.0
39220,Center Drive,0.0,0.0,0.0,0,(),0.0,0.0
39225,Center Drive,0.0,0.0,0.0,0,(),0.0,0.0
39230,Center Drive,0.0,0.0,0.0,0,(),0.0,0.0
39235,Center Drive,0.0,0.0,0.0,0,(),0.0,0.0
39240,Center Drive,0.0,0.0,0.0,0,(),0.0,0.0
39245,Center Drive,0.0,0.0,0.0,0,(),0.0,0.0
39250,Center Drive,0.0,0.0,0.0,0,(),0.0,0.0
39255,Center Drive,0.0,0.0,0.0,0,(),0.0,0.0
39260,Center Drive,0.0,0.0,0.0,0,(),0.0,0.0
39265,Center Drive,0.0,0.0,0.0,0,(),0.0,0.0
39270,Center Drive,0.0,0.0,0.0,0,(),0.0,0.0
39275,Center Drive,0.0,0.0,0.0,0,(),0.0,0.0
39280,Center Drive,0.0,0.0,0.0,0,(),0.0,0.0
39285,Center Drive,0.0,0.0,0.0,0,(),0.0,0.0
39290,Center Drive,0.0,0.0,0.0,0,(),0.0,0.0
39295,Center Drive,0.0,0.0,0.0,0,(),0.0,0.0
39300,Center Drive,0.0,0.0,0.0,0,(),0.0,0.0
39305,Center Drive,0.0,0.0,0.0,0,(),0.0,0.0
39310,Center Drive,0.0,0.0,0.0,0,(),0.0,0.0
39315,Center Drive,0.0,0.0,0.0,0,(),0.0,0.0
39320,Center Drive,0.0,0.0,0.0,0,(),0.0,0.0
39325,Center Drive,0.0,0.0,0.0,0,(),0.0,0.0
39330,Center Drive,0.0,0.0,0.0,0,(),0.0,0.0
39335,Center Drive,0.0,0.0,0.0,0,(),0.0,0.0
39340,Center Drive,0.0,0.0,0.0,0,(),0.0,0.0
39345,Center Drive,0.0,0.0,0.0,0,(),0.0,0.0
39350,Center Drive,0.0,0.0,0.0,0,(),0.0,0.0
39355,Center Drive,0.0,0.0,0.0,0,(),0.0,0.0
39360,Center Drive,0.0,0.0,0.0,0,(),0.0,0.0
39365,Center Drive,0.0,0.0,0.0,0,(),0.0,0.0
39370,Center Drive,0.0,0.0,0.0,0,(),0.0,0.0
39375,Center Drive,0.0,0.0,0.0,0,(),0.0,0.0
39380,Center Drive,0.0,0.0,0.0,0,(),0.0,0.0
39385,Center Drive,0.0,0.0,0.0,0,(),0.0,0.0
39390,Center Drive,0.0,0.0,0.0,0,(),0.0,0.0
39395,Center Drive,0.0,0.0,0.0,0,(),0.0,0.0
39400,Center Drive,0.0,0.0,0.0,0,(),0.0,0.0
39405,Center Drive,0.0,0.0,0.0,0,(),0.0,0.0
39410,Center Drive,0.0,0.0,0.0,0,(),0.0,0.0
39415,Center Drive,0.0,0.0,0.0,0,(),0.0,0.0
39420,Center Drive,0.0,0.0,0.0,0,(),0.0,0.0
39425,Center Drive,0.0,0.0,0.0,0,(),0.0,0.0
39430,Center Drive,0.0,0.0,0.0,0,(),0.0,0.0
39435,Center Drive,0.0,0.0,0.0,0,(),0.0,0.0
39440,Center Drive,0.0,0.0,0.0,0,(),0.0,0.0
39445,Center Drive,0.0,0.0,0.0,0,(),0.0,0.0
39450,Center Drive,0.0,0.0,0.0,0,(),0.0,0.0
39455,Center Drive,0.0,0.0,0.0,0,(),0.0,0.0
39460,Center Drive,0.0,0.0,0.0,0,(),0.0,0.0
39465,Center Drive,0.0,0.0,0.0,0,(),0.0,0.0
39470,Center Drive,0.0,0.0,0.0,0,(),0.0,0.0
39475,Center Drive,0.0,0.0,0.0,0,(),0.0,0.0
39480,Center Drive,0.0,0.0,0.0,0,(),0.0,0.0
39485,Center Drive,0.0,0.0,0.0,0,(),0.0,0.0
39490,Center Drive,0.0,0.0,0.0,0,(),0.0,0.0
39495,Center Drive,0.0,0.0,0.0,0,(),0.0,0.0
39500,Center Drive,0.0,0.0,0.0,0,(),0.0,0.0
39505,Center Drive,0.0,0.0,0.0,0,(),0.0,0.0
39510,Center Drive,0.0,0.0,0.0,0,(),0.0,0.0
39515,Center Drive,0.0,0.0,0.0,0,(),0.0,0.0
39520,Center Drive,0.0,0.0,0.0,0,(),0.0,0.0
39525,Center Drive,0.0,0.0,0.0,0,(),0.0,0.0
39530,Center Drive,0.0,0.0,0.0,0,(),0.0,0.0
39535,Center Drive,0.0,0.0,0.0,0,(),0.0,0.0
39540,Center Drive,0.0,0.0,0.0,0,(),0.0,0.0
39545,Center Drive,0.0,0.0,0.0,0,(),0.0,0.0
39550,Center Drive,0.0,0.0,0.0,0,(),0.0,0.0
39555,Center Drive,0.0,0.0,0.0,0,(),0.0,0.0
39560,Center Drive,0.0,0.0,0.0,0,(),0.0,0.0
39565,Center Drive,0.0,0.0,0.0,0,(),0.0,0.0
39570,Center Drive,0.0,0.0,0.0,0,(),0.0,0.0
39575,Center Drive,0.0,0.0,0.0,0,(),0.0,0.0
39580,Center Drive,0.0,0.0,0.0,0,(),0.0,0.0
39585,Center Drive,0.0,0.0,0.0,0,(),0.0,0.0
39590,Center Drive,0.0,0.0,0.0,0,(),0.0,0.0
39595,Center Drive,0.0,0.0,0.0,0,(),0.0,0.0
39600,Center Drive,0.0,0.0,0.0,0,(),0.0,0.0
39605,Center Drive,0.0,0.0,0.0,0,(),0.0,0.0
39610,Center Drive,0.0,0.0,0.0,0,(),0.0,0.0
39615,Center Drive,0.0,0.0,0.0,0,(),0.0,0.0
39620,Center Drive,0.0,0.0,0.0,0,(),0.0,0.0
39625,Center Drive,0.0,0.0,0.0,0,(),0.0,0.0
39630,Center Drive,0.0,0.0,0.0,0,(),0.0,0.0
39635,Center Drive,0.0,0.0,0.0,0,(),0.0,0.0
39640,Center Drive,0.0,0.0,0.0,0,(),0.0,0.0
39645,Center Drive,0.0,0.0,0.0,0,(),0.0,0.0
39650,Center Drive,0.0,0.0,0.0,0,(),0.0,0.0
39655,Center Drive,0.0,0.0,0.0,0,(),0.0,0.0
39660,Center Drive,0.0,0.0,0.0,0,(),0.0,0.0
39665,Center Drive,0.0,0.0,0.0,0,(),0.0,0.0
39670,Center Drive,0.0,0.0,0.0,0,(),0.0,0.0
39675,Center Drive,0.0,0.0,0.0,0,(),0.0,0.0
39680,Center Drive,0.0,0.0,0.0,0,(),0.0,0.0
39685,Center Drive,0.0,0.0,0.0,0,(),0.0,0.0
39690,Center Drive,0.0,0.0,0.0,0,(),0.0,0.0
39695,Center Drive,0.0,0.0,0.0,0,(),0.0,0.0
39700,Center Drive,0.0,0.0,0.0,0,(),0.0,0.0
39705,Center Drive,0.0,0.0,0.0,0,(),0.0,0.0
39710,Center Drive,0.0,0.0,0.0,0,(),0.0,0.0
39715,Center Drive,0.0,0.0,0.0,0,(),0.0,0.0
39720,Center Drive,0.0,0.0,0.0,0,(),0.0,0.0
39725,Center Drive,0.0,0.0,0.0,0,(),0.0,0.0
39730,Center Drive,0.0,0.0,0.0,0,(),0.0,0.0
39735,Center Drive,0.0,0.0,0.0,0,(),0.0,0.0
39740,Center Drive,0.0,0.0,0.0,0,(),0.0,0.0
39745,Center Drive,0.0,0.0,0.0,0,(),0.0,0.0
39750,Center Drive,0.0,0.0,0.0,0,(),0.0,0.0
39755,Center Drive,0.0,0.0,0.0,0,(),0.0,0.0
39760,Center Drive,0.0,0.0,0.0,0,(),0.0,0.0
39765,Center Drive,0.0,0.0,0.0,0,(),0.0,0.0
39770,Center Drive,0.0,0.0,0.0,0,(),0.0,0.0
39775,Center Drive,0.0,0.0,0.0,0,(),0.0,0.0
39780,Center Drive,0.0,0.0,0.0,0,(),0.0,0.0
39785,Center Drive,0.0,0.0,0.0,0,(),0.0,0.0
39790,Center Drive,0.0,0.0,0.0,0,(),0.0,0.0
39795,Center Drive,0.0,0.0,0.0,0,(),0.0,0.0
39800,Center Drive,0.0,0.0,0.0,0,(),0.0,0.0
39805,Center Drive,0.0,0.0,0.0,0,(),0.0,0.0
39810,Center Drive,0.0,0.0,0.0,0,(),0.0,0.0
39815,Center Drive,0.0,0.0,0.0,0,(),0.0,0.0
39820,Center Drive,0.0,0.0,0.0,0,(),0.0,0.0
39825,Center Drive,0.0,0.0,0.0,0,(),0.0,0.0
39830,Center Drive,0.0,0.0,0.0,0,(),0.0,0.0
39835,Center Drive,0.0,0.0,0.0,0,(),0.0,0.0
39840,Center Drive,0.0,0.0,0.0,0,(),0.0,0.0
39845,Center Drive,0.0,0.0,0.0,0,(),0.0,0.0
39850,Center Drive,0.0,0.0,0.0,0,(),0.0,0.0
39855,Center Drive,0.0,0.0,0.0,0,(),0.0,0.0
39860,Center Drive,0.0,0.0,0.0,0,(),0.0,0.0
39865,Center Drive,0.0,0.0,0.0,0,(),0.0,0.0
39870,Center Drive,0.0,0.0,0.0,0,(),0.0,0.0
39875,Center Drive,0.0,0.0,0.0,0,(),0.0,0.0
39880,Center Drive,0.0,0.0,0.0,0,(),0.0,0.0
39885,Center Drive,0.0,0.0,0.0,0,(),0.0,0.0
39890,Center Drive,0.0,0.0,0.0,0,(),0.0,0.0
39895,Center Drive,0.0,0.0,0.0,0,(),0.0,0.0
39900,Center Drive,0.0,0.0,0.0,0,(),0.0,0.0
39905,Center Drive,0.0,0.0,0.0,0,(),0.0,0.0
39910,Center Drive,0.0,0.0,0.0,0,(),0.0,0.0
39915,Center Drive,0.0,0.0,0.0,0,(),0.0,0.0
39920,Center Drive,0.0,0.0,0.0,0,(),0.0,0.0
39925,Center Drive,0.0,0.0,0.0,0,(),0.0,0.0
39930,Center Drive,0.0,0.0,0.0,0,(),0.0,0.0
39935,Center Drive,0.0,0.0,0.0,0,(),0.0,0.0
39940,Center Drive,0.0,0.0,0.0,0,(),0.0,0.0
39945,Center Drive,0.0,0.0,0.0,0,(),0.0,0.0
39950,Center Drive,0.0,0.0,0.0,0,(),0.0,0.0
39955,Center Drive,0.0,0.0,0.0,0,(),0.0,0.0
39960,Center Drive,0.0,0.0,0.0,0,(),0.0,0.0
39965,Center Drive,0.0,0.0,0.0,0,(),0.0,0.0
39970,Center Drive,0.0,0.0,0.0,0,(),0.0,0.0
39975,Center Drive,0.0,0.0,0.0,0,(),0.0,0.0
39980,Center Drive,0.0,0.0,0.0,0,(),0.0,0.0
39985,Center Drive,0.0,0.0,0.0,0,(),0.0,0.0
39990,Center Drive,0.0,0.0,0.0,0,(),0.0,0.0
39995,Center Drive,0.0,0.0,0.0,0,(),0.0,0.0
40000,Center Drive,0.0,0.0,0.0,0,(),0.0,0.0
40005,Center Drive,0.0,0.0,0.0,0,(),0.0,0.0
40010,Center Drive,0.0,0.0,0.0,0,(),0.0,0.0
40015,Center Drive,0.0,0.0,0.0,0,(),0.0,0.0
40020,Center Drive,0.0,0.0,0.0,0,(),0.0,0.0
40025,Center Drive,0.0,0.0,0.0,0,(),0.0,0.0
40030,Center Drive,0.0,0.0,0.0,0,(),0.0,0.0
40035,Center Drive,0.0,0.0,0.0,0,(),0.0,0.0
40040,Center Drive,0.0,0.0,0.0,0,(),0.0,0.0
40045,Center Drive,0.0,0.0,0.0,0,(),0.0,0.0
40050,Center Drive,0.0,0.0,0.0,0,(),0.0,0.0
40055,Center Drive,0.0,0.0,0.0,0,(),0.0,0.0
40060,Center Drive,0.0,0.0,0.0,0,(),0.0,0.0
40065,Center Drive,0.0,0.0,0.0,0,(),0.0,0.0
40070,Center Drive,0.0,0.0,0.0,0,(),0.0,0.0
40075,Center Drive,0.0,0.0,0.0,0,(),0.0,0.0
40080,Center Drive,0.0,0.0,0.0,0,(),0.0,0.0
40085,Center Drive,0.0,0.0,0.0,0,(),0.0,0.0
40090,Center Drive,0.0,0.0,0.0,0,(),0.0,0.0
40095,Center Drive,0.0,0.0,0.0,0,(),0.0,0.0
40100,Center Drive,0.0,0.0,0.0,0,(),0.0,0.0
40105,Center Drive,0.0,0.0,0.0,0,(),0.0,0.0
40110,Center Drive,0.0,0.0,0.0,0,(),0.0,0.0
40115,Center Drive,0.0,0.0,0.0,0,(),0.0,0.0
40120,Center Drive,0.0,0.0,0.0,0,(),0.0,0.0
40125,Center Drive,0.0,0.0,0.0,0,(),0.0,0.0
40130,Center Drive,0.0,0.0,0.0,0,(),0.0,0.0
40135,Center Drive,0.0,0.0,0.0,0,(),0.0,0.0
40140,Center Drive,0.0,0.0,0.0,0,(),0.0,0.0
40145,Center Drive,0.0,0.0,0.0,0,(),0.0,0.0
40150,Center Drive,0.0,0.0,0.0,0,(),0.0,0.0
40155,Center Drive,0.0,0.0,0.0,0,(),0.0,0.0
40160,Center Drive,0.0,0.0,0.0,0,(),0.0,0.0
40165,Center Drive,0.0,0.0,0.0,0,(),0.0,0.0
40170,Center Drive,0.0,0.0,0.0,0,(),0.0,0.0
40175,Center Drive,0.0,0.0,0.0,0,(),0.0,0.0
40180,Center Drive,0.0,0.0,0.0,0,(),0.0,0.0
40185,Center Drive,0.0,0.0,0.0,0,(),0.0,0.0
40190,Center Drive,0.0,0.0,0.0,0,(),0.0,0.0
40195,Center Drive,0.0,0.0,0.0,0,(),0.0,0.0
40200,Center Drive,0.0,0.0,0.0,0,(),0.0,0.0
40205,Center Drive,0.0,0.0,0.0,0,(),0.0,0.0
40210,Center Drive,0.0,0.0,0.0,0,(),0.0,0.0
40215,Center Drive,0.0,0.0,0.0,0,(),0.0,0.0
40220,Center Drive,0.0,0.0,0.0,0,(),0.0,0.0
40225,Center Drive,0.0,0.0,0.0,0,(),0.0,0.0
40230,Center Drive,0.0,0.0,0.0,0,(),0.0,0.0
40235,Center Drive,0.0,0.0,0.0,0,(),0.0,0.0
40240,Center Drive,0.0,0.0,0.0,0,(),0.0,0.0
40245,Center Drive,0.0,0.0,0.0,0,(),0.0,0.0
40250,Center Drive,0.0,0.0,0.0,0,(),0.0,0.0
40255,Center Drive,0.0,0.0,0.0,0,(),0.0,0.0
40260,Center Drive,0.0,0.0,0.0,0,(),0.0,0.0
40265,Center Drive,0.0,0.0,0.0,0,(),0.0,0.0
40270,Center Drive,0.0,0.0,0.0,0,(),0.0,0.0
40275,Center Drive,0.0,0.0,0.0,0,(),0.0,0.0
40280,Center Drive,0.0,0.0,0.0,0,(),0.0,0.0
40285,Center Drive,0.0,0.0,0.0,0,(),0.0,0.0
40290,Center Drive,0.0,0.0,0.0,0,(),0.0,0.0
40295,Center Drive,0.0,0.0,0.0,0,(),0.0,0.0
40300,Center Drive,0.0,0.0,0.0,0,(),0.0,0.0
40305,Center Drive,0.0,0.0,0.0,0,(),0.0,0.0
40310,Center Drive,0.0,0.0,0.0,0,(),0.0,0.0
40315,Center Drive,0.0,0.0,0.0,0,(),0.0,0.0
40320,Center Drive,0.0,0.0,0.0,0,(),0.0,0.0
40325,Center Drive,0.0,0.0,0.0,0,(),0.0,0.0
40330,Center Drive,0.0,0.0,0.0,0,(),0.0,0.0
40335,Center Drive,0.0,0.0,0.0,0,(),0.0,0.0
40340,Center Drive,0.0,0.0,0.0,0,(),0.0,0.0
40345,Center Drive,0.0,0.0,0.0,0,(),0.0,0.0
40350,Center Drive,0.0,0.0,0.0,0,(),0.0,0.0
40355,Center Drive,0.0,0.0,0.0,0,(),0.0,0.0
40360,Center Drive,0.0,0.0,0.0,0,(),0.0,0.0
40365,Center Drive,0.0,0.0,0.0,0,(),0.0,0.0
40370,Center Drive,0.0,0.0,0.0,0,(),0.0,0.0
40375,Center Drive,0.0,0.0,0.0,0,(),0.0,0.0
40380,Center Drive,0.0,0.0,0.0,0,(),0.0,0.0
40385,Center Drive,0.0,0.0,0.0,0,(),0.0,0.0
40390,Center Drive,0.0,0.0,0.0,0,(),0.0,0.0
40395,Center Drive,0.0,0.0,0.0,0,(),0.0,0.0
40400,Center Drive,0.0,0.0,0.0,0,(),0.0,0.0
40405,Center Drive,0.0,0.0,0.0,0,(),0.0,0.0
40410,Center Drive,0.0,0.0,0.0,0,(),0.0,0.0
40415,Center Drive,0.0,0.0,0.0,0,(),0.0,0.0
40420,Center Drive,0.0,0.0,0.0,0,(),0.0,0.0
40425,Center Drive,0.0,0.0,0.0,0,(),0.0,0.0
40430,Center Drive,0.0,0.0,0.0,0,(),0.0,0.0
40435,Center Drive,0.0,0.0,0.0,0,(),0.0,0.0
40440,Center Drive,0.0,0.0,0.0,0,(),0.0,0.0
40445,Center Drive,0.0,0.0,0.0,0,(),0.0,0.0
40450,Center Drive,0.0,0.0,0.0,0,(),0.0,0.0
40455,Center Drive,0.0,0.0,0.0,0,(),0.0,0.0
40460,Center Drive,0.0,0.0,0.0,0,(),0.0,0.0
40465,Center Drive,0.0,0.0,0.0,0,(),0.0,0.0
40470,Center Drive,0.0,0.0,0.0,0,(),0.0,0.0
40475,Center Drive,0.0,0.0,0.0,0,(),0.0,0.0
40480,Center Drive,0.0,0.0,0.0,0,(),0.0,0.0
40485,Center Drive,0.0,0.0,0.0,0,(),0.0,0.0
40490,Center Drive,0.0,0.0,0.0,0,(),0.0,0.0
40495,Center Drive,0.0,0.0,0.0,0,(),0.0,0.0
40500,Center Drive,0.0,0.0,0.0,0,(),0.0,0.0
40505,Center Drive,0.0,0.0,0.0,0,(),0.0,0.0
40510,Center Drive,0.0,0.0,0.0,0,(),0.0,0.0
40515,Center Drive,0.0,0.0,0.0,0,(),0.0,0.0
40520,Center Drive,0.0,0.0,0.0,0,(),0.0,0.0
40525,Center Drive,0.0,0.0,0.0,0,(),0.0,0.0
40530,Center Drive,0.0,0.0,0.0,0,(),0.0,0.0
40535,Center Drive,0.0,0.0,0.0,0,(),0.0,0.0
40540,Center Drive,0.0,0.0,0.0,0,(),0.0,0.0
40545,Center Drive,0.0,0.0,0.0,0,(),0.0,0.0
40550,Center Drive,0.0,0.0,0.0,0,(),0.0,0.0
40555,Center Drive,0.0,0.0,0.0,0,(),0.0,0.0
40560,Center Drive,0.0,0.0,0.0,0,(),0.0,0.0
40565,Center Drive,0.0,0.0,0.0,0,(),0.0,0.0
40570,Center Drive,0.0,0.0,0.0,0,(),0.0,0.0
40575,Center Drive,0.0,0.0,0.0,0,(),0.0,0.0
40580,Center Drive,0.0,0.0,0.0,0,(),0.0,0.0
40585,Center Drive,0.0,0.0,0.0,0,(),0.0,0.0
40590,Center Drive,0.0,0.0,0.0,0,(),0.0,0.0
40595,Center Drive,0.0,0.0,0.0,0,(),0.0,0.0
40600,Center Drive,0.0,0.0,0.0,0,(),0.0,0.0
40605,Center Drive,0.0,0.0,0.0,0,(),0.0,0.0
40610,Center Drive,0.0,0.0,0.0,0,(),0.0,0.0
40615,Center Drive,0.0,0.0,0.0,0,(),0.0,0.0
40620,Center Drive,0.0,0.0,0.0,0,(),0.0,0.0
40625,Center Drive,0.0,0.0,0.0,0,(),0.0,0.0
40630,Center Drive,0.0,0.0,0.0,0,(),0.0,0.0
40635,Center Drive,0.0,0.0,0.0,0,(),0.0,0.0
40640,Center Drive,0.0,0.0,0.0,0,(),0.0,0.0
40645,Center Drive,0.0,0.0,0.0,0,(),0.0,0.0
40650,Center Drive,0.0,0.0,0.0,0,(),0.0,0.0
40655,Center Drive,0.0,0.0,0.0,0,(),0.0,0.0
40660,Center Drive,0.0,0.0,0.0,0,(),0.0,0.0
40665,Center Drive,0.0,0.0,0.0,0,(),0.0,0.0
40670,Center Drive,0.0,0.0,0.0,0,(),0.0,0.0
40675,Center Drive,0.0,0.0,0.0,0,(),0.0,0.0
40680,Center Drive,0.0,0.0,0.0,0,(),0.0,0.0
40685,Center Drive,0.0,0.0,0.0,0,(),0.0,0.0
40690,Center Drive,0.0,0.0,0.0,0,(),0.0,0.0
40695,Center Drive,0.0,0.0,0.0,0,(),0.0,0.0
40700,Center Drive,0.0,0.0,0.0,0,(),0.0,0.0
40705,Center Drive,0.0,0.0,0.0,0,(),0.0,0.0
40710,Center Drive,0.0,0.0,0.0,0,(),0.0,0.0
40715,Center Drive,0.0,0.0,0.0,0,(),0.0,0.0
40720,Center Drive,0.0,0.0,0.0,0,(),0.0,0.0
40725,Center Drive,0.0,0.0,0.0,0,(),0.0,0.0
40730,Center Drive,0.0,0.0,0.0,0,(),0.0,0.0
40735,Center Drive,0.0,0.0,0.0,0,(),0.0,0.0
40740,Center Drive,0.0,0.0,0.0,0,(),0.0,0.0
40745,Center Drive,0.0,0.0,0.0,0,(),0.0,0.0
40750,Center Drive,0.0,0.0,0.0,0,(),0.0,0.0
40755,Center Drive,0.0,0.0,0.0,0,(),0.0,0.0
40760,Center Drive,0.0,0.0,0.0,0,(),0.0,0.0
40765,Center Drive,0.0,0.0,0.0,0,(),0.0,0.0
40770,Center Drive,0.0,0.0,0.0,0,(),0.0,0.0
40775,Center Drive,0.0,0.0,0.0,0,(),0.0,0.0
40780,Center Drive,0.0,0.0,0.0,0,(),0.0,0.0
40785,Center Drive,0.0,0.0,0.0,0,(),0.0,0.0
40790,Center Drive,0.0,0.0,0.0,0,(),0.0,0.0
40795,Center Drive,0.0,0.0,0.0,0,(),0.0,0.0
40800,Center Drive,0.0,0.0,0.0,0,(),0.0,0.0
40805,Center Drive,0.0,0.0,0.0,0,(),0.0,0.0
40810,Center Drive,0.0,0.0,0.0,0,(),0.0,0.0
40815,Center Drive,0.0,0.0,0.0,0,(),0.0,0.0
40820,Center Drive,0.0,0.0,0.0,0,(),0.0,0.0
40825,Center Drive,0.0,0.0,0.0,0,(),0.0,0.0
40830,Center Drive,0.0,0.0,0.0,0,(),0.0,0.0
40835,Center Drive,0.0,0.0,0.0,0,(),0.0,0.0
40840,Center Drive,0.0,0.0,0.0,0,(),0.0,0.0
40845,Center Drive,0.0,0.0,0.0,0,(),0.0,0.0
40850,Center Drive,0.0,0.0,0.0,0,(),0.0,0.0
40855,Center Drive,0.0,0.0,0.0,0,(),0.0,0.0
40860,Center Drive,0.0,0.0,0.0,0,(),0.0,0.0
40865,Center Drive,0.0,0.0,0.0,0,(),0.0,0.0
40870,Center Drive,0.0,0.0,0.0,0,(),0.0,0.0
40875,Center Drive,0.0,0.0,0.0,0,(),0.0,0.0
40880,Center Drive,0.0,0.0,0.0,0,(),0.0,0.0
40885,Center Drive,0.0,0.0,0.0,0,(),0.0,0.0
40890,Center Drive,0.0,0.0,0.0,0,(),0.0,0.0
40895,Center Drive,0.0,0.0,0.0,0,(),0.0,0.0
40900,Center Drive,0.0,0.0,0.0,0,(),0.0,0.0
40905,Center Drive,0.0,0.0,0.0,0,(),0.0,0.0
40910,Center Drive,0.0,0.0,0.0,0,(),0.0,0.0
40915,Center Drive,0.0,0.0,0.0,0,(),0.0,0.0
40920,Center Drive,0.0,0.0,0.0,0,(),0.0,0.0
40925,Center Drive,0.0,0.0,0.0,0,(),0.0,0.0
40930,Center Drive,0.0,0.0,0.0,0,(),0.0,0.0
40935,Center Drive,0.0,0.0,0.0,0,(),0.0,0.0
40940,Center Drive,0.0,0.0,0.0,0,(),0.0,0.0
40945,Center Drive,0.0,0.0,0.0,0,(),0.0,0.0
40950,Center Drive,0.0,0.0,0.0,0,(),0.0,0.0
40955,Center Drive,0.0,0.0,0.0,0,(),0.0,0.0
40960,Center Drive,0.0,0.0,0.0,0,(),0.0,0.0
40965,Center Drive,0.0,0.0,0.0,0,(),0.0,0.0
40970,Center Drive,0.0,0.0,0.0,0,(),0.0,0.0
40975,Center Drive,0.0,0.0,0.0,0,(),0.0,0.0
40980,Center Drive,0.0,0.0,0.0,0,(),0.0,0.0
40985,Center Drive,0.0,0.0,0.0,0,(),0.0,0.0
40990,Center Drive,0.0,0.0,0.0,0,(),0.0,0.0
40995,Center Drive,0.0,0.0,0.0,0,(),0.0,0.0
41000,Center Drive,0.0,0.0,0.0,0,(),0.0,0.0
41005,Center Drive,0.0,0.0,0.0,0,(),0.0,0.0
41010,Center Drive,0.0,0.0,0.0,0,(),0.0,0.0
41015,Center Drive,0.0,0.0,0.0,0,(),0.0,0.0
41020,Center Drive,0.0,0.0,0.0,0,(),0.0,0.0
41025,Center Drive,0.0,0.0,0.0,0,(),0.0,0.0
41030,Center Drive,0.0,0.0,0.0,0,(),0.0,0.0
41035,Center Drive,0.0,0.0,0.0,0,(),0.0,0.0
41040,Center Drive,0.0,0.0,0.0,0,(),0.0,0.0
41045,Center Drive,0.0,0.0,0.0,0,(),0.0,0.0
41050,Center Drive,0.0,0.0,0.0,0,(),0.0,0.0
41055,Center Drive,0.0,0.0,0.0,0,(),0.0,0.0
41060,Center Drive,0.0,0.0,0.0,0,(),0.0,0.0
41065,Center Drive,0.0,0.0,0.0,0,(),0.0,0.0
41070,Center Drive,0.0,0.0,0.0,0,(),0.0,0.0
41075,Center Drive,0.0,0.0,0.0,0,(),0.0,0.0
41080,Center Drive,0.0,0.0,0.0,0,(),0.0,0.0
41085,Center Drive,0.0,0.0,0.0,0,(),0.0,0.0
41090,Center Drive,0.0,0.0,0.0,0,(),0.0,0.0
41095,Center Drive,0.0,0.0,0.0,0,(),0.0,0.0
41100,Center Drive,0.0,0.0,0.0,0,(),0.0,0.0
41105,Center Drive,0.0,0.0,0.0,0,(),0.0,0.0
41110,Center Drive,0.0,0.0,0.0,0,(),0.0,0.0
41115,Center Drive,0.0,0.0,0.0,0,(),0.0,0.0
41120,Center Drive,0.0,0.0,0.0,0,(),0.0,0.0
41125,Center Drive,0.0,0.0,0.0,0,(),0.0,0.0
41130,Center Drive,0.0,0.0,0.0,0,(),0.0,0.0
41135,Center Drive,0.0,0.0,0.0,0,(),0.0,0.0
41140,Center Drive,0.0,0.0,0.0,0,(),0.0,0.0
41145,Center Drive,0.0,0.0,0.0,0,(),0.0,0.0
41150,Center Drive,0.0,0.0,0.0,0,(),0.0,0.0
41155,Center Drive,0.0,0.0,0.0,0,(),0.0,0.0
41160,Center Drive,0.0,0.0,0.0,0,(),0.0,0.0
41165,Center Drive,0.0,0.0,0.0,0,(),0.0,0.0
41170,Center Drive,0.0,0.0,0.0,0,(),0.0,0.0
41175,Center Drive,0.0,0.0,0.0,0,(),0.0,0.0
41180,Center Drive,0.0,0.0,0.0,0,(),0.0,0.0
41185,Center Drive,0.0,0.0,0.0,0,(),0.0,0.0
41190,Center Drive,0.0,0.0,0.0,0,(),0.0,0.0
41195,Center Drive,0.0,0.0,0.0,0,(),0.0,0.0
41200,Center Drive,0.0,0.0,0.0,0,(),0.0,0.0
41205,Center Drive,0.0,0.0,0.0,0,(),0.0,0.0
41210,Center Drive,0.0,0.0,0.0,0,(),0.0,0.0
41215,Center Drive,0.0,0.0,0.0,0,(),0.0,0.0
41220,Center Drive,0.0,0.0,0.0,0,(),0.0,0.0
41225,Center Drive,0.0,0.0,0.0,0,(),0.0,0.0
41230,Center Drive,0.0,0.0,0.0,0,(),0.0,0.0
41235,Center Drive,0.0,0.0,0.0,0,(),0.0,0.0
41240,Center Drive,0.0,0.0,0.0,0,(),0.0,0.0
41245,Center Drive,0.0,0.0,0.0,0,(),0.0,0.0
41250,Center Drive,0.0,0.0,0.0,0,(),0.0,0.0
41255,Center Drive,0.0,0.0,0.0,0,(),0.0,0.0
41260,Center Drive,0.0,0.0,0.0,0,(),0.0,0.0
41265,Center Drive,0.0,0.0,0.0,0,(),0.0,0.0
41270,Center Drive,0.0,0.0,0.0,0,(),0.0,0.0
41275,Center Drive,0.0,0.0,0.0,0,(),0.0,0.0
41280,Center Drive,0.0,0.0,0.0,0,(),0.0,0.0
41285,Center Drive,0.0,0.0,0.0,0,(),0.0,0.0
41290,Center Drive,0.0,0.0,0.0,0,(),0.0,0.0
41295,Center Drive,0.0,0.0,0.0,0,(),0.0,0.0
41300,Center Drive,0.0,0.0,0.0,0,(),0.0,0.0
41305,Center Drive,0.0,0.0,0.0,0,(),0.0,0.0
41310,Center Drive,0.0,0.0,0.0,0,(),0.0,0.0
41315,Center Drive,0.0,0.0,0.0,0,(),0.0,0.0
41320,Center Drive,0.0,0.0,0.0,0,(),0.0,0.0
41325,Center Drive,0.0,0.0,0.0,0,(),0.0,0.0
41330,Center Drive,0.0,0.0,0.0,0,(),0.0,0.0
41335,Center Drive,0.0,0.0,0.0,0,(),0.0,0.0
41340,Center Drive,0.0,0.0,0.0,0,(),0.0,0.0
41345,Center Drive,0.0,0.0,0.0,0,(),0.0,0.0
41350,Center Drive,0.0,0.0,0.0,0,(),0.0,0.0
41355,Center Drive,0.0,0.0,0.0,0,(),0.0,0.0
41360,Center Drive,0.0,0.0,0.0,0,(),0.0,0.0
41365,Center Drive,0.0,0.0,0.0,0,(),0.0,0.0
41370,Center Drive,0.0,0.0,0.0,0,(),0.0,0.0
41375,Center Drive,0.0,0.0,0.0,0,(),0.0,0.0
41380,Center Drive,0.0,0.0,0.0,0,(),0.0,0.0
41385,Center Drive,0.0,0.0,0.0,0,(),0.0,0.0
41390,Center Drive,0.0,0.0,0.0,0,(),0.0,0.0
41395,Center Drive,0.0,0.0,0.0,0,(),0.0,0.0
41400,Center Drive,0.0,0.0,0.0,0,(),0.0,0.0
41405,Center Drive,0.0,0.0,0.0,0,(),0.0,0.0
41410,Center Drive,0.0,0.0,0.0,0,(),0.0,0.0
41415,Center Drive,0.0,0.0,0.0,0,(),0.0,0.0
41420,Center Drive,0.0,0.0,0.0,0,(),0.0,0.0
41425,Center Drive,0.0,0.0,0.0,0,(),0.0,0.0
41430,Center Drive,0.0,0.0,0.0,0,(),0.0,0.0
41435,Center Drive,0.0,0.0,0.0,0,(),0.0,0.0
41440,Center Drive,0.0,0.0,0.0,0,(),0.0,0.0
41445,Center Drive,0.0,0.0,0.0,0,(),0.0,0.0
41450,Center Drive,0.0,0.0,0.0,0,(),0.0,0.0
41455,Center Drive,0.0,0.0,0.0,0,(),0.0,0.0
41460,Center Drive,0.0,0.0,0.0,0,(),0.0,0.0
41465,Center Drive,0.0,0.0,0.0,0,(),0.0,0.0
41470,Center Drive,0.0,0.0,0.0,0,(),0.0,0.0
41475,Center Drive,0.0,0.0,0.0,0,(),0.0,0.0
41480,Center Drive,0.0,0.0,0.0,0,(),0.0,0.0
41485,Center Drive,0.0,0.0,0.0,0,(),0.0,0.0
41490,Center Drive,0.0,0.0,0.0,0,(),0.0,0.0
41495,Center Drive,0.0,0.0,0.0,0,(),0.0,0.0
41500,Center Drive,0.0,0.0,0.0,0,(),0.0,0.0
41505,Center Drive,0.0,0.0,0.0,0,(),0.0,0.0
41510,Center Drive,0.0,0.0,0.0,0,(),0.0,0.0
41515,Center Drive,0.0,0.0,0.0,0,(),0.0,0.0
41520,Center Drive,0.0,0.0,0.0,0,(),0.0,0.0
41525,Center Drive,0.0,0.0,0.0,0,(),0.0,0.0
41530,Center Drive,0.0,0.0,0.0,0,(),0.0,0.0
41535,Center Drive,0.0,0.0,0.0,0,(),0.0,0.0
41540,Center Drive,0.0,0.0,0.0,0,(),0.0,0.0
41545,Center Drive,0.0,0.0,0.0,0,(),0.0,0.0
41550,Center Drive,0.0,0.0,0.0,0,(),0.0,0.0
41555,Center Drive,0.0,0.0,0.0,0,(),0.0,0.0
41560,Center Drive,0.0,0.0,0.0,0,(),0.0,0.0
41565,Center Drive,0.0,0.0,0.0,0,(),0.0,0.0
41570,Center Drive,0.0,0.0,0.0,0,(),0.0,0.0
41575,Center Drive,0.0,0.0,0.0,0,(),0.0,0.0
41580,Center Drive,0.0,0.0,0.0,0,(),0.0,0.0
41585,Center Drive,0.0,0.0,0.0,0,(),0.0,0.0
41590,Center Drive,0.0,0.0,0.0,0,(),0.0,0.0
41595,Center Drive,0.0,0.0,0.0,0,(),0.0,0.0
41600,Center Drive,0.0,0.0,0.0,0,(),0.0,0.0
41605,Center Drive,0.0,0.0,0.0,0,(),0.0,0.0
41610,Center Drive,0.0,0.0,0.0,0,(),0.0,0.0
41615,Center Drive,0.0,0.0,0.0,0,(),0.0,0.0
41620,Center Drive,0.0,0.0,0.0,0,(),0.0,0.0
41625,Center Drive,0.0,0.0,0.0,0,(),0.0,0.0
41630,Center Drive,0.0,0.0,0.0,0,(),0.0,0.0
41635,Center Drive,0.0,0.0,0.0,0,(),0.0,0.0
41640,Center Drive,0.0,0.0,0.0,0,(),0.0,0.0
41645,Center Drive,0.0,0.0,0.0,0,(),0.0,0.0
41650,Center Drive,0.0,0.0,0.0,0,(),0.0,0.0
41655,Center Drive,0.0,0.0,0.0,0,(),0.0,0.0
41660,Center Drive,0.0,0.0,0.0,0,(),0.0,0.0
41665,Center Drive,0.0,0.0,0.0,0,(),0.0,0.0
41670,Center Drive,0.0,0.0,0.0,0,(),0.0,0.0
41675,Center Drive,0.0,0.0,0.0,0,(),0.0,0.0
41680,Center Drive,0.0,0.0,0.0,0,(),0.0,0.0
41685,Center Drive,0.0,0.0,0.0,0,(),0.0,0.0
41690,Center Drive,0.0,0.0,0.0,0,(),0.0,0.0
41695,Center Drive,0.0,0.0,0.0,0,(),0.0,0.0
41700,Center Drive,0.0,0.0,0.0,0,(),0.0,0.0
41705,Center Drive,0.0,0.0,0.0,0,(),0.0,0.0
41710,Center Drive,0.0,0.0,0.0,0,(),0.0,0.0
41715,Center Drive,0.0,0.0,0.0,0,(),0.0,0.0
41720,Center Drive,0.0,0.0,0.0,0,(),0.0,0.0
41725,Center Drive,0.0,0.0,0.0,0,(),0.0,0.0
41730,Center Drive,0.0,0.0,0.0,0,(),0.0,0.0
41735,Center Drive,0.0,0.0,0.0,0,(),0.0,0.0
41740,Center Drive,0.0,0.0,0.0,0,(),0.0,0.0
41745,Center Drive,0.0,0.0,0.0,0,(),0.0,0.0
41750,Center Drive,0.0,0.0,0.0,0,(),0.0,0.0
41755,Center Drive,0.0,0.0,0.0,0,(),0.0,0.0
41760,Center Drive,0.0,0.0,0.0,0,(),0.0,0.0
41765,Center Drive,0.0,0.0,0.0,0,(),0.0,0.0
41770,Center Drive,0.0,0.0,0.0,0,(),0.0,0.0
41775,Center Drive,0.0,0.0,0.0,0,(),0.0,0.0
41780,Center Drive,0.0,0.0,0.0,0,(),0.0,0.0
41785,Center Drive,0.0,0.0,0.0,0,(),0.0,0.0
41790,Center Drive,0.0,0.0,0.0,0,(),0.0,0.0
41795,Center Drive,0.0,0.0,0.0,0,(),0.0,0.0
41800,Center Drive,0.0,0.0,0.0,0,(),0.0,0.0
41805,Center Drive,0.0,0.0,0.0,0,(),0.0,0.0
41810,Center Drive,0.0,0.0,0.0,0,(),0.0,0.0
41815,Center Drive,0.0,0.0,0.0,0,(),0.0,0.0
41820,Center Drive,0.0,0.0,0.0,0,(),0.0,0.0
41825,Center Drive,0.0,0.0,0.0,0,(),0.0,0.0
41830,Center Drive,0.0,0.0,0.0,0,(),0.0,0.0
41835,Center Drive,0.0,0.0,0.0,0,(),0.0,0.0
41840,Center Drive,0.0,0.0,0.0,0,(),0.0,0.0
41845,Center Drive,0.0,0.0,0.0,0,(),0.0,0.0
41850,Center Drive,0.0,0.0,0.0,0,(),0.0,0.0
41855,Center Drive,0.0,0.0,0.0,0,(),0.0,0.0
41860,Center Drive,0.0,0.0,0.0,0,(),0.0,0.0
41865,Center Drive,0.0,0.0,0.0,0,(),0.0,0.0
41870,Center Drive,0.0,0.0,0.0,0,(),0.0,0.0
41875,Center Drive,0.0,0.0,0.0,0,(),0.0,0.0
41880,Center Drive,0.0,0.0,0.0,0,(),0.0,0.0
41885,Center Drive,0.0,0.0,0.0,0,(),0.0,0.0
41890,Center Drive,0.0,0.0,0.0,0,(),0.0,0.0
41895,Center Drive,0.0,0.0,0.0,0,(),0.0,0.0
41900,Center Drive,0.0,0.0,0.0,0,(),0.0,0.0
41905,Center Drive,0.0,0.0,0.0,0,(),0.0,0.0
41910,Center Drive,0.0,0.0,0.0,0,(),0.0,0.0
41915,Center Drive,0.0,0.0,0.0,0,(),0.0,0.0
41920,Center Drive,0.0,0.0,0.0,0,(),0.0,0.0
41925,Center Drive,0.0,0.0,0.0,0,(),0.0,0.0
41930,Center Drive,0.0,0.0,0.0,0,(),0.0,0.0
41935,Center Drive,0.0,0.0,0.0,0,(),0.0,0.0
41940,Center Drive,0.0,0.0,0.0,0,(),0.0,0.0
41945,Center Drive,0.0,0.0,0.0,0,(),0.0,0.0
41950,Center Drive,0.0,0.0,0.0,0,(),0.0,0.0
41955,Center Drive,0.0,0.0,0.0,0,(),0.0,0.0
41960,Center Drive,0.0,0.0,0.0,0,(),0.0,0.0
41965,Center Drive,0.0,0.0,0.0,0,(),0.0,0.0
41970,Center Drive,0.0,0.0,0.0,0,(),0.0,0.0
41975,Center Drive,0.0,0.0,0.0,0,(),0.0,0.0
41980,Center Drive,0.0,0.0,0.0,0,(),0.0,0.0
41985,Center Drive,0.0,0.0,0.0,0,(),0.0,0.0
41990,Center Drive,0.0,0.0,0.0,0,(),0.0,0.0
41995,Center Drive,0.0,0.0,0.0,0,(),0.0,0.0
42000,Center Drive,0.0,0.0,0.0,0,(),0.0,0.0
42005,Center Drive,0.0,0.0,0.0,0,(),0.0,0.0
42010,Center Drive,0.0,0.0,0.0,0,(),0.0,0.0
42015,Center Drive,0.0,0.0,0.0,0,(),0.0,0.0
42020,Center Drive,0.0,0.0,0.0,0,(),0.0,0.0
42025,Center Drive,0.0,0.0,0.0,0,(),0.0,0.0
42030,Center Drive,0.0,0.0,0.0,0,(),0.0,0.0
42035,Center Drive,0.0,0.0,0.0,0,(),0.0,0.0
42040,Center Drive,0.0,0.0,0.0,0,(),0.0,0.0
42045,Center Drive,0.0,0.0,0.0,0,(),0.0,0.0
42050,Center Drive,0.0,0.0,0.0,0,(),0.0,0.0
42055,Center Drive,0.0,0.0,0.0,0,(),0.0,0.0
42060,Center Drive,0.0,0.0,0.0,0,(),0.0,0.0
42065,Center Drive,0.0,0.0,0.0,0,(),0.0,0.0
42070,Center Drive,0.0,0.0,0.0,0,(),0.0,0.0
42075,Center Drive,0.0,0.0,0.0,0,(),0.0,0.0
42080,Center Drive,0.0,0.0,0.0,0,(),0.0,0.0
42085,Center Drive,0.0,0.0,0.0,0,(),0.0,0.0
42090,Center Drive,0.0,0.0,0.0,0,(),0.0,0.0
42095,Center Drive,0.0,0.0,0.0,0,(),0.0,0.0
42100,Center Drive,0.0,0.0,0.0,0,(),0.0,0.0
42105,Center Drive,0.0,0.0,0.0,0,(),0.0,0.0
42110,Center Drive,0.0,0.0,0.0,0,(),0.0,0.0
42115,Center Drive,0.0,0.0,0.0,0,(),0.0,0.0
42120,Center Drive,0.0,0.0,0.0,0,(),0.0,0.0
42125,Center Drive,0.0,0.0,0.0,0,(),0.0,0.0
42130,Center Drive,0.0,0.0,0.0,0,(),0.0,0.0
42135,Center Drive,0.0,0.0,0.0,0,(),0.0,0.0
42140,Center Drive,0.0,0.0,0.0,0,(),0.0,0.0
42145,Center Drive,0.0,0.0,0.0,0,(),0.0,0.0
42150,Center Drive,0.0,0.0,0.0,0,(),0.0,0.0
42155,Center Drive,0.0,0.0,0.0,0,(),0.0,0.0
42160,Center Drive,0.0,0.0,0.0,0,(),0.0,0.0
42165,Center Drive,0.0,0.0,0.0,0,(),0.0,0.0
42170,Center Drive,0.0,0.0,0.0,0,(),0.0,0.0
42175,Center Drive,0.0,0.0,0.0,0,(),0.0,0.0
42180,Center Drive,0.0,0.0,0.0,0,(),0.0,0.0
42185,Center Drive,0.0,0.0,0.0,0,(),0.0,0.0
42190,Center Drive,0.0,0.0,0.0,0,(),0.0,0.0
42195,Center Drive,0.0,0.0,0.0,0,(),0.0,0.0
42200,Center Drive,0.0,0.0,0.0,0,(),0.0,0.0
42205,Center Drive,0.0,0.0,0.0,0,(),0.0,0.0
42210,Center Drive,0.0,0.0,0.0,0,(),0.0,0.0
42215,Center Drive,0.0,0.0,0.0,0,(),0.0,0.0
42220,Center Drive,0.0,0.0,0.0,0,(),0.0,0.0
42225,Center Drive,0.0,0.0,0.0,0,(),0.0,0.0
42230,Center Drive,0.0,0.0,0.0,0,(),0.0,0.0
42235,Center Drive,0.0,0.0,0.0,0,(),0.0,0.0
42240,Center Drive,0.0,0.0,0.0,0,(),0.0,0.0
42245,Center Drive,0.0,0.0,0.0,0,(),0.0,0.0
42250,Center Drive,0.0,0.0,0.0,0,(),0.0,0.0
42255,Center Drive,0.0,0.0,0.0,0,(),0.0,0.0
42260,Center Drive,0.0,0.0,0.0,0,(),0.0,0.0
42265,Center Drive,0.0,0.0,0.0,0,(),0.0,0.0
42270,Center Drive,0.0,0.0,0.0,0,(),0.0,0.0
42275,Center Drive,0.0,0.0,0.0,0,(),0.0,0.0
42280,Center Drive,0.0,0.0,0.0,0,(),0.0,0.0
42285,Center Drive,0.0,0.0,0.0,0,(),0.0,0.0
42290,Center Drive,0.0,0.0,0.0,0,(),0.0,0.0
42295,Center Drive,0.0,0.0,0.0,0,(),0.0,0.0
42300,Center Drive,0.0,0.0,0.0,0,(),0.0,0.0
42305,Center Drive,0.0,0.0,0.0,0,(),0.0,0.0
42310,Center Drive,0.0,0.0,0.0,0,(),0.0,0.0
42315,Center Drive,0.0,0.0,0.0,0,(),0.0,0.0
42320,Center Drive,0.0,0.0,0.0,0,(),0.0,0.0
42325,Center Drive,0.0,0.0,0.0,0,(),0.0,0.0
42330,Center Drive,0.0,0.0,0.0,0,(),0.0,0.0
42335,Center Drive,0.0,0.0,0.0,0,(),0.0,0.0
42340,Center Drive,0.0,0.0,0.0,0,(),0.0,0.0
42345,Center Drive,0.0,0.0,0.0,0,(),0.0,0.0
42350,Center Drive,0.0,0.0,0.0,0,(),0.0,0.0
42355,Center Drive,0.0,0.0,0.0,0,(),0.0,0.0
42360,Center Drive,0.0,0.0,0.0,0,(),0.0,0.0
42365,Center Drive,0.0,0.0,0.0,0,(),0.0,0.0
42370,Center Drive,0.0,0.0,0.0,0,(),0.0,0.0
42375,Center Drive,0.0,0.0,0.0,0,(),0.0,0.0
42380,Center Drive,0.0,0.0,0.0,0,(),0.0,0.0
42385,Center Drive,0.0,0.0,0.0,0,(),0.0,0.0
42390,Center Drive,0.0,0.0,0.0,0,(),0.0,0.0
42395,Center Drive,0.0,0.0,0.0,0,(),0.0,0.0
42400,Center Drive,0.0,0.0,0.0,0,(),0.0,0.0
42405,Center Drive,0.0,0.0,0.0,0,(),0.0,0.0
42410,Center Drive,0.0,0.0,0.0,0,(),0.0,0.0
42415,Center Drive,0.0,0.0,0.0,0,(),0.0,0.0
42420,Center Drive,0.0,0.0,0.0,0,(),0.0,0.0
42425,Center Drive,0.0,0.0,0.0,0,(),0.0,0.0
42430,Center Drive,0.0,0.0,0.0,0,(),0.0,0.0
42435,Center Drive,0.0,0.0,0.0,0,(),0.0,0.0
42440,Center Drive,0.0,0.0,0.0,0,(),0.0,0.0
42445,Center Drive,0.0,0.0,0.0,0,(),0.0,0.0
42450,Center Drive,0.0,0.0,0.0,0,(),0.0,0.0
42455,Center Drive,0.0,0.0,0.0,0,(),0.0,0.0
42460,Center Drive,0.0,0.0,0.0,0,(),0.0,0.0
42465,Center Drive,0.0,0.0,0.0,0,(),0.0,0.0
42470,Center Drive,0.0,0.0,0.0,0,(),0.0,0.0
42475,Center Drive,0.0,0.0,0.0,0,(),0.0,0.0
42480,Center Drive,0.0,0.0,0.0,0,(),0.0,0.0
42485,Center Drive,0.0,0.0,0.0,0,(),0.0,0.0
42490,Center Drive,0.0,0.0,0.0,0,(),0.0,0.0
42495,Center Drive,0.0,0.0,0.0,0,(),0.0,0.0
42500,Center Drive,0.0,0.0,0.0,0,(),0.0,0.0
42505,Center Drive,0.0,0.0,0.0,0,(),0.0,0.0
42510,Center Drive,0.0,0.0,0.0,0,(),0.0,0.0
42515,Center Drive,0.0,0.0,0.0,0,(),0.0,0.0
42520,Center Drive,0.0,0.0,0.0,0,(),0.0,0.0
42525,Center Drive,0.0,0.0,0.0,0,(),0.0,0.0
42530,Center Drive,0.0,0.0,0.0,0,(),0.0,0.0
42535,Center Drive,0.0,0.0,0.0,0,(),0.0,0.0
42540,Center Drive,0.0,0.0,0.0,0,(),0.0,0.0
42545,Center Drive,0.0,0.0,0.0,0,(),0.0,0.0
42550,Center Drive,0.0,0.0,0.0,0,(),0.0,0.0
42555,Center Drive,0.0,0.0,0.0,0,(),0.0,0.0
42560,Center Drive,0.0,0.0,0.0,0,(),0.0,0.0
42565,Center Drive,0.0,0.0,0.0,0,(),0.0,0.0
42570,Center Drive,0.0,0.0,0.0,0,(),0.0,0.0
42575,Center Drive,0.0,0.0,0.0,0,(),0.0,0.0
42580,Center Drive,0.0,0.0,0.0,0,(),0.0,0.0
42585,Center Drive,0.0,0.0,0.0,0,(),0.0,0.0
42590,Center Drive,0.0,0.0,0.0,0,(),0.0,0.0
42595,Center Drive,0.0,0.0,0.0,0,(),0.0,0.0
42600,Center Drive,0.0,0.0,0.0,0,(),0.0,0.0
42605,Center Drive,0.0,0.0,0.0,0,(),0.0,0.0
42610,Center Drive,0.0,0.0,0.0,0,(),0.0,0.0
42615,Center Drive,0.0,0.0,0.0,0,(),0.0,0.0
42620,Center Drive,0.0,0.0,0.0,0,(),0.0,0.0
42625,Center Drive,0.0,0.0,0.0,0,(),0.0,0.0
42630,Center Drive,0.0,0.0,0.0,0,(),0.0,0.0
42635,Center Drive,0.0,0.0,0.0,0,(),0.0,0.0
42640,Center Drive,0.0,0.0,0.0,0,(),0.0,0.0
42645,Center Drive,0.0,0.0,0.0,0,(),0.0,0.0
42650,Center Drive,0.0,0.0,0.0,0,(),0.0,0.0
42655,Center Drive,0.0,0.0,0.0,0,(),0.0,0.0
42660,Center Drive,0.0,0.0,0.0,0,(),0.0,0.0
42665,Center Drive,0.0,0.0,0.0,0,(),0.0,0.0
42670,Center Drive,0.0,0.0,0.0,0,(),0.0,0.0
42675,Center Drive,0.0,0.0,0.0,0,(),0.0,0.0
42680,Center Drive,0.0,0.0,0.0,0,(),0.0,0.0
42685,Center Drive,0.0,0.0,0.0,0,(),0.0,0.0
42690,Center Drive,0.0,0.0,0.0,0,(),0.0,0.0
42695,Center Drive,0.0,0.0,0.0,0,(),0.0,0.0
42700,Center Drive,0.0,0.0,0.0,0,(),0.0,0.0
42705,Center Drive,0.0,0.0,0.0,0,(),0.0,0.0
42710,Center Drive,0.0,0.0,0.0,0,(),0.0,0.0
42715,Center Drive,0.0,0.0,0.0,0,(),0.0,0.0
42720,Center Drive,0.0,0.0,0.0,0,(),0.0,0.0
42725,Center Drive,0.0,0.0,0.0,0,(),0.0,0.0
42730,Center Drive,0.0,0.0,0.0,0,(),0.0,0.0
42735,Center Drive,0.0,0.0,0.0,0,(),0.0,0.0
42740,Center Drive,0.0,0.0,0.0,0,(),0.0,0.0
42745,Center Drive,0.0,0.0,0.0,0,(),0.0,0.0
42750,Center Drive,0.0,0.0,0.0,0,(),0.0,0.0
42755,Center Drive,0.0,0.0,0.0,0,(),0.0,0.0
42760,Center Drive,0.0,0.0,0.0,0,(),0.0,0.0
42765,Center Drive,0.0,0.0,0.0,0,(),0.0,0.0
42770,Center Drive,0.0,0.0,0.0,0,(),0.0,0.0
42775,Center Drive,0.0,0.0,0.0,0,(),0.0,0.0
42780,Center Drive,0.0,0.0,0.0,0,(),0.0,0.0
42785,Center Drive,0.0,0.0,0.0,0,(),0.0,0.0
42790,Center Drive,0.0,0.0,0.0,0,(),0.0,0.0
42795,Center Drive,0.0,0.0,0.0,0,(),0.0,0.0
42800,Center Drive,0.0,0.0,0.0,0,(),0.0,0.0
42805,Center Drive,0.0,0.0,0.0,0,(),0.0,0.0
42810,Center Drive,0.0,0.0,0.0,0,(),0.0,0.0
42815,Center Drive,0.0,0.0,0.0,0,(),0.0,0.0
42820,Center Drive,0.0,0.0,0.0,0,(),0.0,0.0
42825,Center Drive,0.0,0.0,0.0,0,(),0.0,0.0
42830,Center Drive,0.0,0.0,0.0,0,(),0.0,0.0
42835,Center Drive,0.0,0.0,0.0,0,(),0.0,0.0
42840,Center Drive,0.0,0.0,0.0,0,(),0.0,0.0
42845,Center Drive,0.0,0.0,0.0,0,(),0.0,0.0
42850,Center Drive,0.0,0.0,0.0,0,(),0.0,0.0
42855,Center Drive,0.0,0.0,0.0,0,(),0.0,0.0
42860,Center Drive,0.0,0.0,0.0,0,(),0.0,0.0
42865,Center Drive,0.0,0.0,0.0,0,(),0.0,0.0
42870,Center Drive,0.0,0.0,0.0,0,(),0.0,0.0
42875,Center Drive,0.0,0.0,0.0,0,(),0.0,0.0
42880,Center Drive,0.0,0.0,0.0,0,(),0.0,0.0
42885,Center Drive,0.0,0.0,0.0,0,(),0.0,0.0
42890,Center Drive,0.0,0.0,0.0,0,(),0.0,0.0
42895,Center Drive,0.0,0.0,0.0,0,(),0.0,0.0
42900,Center Drive,0.0,0.0,0.0,0,(),0.0,0.0
42905,Center Drive,0.0,0.0,0.0,0,(),0.0,0.0
42910,Center Drive,0.0,0.0,0.0,0,(),0.0,0.0
42915,Center Drive,0.0,0.0,0.0,0,(),0.0,0.0
42920,Center Drive,0.0,0.0,0.0,0,(),0.0,0.0
42925,Center Drive,0.0,0.0,0.0,0,(),0.0,0.0
42930,Center Drive,0.0,0.0,0.0,0,(),0.0,0.0
42935,Center Drive,0.0,0.0,0.0,0,(),0.0,0.0
42940,Center Drive,0.0,0.0,0.0,0,(),0.0,0.0
42945,Center Drive,0.0,0.0,0.0,0,(),0.0,0.0
42950,Center Drive,0.0,0.0,0.0,0,(),0.0,0.0
42955,Center Drive,0.0,0.0,0.0,0,(),0.0,0.0
42960,Center Drive,0.0,0.0,0.0,0,(),0.0,0.0
42965,Center Drive,0.0,0.0,0.0,0,(),0.0,0.0
42970,Center Drive,0.0,0.0,0.0,0,(),0.0,0.0
42975,Center Drive,0.0,0.0,0.0,0,(),0.0,0.0
42980,Center Drive,0.0,0.0,0.0,0,(),0.0,0.0
42985,Center Drive,0.0,0.0,0.0,0,(),0.0,0.0
42990,Center Drive,0.0,0.0,0.0,0,(),0.0,0.0
42995,Center Drive,0.0,0.0,0.0,0,(),0.0,0.0
43000,Center Drive,0.0,0.0,0.0,0,(),0.0,0.0
43005,Center Drive,0.0,0.0,0.0,0,(),0.0,0.0
43010,Center Drive,0.0,0.0,0.0,0,(),0.0,0.0
43015,Center Drive,0.0,0.0,0.0,0,(),0.0,0.0
43020,Center Drive,0.0,0.0,0.0,0,(),0.0,0.0
43025,Center Drive,0.0,0.0,0.0,0,(),0.0,0.0
43030,Center Drive,0.0,0.0,0.0,0,(),0.0,0.0
43035,Center Drive,0.0,0.0,0.0,0,(),0.0,0.0
43040,Center Drive,0.0,0.0,0.0,0,(),0.0,0.0
43045,Center Drive,0.0,0.0,0.0,0,(),0.0,0.0
43050,Center Drive,0.0,0.0,0.0,0,(),0.0,0.0
43055,Center Drive,0.0,0.0,0.0,0,(),0.0,0.0
43060,Center Drive,0.0,0.0,0.0,0,(),0.0,0.0
43065,Center Drive,0.0,0.0,0.0,0,(),0.0,0.0
43070,Center Drive,0.0,0.0,0.0,0,(),0.0,0.0
43075,Center Drive,0.0,0.0,0.0,0,(),0.0,0.0
43080,Center Drive,0.0,0.0,0.0,0,(),0.0,0.0
43085,Center Drive,0.0,0.0,0.0,0,(),0.0,0.0
43090,Center Drive,0.0,0.0,0.0,0,(),0.0,0.0
43095,Center Drive,0.0,0.0,0.0,0,(),0.0,0.0
43100,Center Drive,0.0,0.0,0.0,0,(),0.0,0.0
43105,Center Drive,0.0,0.0,0.0,0,(),0.0,0.0
43110,Center Drive,0.0,0.0,0.0,0,(),0.0,0.0
43115,Center Drive,0.0,0.0,0.0,0,(),0.0,0.0
43120,Center Drive,0.0,0.0,0.0,0,(),0.0,0.0
43125,Center Drive,0.0,0.0,0.0,0,(),0.0,0.0
43130,Center Drive,0.0,0.0,0.0,0,(),0.0,0.0
43135,Center Drive,0.0,0.0,0.0,0,(),0.0,0.0
43140,Center Drive,0.0,0.0,0.0,0,(),0.0,0.0
43145,Center Drive,0.0,0.0,0.0,0,(),0.0,0.0
43150,Center Drive,0.0,0.0,0.0,0,(),0.0,0.0
43155,Center Drive,0.0,0.0,0.0,0,(),0.0,0.0
43160,Center Drive,0.0,0.0,0.0,0,(),0.0,0.0
43165,Center Drive,0.0,0.0,0.0,0,(),0.0,0.0
43170,Center Drive,0.0,0.0,0.0,0,(),0.0,0.0
43175,Center Drive,0.0,0.0,0.0,0,(),0.0,0.0
43180,Center Drive,0.0,0.0,0.0,0,(),0.0,0.0
43185,Center Drive,0.0,0.0,0.0,0,(),0.0,0.0
43190,Center Drive,0.0,0.0,0.0,0,(),0.0,0.0
43195,Center Drive,0.0,0.0,0.0,0,(),0.0,0.0
43200,Center Drive,0.0,0.0,0.0,0,(),0.0,0.0
43205,Center Drive,0.0,0.0,0.0,0,(),0.0,0.0
43210,Center Drive,0.0,0.0,0.0,0,(),0.0,0.0
43215,Center Drive,0.0,0.0,0.0,0,(),0.0,0.0
43220,Center Drive,0.0,0.0,0.0,0,(),0.0,0.0
43225,Center Drive,0.0,0.0,0.0,0,(),0.0,0.0
43230,Center Drive,0.0,0.0,0.0,0,(),0.0,0.0
43235,Center Drive,0.0,0.0,0.0,0,(),0.0,0.0
43240,Center Drive,0.0,0.0,0.0,0,(),0.0,0.0
43245,Center Drive,0.0,0.0,0.0,0,(),0.0,0.0
43250,Center Drive,0.0,0.0,0.0,0,(),0.0,0.0
43255,Center Drive,0.0,0.0,0.0,0,(),0.0,0.0
43260,Center Drive,0.0,0.0,0.0,0,(),0.0,0.0
43265,Center Drive,0.0,0.0,0.0,0,(),0.0,0.0
43270,Center Drive,0.0,0.0,0.0,0,(),0.0,0.0
43275,Center Drive,0.0,0.0,0.0,0,(),0.0,0.0
43280,Center Drive,0.0,0.0,0.0,0,(),0.0,0.0
43285,Center Drive,0.0,0.0,0.0,0,(),0.0,0.0
43290,Center Drive,0.0,0.0,0.0,0,(),0.0,0.0
43295,Center Drive,0.0,0.0,0.0,0,(),0.0,0.0
43300,Center Drive,0.0,0.0,0.0,0,(),0.0,0.0
43305,Center Drive,0.0,0.0,0.0,0,(),0.0,0.0
43310,Center Drive,0.0,0.0,0.0,0,(),0.0,0.0
43315,Center Drive,0.0,0.0,0.0,0,(),0.0,0.0
43320,Center Drive,0.0,0.0,0.0,0,(),0.0,0.0
43325,Center Drive,0.0,0.0,0.0,0,(),0.0,0.0
43330,Center Drive,0.0,0.0,0.0,0,(),0.0,0.0
43335,Center Drive,0.0,0.0,0.0,0,(),0.0,0.0
43340,Center Drive,0.0,0.0,0.0,0,(),0.0,0.0
43345,Center Drive,0.0,0.0,0.0,0,(),0.0,0.0
43350,Center Drive,0.0,0.0,0.0,0,(),0.0,0.0
43355,Center Drive,0.0,0.0,0.0,0,(),0.0,0.0
43360,Center Drive,0.0,0.0,0.0,0,(),0.0,0.0
43365,Center Drive,0.0,0.0,0.0,0,(),0.0,0.0
43370,Center Drive,0.0,0.0,0.0,0,(),0.0,0.0
43375,Center Drive,0.0,0.0,0.0,0,(),0.0,0.0
43380,Center Drive,0.0,0.0,0.0,0,(),0.0,0.0
43385,Center Drive,0.0,0.0,0.0,0,(),0.0,0.0
43390,Center Drive,0.0,0.0,0.0,0,(),0.0,0.0
43395,Center Drive,0.0,0.0,0.0,0,(),0.0,0.0
43400,Center Drive,0.0,0.0,0.0,0,(),0.0,0.0
43405,Center Drive,0.0,0.0,0.0,0,(),0.0,0.0
43410,Center Drive,0.0,0.0,0.0,0,(),0.0,0.0
43415,Center Drive,0.0,0.0,0.0,0,(),0.0,0.0
43420,Center Drive,0.0,0.0,0.0,0,(),0.0,0.0
43425,Center Drive,0.0,0.0,0.0,0,(),0.0,0.0
43430,Center Drive,0.0,0.0,0.0,0,(),0.0,0.0
43435,Center Drive,0.0,0.0,0.0,0,(),0.0,0.0
43440,Center Drive,0.0,0.0,0.0,0,(),0.0,0.0
43445,Center Drive,0.0,0.0,0.0,0,(),0.0,0.0
43450,Center Drive,0.0,0.0,0.0,0,(),0.0,0.0
43455,Center Drive,0.0,0.0,0.0,0,(),0.0,0.0
43460,Center Drive,0.0,0.0,0.0,0,(),0.0,0.0
43465,Center Drive,0.0,0.0,0.0,0,(),0.0,0.0
43470,Center Drive,0.0,0.0,0.0,0,(),0.0,0.0
43475,Center Drive,0.0,0.0,0.0,0,(),0.0,0.0
43480,Center Drive,0.0,0.0,0.0,0,(),0.0,0.0
43485,Center Drive,0.0,0.0,0.0,0,(),0.0,0.0
43490,Center Drive,0.0,0.0,0.0,0,(),0.0,0.0
43495,Center Drive,0.0,0.0,0.0,0,(),0.0,0.0
43500,Center Drive,0.0,0.0,0.0,0,(),0.0,0.0
43505,Center Drive,0.0,0.0,0.0,0,(),0.0,0.0
43510,Center Drive,0.0,0.0,0.0,0,(),0.0,0.0
43515,Center Drive,0.0,0.0,0.0,0,(),0.0,0.0
43520,Center Drive,0.0,0.0,0.0,0,(),0.0,0.0
43525,Center Drive,0.0,0.0,0.0,0,(),0.0,0.0
43530,Center Drive,0.0,0.0,0.0,0,(),0.0,0.0
43535,Center Drive,0.0,0.0,0.0,0,(),0.0,0.0
43540,Center Drive,0.0,0.0,0.0,0,(),0.0,0.0
43545,Center Drive,0.0,0.0,0.0,0,(),0.0,0.0
43550,Center Drive,0.0,0.0,0.0,0,(),0.0,0.0
43555,Center Drive,0.0,0.0,0.0,0,(),0.0,0.0
43560,Center Drive,0.0,0.0,0.0,0,(),0.0,0.0
43565,Center Drive,0.0,0.0,0.0,0,(),0.0,0.0
43570,Center Drive,0.0,0.0,0.0,0,(),0.0,0.0
43575,Center Drive,0.0,0.0,0.0,0,(),0.0,0.0
43580,Center Drive,0.0,0.0,0.0,0,(),0.0,0.0
43585,Center Drive,0.0,0.0,0.0,0,(),0.0,0.0
43590,Center Drive,0.0,0.0,0.0,0,(),0.0,0.0
43595,Center Drive,0.0,0.0,0.0,0,(),0.0,0.0
43600,Center Drive,0.0,0.0,0.0,0,(),0.0,0.0
43605,Center Drive,0.0,0.0,0.0,0,(),0.0,0.0
43610,Center Drive,0.0,0.0,0.0,0,(),0.0,0.0
43615,Center Drive,0.0,0.0,0.0,0,(),0.0,0.0
43620,Center Drive,0.0,0.0,0.0,0,(),0.0,0.0
43625,Center Drive,0.0,0.0,0.0,0,(),0.0,0.0
43630,Center Drive,0.0,0.0,0.0,0,(),0.0,0.0
43635,Center Drive,0.0,0.0,0.0,0,(),0.0,0.0
43640,Center Drive,0.0,0.0,0.0,0,(),0.0,0.0
43645,Center Drive,0.0,0.0,0.0,0,(),0.0,0.0
43650,Center Drive,0.0,0.0,0.0,0,(),0.0,0.0
43655,Center Drive,0.0,0.0,0.0,0,(),0.0,0.0
43660,Center Drive,0.0,0.0,0.0,0,(),0.0,0.0
43665,Center Drive,0.0,0.0,0.0,0,(),0.0,0.0
43670,Center Drive,0.0,0.0,0.0,0,(),0.0,0.0
43675,Center Drive,0.0,0.0,0.0,0,(),0.0,0.0
43680,Center Drive,0.0,0.0,0.0,0,(),0.0,0.0
43685,Center Drive,0.0,0.0,0.0,0,(),0.0,0.0
43690,Center Drive,0.0,0.0,0.0,0,(),0.0,0.0
43695,Center Drive,0.0,0.0,0.0,0,(),0.0,0.0
43700,Center Drive,0.0,0.0,0.0,0,(),0.0,0.0
43705,Center Drive,0.0,0.0,0.0,0,(),0.0,0.0
43710,Center Drive,0.0,0.0,0.0,0,(),0.0,0.0
43715,Center Drive,0.0,0.0,0.0,0,(),0.0,0.0
43720,Center Drive,0.0,0.0,0.0,0,(),0.0,0.0
43725,Center Drive,0.0,0.0,0.0,0,(),0.0,0.0
43730,Center Drive,0.0,0.0,0.0,0,(),0.0,0.0
43735,Center Drive,0.0,0.0,0.0,0,(),0.0,0.0
43740,Center Drive,0.0,0.0,0.0,0,(),0.0,0.0
43745,Center Drive,0.0,0.0,0.0,0,(),0.0,0.0
43750,Center Drive,0.0,0.0,0.0,0,(),0.0,0.0
43755,Center Drive,0.0,0.0,0.0,0,(),0.0,0.0
43760,Center Drive,0.0,0.0,0.0,0,(),0.0,0.0
43765,Center Drive,0.0,0.0,0.0,0,(),0.0,0.0
43770,Center Drive,0.0,0.0,0.0,0,(),0.0,0.0
43775,Center Drive,0.0,0.0,0.0,0,(),0.0,0.0
43780,Center Drive,0.0,0.0,0.0,0,(),0.0,0.0
43785,Center Drive,0.0,0.0,0.0,0,(),0.0,0.0
43790,Center Drive,0.0,0.0,0.0,0,(),0.0,0.0
43795,Center Drive,0.0,0.0,0.0,0,(),0.0,0.0
43800,Center Drive,0.0,0.0,0.0,0,(),0.0,0.0
43805,Center Drive,0.0,0.0,0.0,0,(),0.0,0.0
43810,Center Drive,0.0,0.0,0.0,0,(),0.0,0.0
43815,Center Drive,0.0,0.0,0.0,0,(),0.0,0.0
43820,Center Drive,0.0,0.0,0.0,0,(),0.0,0.0
43825,Center Drive,0.0,0.0,0.0,0,(),0.0,0.0
43830,Center Drive,0.0,0.0,0.0,0,(),0.0,0.0
43835,Center Drive,0.0,0.0,0.0,0,(),0.0,0.0
43840,Center Drive,0.0,0.0,0.0,0,(),0.0,0.0
43845,Center Drive,0.0,0.0,0.0,0,(),0.0,0.0
43850,Center Drive,0.0,0.0,0.0,0,(),0.0,0.0
43855,Center Drive,0.0,0.0,0.0,0,(),0.0,0.0
43860,Center Drive,0.0,0.0,0.0,0,(),0.0,0.0
43865,Center Drive,0.0,0.0,0.0,0,(),0.0,0.0
43870,Center Drive,0.0,0.0,0.0,0,(),0.0,0.0
43875,Center Drive,0.0,0.0,0.0,0,(),0.0,0.0
43880,Center Drive,0.0,0.0,0.0,0,(),0.0,0.0
43885,Center Drive,0.0,0.0,0.0,0,(),0.0,0.0
43890,Center Drive,0.0,0.0,0.0,0,(),0.0,0.0
43895,Center Drive,0.0,0.0,0.0,0,(),0.0,0.0
43900,Center Drive,0.0,0.0,0.0,0,(),0.0,0.0
43905,Center Drive,0.0,0.0,0.0,0,(),0.0,0.0
43910,Center Drive,0.0,0.0,0.0,0,(),0.0,0.0
43915,Center Drive,0.0,0.0,0.0,0,(),0.0,0.0
43920,Center Drive,0.0,0.0,0.0,0,(),0.0,0.0
43925,Center Drive,0.0,0.0,0.0,0,(),0.0,0.0
43930,Center Drive,0.0,0.0,0.0,0,(),0.0,0.0
43935,Center Drive,0.0,0.0,0.0,0,(),0.0,0.0
43940,Center Drive,0.0,0.0,0.0,0,(),0.0,0.0
43945,Center Drive,0.0,0.0,0.0,0,(),0.0,0.0
43950,Center Drive,0.0,0.0,0.0,0,(),0.0,0.0
43955,Center Drive,0.0,0.0,0.0,0,(),0.0,0.0
43960,Center Drive,0.0,0.0,0.0,0,(),0.0,0.0
43965,Center Drive,0.0,0.0,0.0,0,(),0.0,0.0
43970,Center Drive,0.0,0.0,0.0,0,(),0.0,0.0
43975,Center Drive,0.0,0.0,0.0,0,(),0.0,0.0
43980,Center Drive,0.0,0.0,0.0,0,(),0.0,0.0
43985,Center Drive,0.0,0.0,0.0,0,(),0.0,0.0
43990,Center Drive,0.0,0.0,0.0,0,(),0.0,0.0
43995,Center Drive,0.0,0.0,0.0,0,(),0.0,0.0
44000,Center Drive,0.0,0.0,0.0,0,(),0.0,0.0
44005,Center Drive,0.0,0.0,0.0,0,(),0.0,0.0
44010,Center Drive,0.0,0.0,0.0,0,(),0.0,0.0
44015,Center Drive,0.0,0.0,0.0,0,(),0.0,0.0
44020,Center Drive,0.0,0.0,0.0,0,(),0.0,0.0
44025,Center Drive,0.0,0.0,0.0,0,(),0.0,0.0
44030,Center Drive,0.0,0.0,0.0,0,(),0.0,0.0
44035,Center Drive,0.0,0.0,0.0,0,(),0.0,0.0
44040,Center Drive,0.0,0.0,0.0,0,(),0.0,0.0
44045,Center Drive,0.0,0.0,0.0,0,(),0.0,0.0
44050,Center Drive,0.0,0.0,0.0,0,(),0.0,0.0
44055,Center Drive,0.0,0.0,0.0,0,(),0.0,0.0
44060,Center Drive,0.0,0.0,0.0,0,(),0.0,0.0
44065,Center Drive,0.0,0.0,0.0,0,(),0.0,0.0
44070,Center Drive,0.0,0.0,0.0,0,(),0.0,0.0
44075,Center Drive,0.0,0.0,0.0,0,(),0.0,0.0
44080,Center Drive,0.0,0.0,0.0,0,(),0.0,0.0
44085,Center Drive,0.0,0.0,0.0,0,(),0.0,0.0
44090,Center Drive,0.0,0.0,0.0,0,(),0.0,0.0
44095,Center Drive,0.0,0.0,0.0,0,(),0.0,0.0
44100,Center Drive,0.0,0.0,0.0,0,(),0.0,0.0
44105,Center Drive,0.0,0.0,0.0,0,(),0.0,0.0
44110,Center Drive,0.0,0.0,0.0,0,(),0.0,0.0
44115,Center Drive,0.0,0.0,0.0,0,(),0.0,0.0
44120,Center Drive,0.0,0.0,0.0,0,(),0.0,0.0
44125,Center Drive,0.0,0.0,0.0,0,(),0.0,0.0
44130,Center Drive,0.0,0.0,0.0,0,(),0.0,0.0
44135,Center Drive,0.0,0.0,0.0,0,(),0.0,0.0
44140,Center Drive,0.0,0.0,0.0,0,(),0.0,0.0
44145,Center Drive,0.0,0.0,0.0,0,(),0.0,0.0
44150,Center Drive,0.0,0.0,0.0,0,(),0.0,0.0
44155,Center Drive,0.0,0.0,0.0,0,(),0.0,0.0
44160,Center Drive,0.0,0.0,0.0,0,(),0.0,0.0
44165,Center Drive,0.0,0.0,0.0,0,(),0.0,0.0
44170,Center Drive,0.0,0.0,0.0,0,(),0.0,0.0
44175,Center Drive,0.0,0.0,0.0,0,(),0.0,0.0
44180,Center Drive,0.0,0.0,0.0,0,(),0.0,0.0
44185,Center Drive,0.0,0.0,0.0,0,(),0.0,0.0
44190,Center Drive,0.0,0.0,0.0,0,(),0.0,0.0
44195,Center Drive,0.0,0.0,0.0,0,(),0.0,0.0
44200,Center Drive,0.0,0.0,0.0,0,(),0.0,0.0
44205,Center Drive,0.0,0.0,0.0,0,(),0.0,0.0
44210,Center Drive,0.0,0.0,0.0,0,(),0.0,0.0
44215,Center Drive,0.0,0.0,0.0,0,(),0.0,0.0
44220,Center Drive,0.0,0.0,0.0,0,(),0.0,0.0
44225,Center Drive,0.0,0.0,0.0,0,(),0.0,0.0
44230,Center Drive,0.0,0.0,0.0,0,(),0.0,0.0
44235,Center Drive,0.0,0.0,0.0,0,(),0.0,0.0
44240,Center Drive,0.0,0.0,0.0,0,(),0.0,0.0
44245,Center Drive,0.0,0.0,0.0,0,(),0.0,0.0
44250,Center Drive,0.0,0.0,0.0,0,(),0.0,0.0
44255,Center Drive,0.0,0.0,0.0,0,(),0.0,0.0
44260,Center Drive,0.0,0.0,0.0,0,(),0.0,0.0
44265,Center Drive,0.0,0.0,0.0,0,(),0.0,0.0
44270,Center Drive,0.0,0.0,0.0,0,(),0.0,0.0
44275,Center Drive,0.0,0.0,0.0,0,(),0.0,0.0
44280,Center Drive,0.0,0.0,0.0,0,(),0.0,0.0
44285,Center Drive,0.0,0.0,0.0,0,(),0.0,0.0
44290,Center Drive,0.0,0.0,0.0,0,(),0.0,0.0
44295,Center Drive,0.0,0.0,0.0,0,(),0.0,0.0
44300,Center Drive,0.0,0.0,0.0,0,(),0.0,0.0
44305,Center Drive,0.0,0.0,0.0,0,(),0.0,0.0
44310,Center Drive,0.0,0.0,0.0,0,(),0.0,0.0
44315,Center Drive,0.0,0.0,0.0,0,(),0.0,0.0
44320,Center Drive,0.0,0.0,0.0,0,(),0.0,0.0
44325,Center Drive,0.0,0.0,0.0,0,(),0.0,0.0
44330,Center Drive,0.0,0.0,0.0,0,(),0.0,0.0
44335,Center Drive,0.0,0.0,0.0,0,(),0.0,0.0
44340,Center Drive,0.0,0.0,0.0,0,(),0.0,0.0
44345,Center Drive,0.0,0.0,0.0,0,(),0.0,0.0
44350,Center Drive,0.0,0.0,0.0,0,(),0.0,0.0
44355,Center Drive,0.0,0.0,0.0,0,(),0.0,0.0
44360,Center Drive,0.0,0.0,0.0,0,(),0.0,0.0
44365,Center Drive,0.0,0.0,0.0,0,(),0.0,0.0
44370,Center Drive,0.0,0.0,0.0,0,(),0.0,0.0
44375,Center Drive,0.0,0.0,0.0,0,(),0.0,0.0
44380,Center Drive,0.0,0.0,0.0,0,(),0.0,0.0
44385,Center Drive,0.0,0.0,0.0,0,(),0.0,0.0
44390,Center Drive,0.0,0.0,0.0,0,(),0.0,0.0
44395,Center Drive,0.0,0.0,0.0,0,(),0.0,0.0
44400,Center Drive,0.0,0.0,0.0,0,(),0.0,0.0
44405,Center Drive,0.0,0.0,0.0,0,(),0.0,0.0
44410,Center Drive,0.0,0.0,0.0,0,(),0.0,0.0
44415,Center Drive,0.0,0.0,0.0,0,(),0.0,0.0
44420,Center Drive,0.0,0.0,0.0,0,(),0.0,0.0
44425,Center Drive,0.0,0.0,0.0,0,(),0.0,0.0
44430,Center Drive,0.0,0.0,0.0,0,(),0.0,0.0
44435,Center Drive,0.0,0.0,0.0,0,(),0.0,0.0
44440,Center Drive,0.0,0.0,0.0,0,(),0.0,0.0
44445,Center Drive,0.0,0.0,0.0,0,(),0.0,0.0
44450,Center Drive,0.0,0.0,0.0,0,(),0.0,0.0
44455,Center Drive,0.0,0.0,0.0,0,(),0.0,0.0
44460,Center Drive,0.0,0.0,0.0,0,(),0.0,0.0
44465,Center Drive,0.0,0.0,0.0,0,(),0.0,0.0
44470,Center Drive,0.0,0.0,0.0,0,(),0.0,0.0
44475,Center Drive,0.0,0.0,0.0,0,(),0.0,0.0
44480,Center Drive,0.0,0.0,0.0,0,(),0.0,0.0
44485,Center Drive,0.0,0.0,0.0,0,(),0.0,0.0
44490,Center Drive,0.0,0.0,0.0,0,(),0.0,0.0
44495,Center Drive,0.0,0.0,0.0,0,(),0.0,0.0
44500,Center Drive,0.0,0.0,0.0,0,(),0.0,0.0
44505,Center Drive,0.0,0.0,0.0,0,(),0.0,0.0
44510,Center Drive,0.0,0.0,0.0,0,(),0.0,0.0
44515,Center Drive,0.0,0.0,0.0,0,(),0.0,0.0
44520,Center Drive,0.0,0.0,0.0,0,(),0.0,0.0
44525,Center Drive,0.0,0.0,0.0,0,(),0.0,0.0
44530,Center Drive,0.0,0.0,0.0,0,(),0.0,0.0
44535,Center Drive,0.0,0.0,0.0,0,(),0.0,0.0
44540,Center Drive,0.0,0.0,0.0,0,(),0.0,0.0
44545,Center Drive,0.0,0.0,0.0,0,(),0.0,0.0
44550,Center Drive,0.0,0.0,0.0,0,(),0.0,0.0
44555,Center Drive,0.0,0.0,0.0,0,(),0.0,0.0
44560,Center Drive,0.0,0.0,0.0,0,(),0.0,0.0
44565,Center Drive,0.0,0.0,0.0,0,(),0.0,0.0
44570,Center Drive,0.0,0.0,0.0,0,(),0.0,0.0
44575,Center Drive,0.0,0.0,0.0,0,(),0.0,0.0
44580,Center Drive,0.0,0.0,0.0,0,(),0.0,0.0
44585,Center Drive,0.0,0.0,0.0,0,(),0.0,0.0
44590,Center Drive,0.0,0.0,0.0,0,(),0.0,0.0
44595,Center Drive,0.0,0.0,0.0,0,(),0.0,0.0
44600,Center Drive,0.0,0.0,0.0,0,(),0.0,0.0
44605,Center Drive,0.0,0.0,0.0,0,(),0.0,0.0
44610,Center Drive,0.0,0.0,0.0,0,(),0.0,0.0
44615,Center Drive,0.0,0.0,0.0,0,(),0.0,0.0
44620,Center Drive,0.0,0.0,0.0,0,(),0.0,0.0
44625,Center Drive,0.0,0.0,0.0,0,(),0.0,0.0
44630,Center Drive,0.0,0.0,0.0,0,(),0.0,0.0
44635,Center Drive,0.0,0.0,0.0,0,(),0.0,0.0
44640,Center Drive,0.0,0.0,0.0,0,(),0.0,0.0
44645,Center Drive,0.0,0.0,0.0,0,(),0.0,0.0
44650,Center Drive,0.0,0.0,0.0,0,(),0.0,0.0
44655,Center Drive,0.0,0.0,0.0,0,(),0.0,0.0
44660,Center Drive,0.0,0.0,0.0,0,(),0.0,0.0
44665,Center Drive,0.0,0.0,0.0,0,(),0.0,0.0
44670,Center Drive,0.0,0.0,0.0,0,(),0.0,0.0
44675,Center Drive,0.0,0.0,0.0,0,(),0.0,0.0
44680,Center Drive,0.0,0.0,0.0,0,(),0.0,0.0
44685,Center Drive,0.0,0.0,0.0,0,(),0.0,0.0
44690,Center Drive,0.0,0.0,0.0,0,(),0.0,0.0
44695,Center Drive,0.0,0.0,0.0,0,(),0.0,0.0
44700,Center Drive,0.0,0.0,0.0,0,(),0.0,0.0
44705,Center Drive,0.0,0.0,0.0,0,(),0.0,0.0
44710,Center Drive,0.0,0.0,0.0,0,(),0.0,0.0
44715,Center Drive,0.0,0.0,0.0,0,(),0.0,0.0
44720,Center Drive,0.0,0.0,0.0,0,(),0.0,0.0
44725,Center Drive,0.0,0.0,0.0,0,(),0.0,0.0
44730,Center Drive,0.0,0.0,0.0,0,(),0.0,0.0
44735,Center Drive,0.0,0.0,0.0,0,(),0.0,0.0
44740,Center Drive,0.0,0.0,0.0,0,(),0.0,0.0
44745,Center Drive,0.0,0.0,0.0,0,(),0.0,0.0
44750,Center Drive,0.0,0.0,0.0,0,(),0.0,0.0
44755,Center Drive,0.0,0.0,0.0,0,(),0.0,0.0
44760,Center Drive,0.0,0.0,0.0,0,(),0.0,0.0
44765,Center Drive,0.0,0.0,0.0,0,(),0.0,0.0
44770,Center Drive,0.0,0.0,0.0,0,(),0.0,0.0
44775,Center Drive,0.0,0.0,0.0,0,(),0.0,0.0
44780,Center Drive,0.0,0.0,0.0,0,(),0.0,0.0
44785,Center Drive,0.0,0.0,0.0,0,(),0.0,0.0
44790,Center Drive,0.0,0.0,0.0,0,(),0.0,0.0
44795,Center Drive,0.0,0.0,0.0,0,(),0.0,0.0
44800,Center Drive,0.0,0.0,0.0,0,(),0.0,0.0
44805,Center Drive,0.0,0.0,0.0,0,(),0.0,0.0
44810,Center Drive,0.0,0.0,0.0,0,(),0.0,0.0
44815,Center Drive,0.0,0.0,0.0,0,(),0.0,0.0
44820,Center Drive,0.0,0.0,0.0,0,(),0.0,0.0
44825,Center Drive,0.0,0.0,0.0,0,(),0.0,0.0
44830,Center Drive,0.0,0.0,0.0,0,(),0.0,0.0
44835,Center Drive,0.0,0.0,0.0,0,(),0.0,0.0
44840,Center Drive,0.0,0.0,0.0,0,(),0.0,0.0
44845,Center Drive,0.0,0.0,0.0,0,(),0.0,0.0
44850,Center Drive,0.0,0.0,0.0,0,(),0.0,0.0
44855,Center Drive,0.0,0.0,0.0,0,(),0.0,0.0
44860,Center Drive,0.0,0.0,0.0,0,(),0.0,0.0
44865,Center Drive,0.0,0.0,0.0,0,(),0.0,0.0
44870,Center Drive,0.0,0.0,0.0,0,(),0.0,0.0
44875,Center Drive,0.0,0.0,0.0,0,(),0.0,0.0
44880,Center Drive,0.0,0.0,0.0,0,(),0.0,0.0
44885,Center Drive,0.0,0.0,0.0,0,(),0.0,0.0
44890,Center Drive,0.0,0.0,0.0,0,(),0.0,0.0
44895,Center Drive,0.0,0.0,0.0,0,(),0.0,0.0
44900,Center Drive,0.0,0.0,0.0,0,(),0.0,0.0
44905,Center Drive,0.0,0.0,0.0,0,(),0.0,0.0
44910,Center Drive,0.0,0.0,0.0,0,(),0.0,0.0
44915,Center Drive,0.0,0.0,0.0,0,(),0.0,0.0
44920,Center Drive,0.0,0.0,0.0,0,(),0.0,0.0
44925,Center Drive,0.0,0.0,0.0,0,(),0.0,0.0
44930,Center Drive,0.0,0.0,0.0,0,(),0.0,0.0
44935,Center Drive,0.0,0.0,0.0,0,(),0.0,0.0
44940,Center Drive,0.0,0.0,0.0,0,(),0.0,0.0
44945,Center Drive,0.0,0.0,0.0,0,(),0.0,0.0
44950,Center Drive,0.0,0.0,0.0,0,(),0.0,0.0
44955,Center Drive,0.0,0.0,0.0,0,(),0.0,0.0
44960,Center Drive,0.0,0.0,0.0,0,(),0.0,0.0
44965,Center Drive,0.0,0.0,0.0,0,(),0.0,0.0
44970,Center Drive,0.0,0.0,0.0,0,(),0.0,0.0
44975,Center Drive,0.0,0.0,0.0,0,(),0.0,0.0
44980,Center Drive,0.0,0.0,0.0,0,(),0.0,0.0
44985,Center Drive,0.0,0.0,0.0,0,(),0.0,0.0
44990,Center Drive,0.0,0.0,0.0,0,(),0.0,0.0
44995,Center Drive,0.0,0.0,0.0,0,(),0.0,0.0
45000,Center Drive,0.0,0.0,0.0,0,(),0.0,0.0
45005,Center Drive,0.0,0.0,0.0,0,(),0.0,0.0
45010,Center Drive,0.0,0.0,0.0,0,(),0.0,0.0
45015,Center Drive,0.0,0.0,0.0,0,(),0.0,0.0
45020,Center Drive,0.0,0.0,0.0,0,(),0.0,0.0
45025,Center Drive,0.0,0.0,0.0,0,(),0.0,0.0
45030,Center Drive,0.0,0.0,0.0,0,(),0.0,0.0
45035,Center Drive,0.0,0.0,0.0,0,(),0.0,0.0
45040,Center Drive,0.0,0.0,0.0,0,(),0.0,0.0
45045,Center Drive,0.0,0.0,0.0,0,(),0.0,0.0
45050,Center Drive,0.0,0.0,0.0,0,(),0.0,0.0
45055,Center Drive,0.0,0.0,0.0,0,(),0.0,0.0
45060,Center Drive,0.0,0.0,0.0,0,(),0.0,0.0
45065,Center Drive,0.0,0.0,0.0,0,(),0.0,0.0
45070,Center Drive,0.0,0.0,0.0,0,(),0.0,0.0
45075,Center Drive,0.0,0.0,0.0,0,(),0.0,0.0
45080,Center Drive,0.0,0.0,0.0,0,(),0.0,0.0
45085,Center Drive,0.0,0.0,0.0,0,(),0.0,0.0
45090,Center Drive,0.0,0.0,0.0,0,(),0.0,0.0
45095,Center Drive,0.0,0.0,0.0,0,(),0.0,0.0
45100,Center Drive,0.0,0.0,0.0,0,(),0.0,0.0
45105,Center Drive,0.0,0.0,0.0,0,(),0.0,0.0
45110,Center Drive,0.0,0.0,0.0,0,(),0.0,0.0
45115,Center Drive,0.0,0.0,0.0,0,(),0.0,0.0
45120,Center Drive,0.0,0.0,0.0,0,(),0.0,0.0
45125,Center Drive,0.0,0.0,0.0,0,(),0.0,0.0
45130,Center Drive,0.0,0.0,0.0,0,(),0.0,0.0
45135,Center Drive,0.0,0.0,0.0,0,(),0.0,0.0
45140,Center Drive,0.0,0.0,0.0,0,(),0.0,0.0
45145,Center Drive,0.0,0.0,0.0,0,(),0.0,0.0
45150,Center Drive,0.0,0.0,0.0,0,(),0.0,0.0
45155,Center Drive,0.0,0.0,0.0,0,(),0.0,0.0
45160,Center Drive,0.0,0.0,0.0,0,(),0.0,0.0
45165,Center Drive,0.0,0.0,0.0,0,(),0.0,0.0
45170,Center Drive,0.0,0.0,0.0,0,(),0.0,0.0
45175,Center Drive,0.0,0.0,0.0,0,(),0.0,0.0
45180,Center Drive,0.0,0.0,0.0,0,(),0.0,0.0
45185,Center Drive,0.0,0.0,0.0,0,(),0.0,0.0
45190,Center Drive,0.0,0.0,0.0,0,(),0.0,0.0
45195,Center Drive,0.0,0.0,0.0,0,(),0.0,0.0
45200,Center Drive,0.0,0.0,0.0,0,(),0.0,0.0
45205,Center Drive,0.0,0.0,0.0,0,(),0.0,0.0
45210,Center Drive,0.0,0.0,0.0,0,(),0.0,0.0
45215,Center Drive,0.0,0.0,0.0,0,(),0.0,0.0
45220,Center Drive,0.0,0.0,0.0,0,(),0.0,0.0
45225,Center Drive,0.0,0.0,0.0,0,(),0.0,0.0
45230,Center Drive,0.0,0.0,0.0,0,(),0.0,0.0
45235,Center Drive,0.0,0.0,0.0,0,(),0.0,0.0
45240,Center Drive,0.0,0.0,0.0,0,(),0.0,0.0
45245,Center Drive,0.0,0.0,0.0,0,(),0.0,0.0
45250,Center Drive,0.0,0.0,0.0,0,(),0.0,0.0
45255,Center Drive,0.0,0.0,0.0,0,(),0.0,0.0
45260,Center Drive,0.0,0.0,0.0,0,(),0.0,0.0
45265,Center Drive,0.0,0.0,0.0,0,(),0.0,0.0
45270,Center Drive,0.0,0.0,0.0,0,(),0.0,0.0
45275,Center Drive,0.0,0.0,0.0,0,(),0.0,0.0
45280,Center Drive,0.0,0.0,0.0,0,(),0.0,0.0
45285,Center Drive,0.0,0.0,0.0,0,(),0.0,0.0
45290,Center Drive,0.0,0.0,0.0,0,(),0.0,0.0
45295,Center Drive,0.0,0.0,0.0,0,(),0.0,0.0
45300,Center Drive,0.0,0.0,0.0,0,(),0.0,0.0
45305,Center Drive,0.0,0.0,0.0,0,(),0.0,0.0
45310,Center Drive,0.0,0.0,0.0,0,(),0.0,0.0
45315,Center Drive,0.0,0.0,0.0,0,(),0.0,0.0
45320,Center Drive,0.0,0.0,0.0,0,(),0.0,0.0
45325,Center Drive,0.0,0.0,0.0,0,(),0.0,0.0
45330,Center Drive,0.0,0.0,0.0,0,(),0.0,0.0
45335,Center Drive,0.0,0.0,0.0,0,(),0.0,0.0
45340,Center Drive,0.0,0.0,0.0,0,(),0.0,0.0
45345,Center Drive,0.0,0.0,0.0,0,(),0.0,0.0
45350,Center Drive,0.0,0.0,0.0,0,(),0.0,0.0
45355,Center Drive,0.0,0.0,0.0,0,(),0.0,0.0
45360,Center Drive,0.0,0.0,0.0,0,(),0.0,0.0
45365,Center Drive,0.0,0.0,0.0,0,(),0.0,0.0
45370,Center Drive,0.0,0.0,0.0,0,(),0.0,0.0
45375,Center Drive,0.0,0.0,0.0,0,(),0.0,0.0
45380,Center Drive,0.0,0.0,0.0,0,(),0.0,0.0
45385,Center Drive,0.0,0.0,0.0,0,(),0.0,0.0
45390,Center Drive,0.0,0.0,0.0,0,(),0.0,0.0
45395,Center Drive,0.0,0.0,0.0,0,(),0.0,0.0
45400,Center Drive,0.0,0.0,0.0,0,(),0.0,0.0
45405,Center Drive,0.0,0.0,0.0,0,(),0.0,0.0
45410,Center Drive,0.0,0.0,0.0,0,(),0.0,0.0
45415,Center Drive,0.0,0.0,0.0,0,(),0.0,0.0
45420,Center Drive,0.0,0.0,0.0,0,(),0.0,0.0
45425,Center Drive,0.0,0.0,0.0,0,(),0.0,0.0
45430,Center Drive,0.0,0.0,0.0,0,(),0.0,0.0
45435,Center Drive,0.0,0.0,0.0,0,(),0.0,0.0
45440,Center Drive,0.0,0.0,0.0,0,(),0.0,0.0
45445,Center Drive,0.0,0.0,0.0,0,(),0.0,0.0
45450,Center Drive,0.0,0.0,0.0,0,(),0.0,0.0
45455,Center Drive,0.0,0.0,0.0,0,(),0.0,0.0
45460,Center Drive,0.0,0.0,0.0,0,(),0.0,0.0
45465,Center Drive,0.0,0.0,0.0,0,(),0.0,0.0
45470,Center Drive,0.0,0.0,0.0,0,(),0.0,0.0
45475,Center Drive,0.0,0.0,0.0,0,(),0.0,0.0
45480,Center Drive,0.0,0.0,0.0,0,(),0.0,0.0
45485,Center Drive,0.0,0.0,0.0,0,(),0.0,0.0
45490,Center Drive,0.0,0.0,0.0,0,(),0.0,0.0
45495,Center Drive,0.0,0.0,0.0,0,(),0.0,0.0
45500,Center Drive,0.0,0.0,0.0,0,(),0.0,0.0
45505,Center Drive,0.0,0.0,0.0,0,(),0.0,0.0
45510,Center Drive,0.0,0.0,0.0,0,(),0.0,0.0
45515,Center Drive,0.0,0.0,0.0,0,(),0.0,0.0
45520,Center Drive,0.0,0.0,0.0,0,(),0.0,0.0
45525,Center Drive,0.0,0.0,0.0,0,(),0.0,0.0
45530,Center Drive,0.0,0.0,0.0,0,(),0.0,0.0
45535,Center Drive,0.0,0.0,0.0,0,(),0.0,0.0
45540,Center Drive,0.0,0.0,0.0,0,(),0.0,0.0
45545,Center Drive,0.0,0.0,0.0,0,(),0.0,0.0
45550,Center Drive,0.0,0.0,0.0,0,(),0.0,0.0
45555,Center Drive,0.0,0.0,0.0,0,(),0.0,0.0
45560,Center Drive,0.0,0.0,0.0,0,(),0.0,0.0
45565,Center Drive,0.0,0.0,0.0,0,(),0.0,0.0
45570,Center Drive,0.0,0.0,0.0,0,(),0.0,0.0
45575,Center Drive,0.0,0.0,0.0,0,(),0.0,0.0
45580,Center Drive,0.0,0.0,0.0,0,(),0.0,0.0
45585,Center Drive,0.0,0.0,0.0,0,(),0.0,0.0
45590,Center Drive,0.0,0.0,0.0,0,(),0.0,0.0
45595,Center Drive,0.0,0.0,0.0,0,(),0.0,0.0
45600,Center Drive,0.0,0.0,0.0,0,(),0.0,0.0
45605,Center Drive,0.0,0.0,0.0,0,(),0.0,0.0
45610,Center Drive,0.0,0.0,0.0,0,(),0.0,0.0
45615,Center Drive,0.0,0.0,0.0,0,(),0.0,0.0
45620,Center Drive,0.0,0.0,0.0,0,(),0.0,0.0
45625,Center Drive,0.0,0.0,0.0,0,(),0.0,0.0
45630,Center Drive,0.0,0.0,0.0,0,(),0.0,0.0
45635,Center Drive,0.0,0.0,0.0,0,(),0.0,0.0
45640,Center Drive,0.0,0.0,0.0,0,(),0.0,0.0
45645,Center Drive,0.0,0.0,0.0,0,(),0.0,0.0
45650,Center Drive,0.0,0.0,0.0,0,(),0.0,0.0
45655,Center Drive,0.0,0.0,0.0,0,(),0.0,0.0
45660,Center Drive,0.0,0.0,0.0,0,(),0.0,0.0
45665,Center Drive,0.0,0.0,0.0,0,(),0.0,0.0
45670,Center Drive,0.0,0.0,0.0,0,(),0.0,0.0
45675,Center Drive,0.0,0.0,0.0,0,(),0.0,0.0
45680,Center Drive,0.0,0.0,0.0,0,(),0.0,0.0
45685,Center Drive,0.0,0.0,0.0,0,(),0.0,0.0
45690,Center Drive,0.0,0.0,0.0,0,(),0.0,0.0
45695,Center Drive,0.0,0.0,0.0,0,(),0.0,0.0
45700,Center Drive,0.0,0.0,0.0,0,(),0.0,0.0
45705,Center Drive,0.0,0.0,0.0,0,(),0.0,0.0
45710,Center Drive,0.0,0.0,0.0,0,(),0.0,0.0
45715,Center Drive,0.0,0.0,0.0,0,(),0.0,0.0
45720,Center Drive,0.0,0.0,0.0,0,(),0.0,0.0
45725,Center Drive,0.0,0.0,0.0,0,(),0.0,0.0
45730,Center Drive,0.0,0.0,0.0,0,(),0.0,0.0
45735,Center Drive,0.0,0.0,0.0,0,(),0.0,0.0
45740,Center Drive,0.0,0.0,0.0,0,(),0.0,0.0
45745,Center Drive,0.0,0.0,0.0,0,(),0.0,0.0
45750,Center Drive,0.0,0.0,0.0,0,(),0.0,0.0
45755,Center Drive,0.0,0.0,0.0,0,(),0.0,0.0
45760,Center Drive,0.0,0.0,0.0,0,(),0.0,0.0
45765,Center Drive,0.0,0.0,0.0,0,(),0.0,0.0
45770,Center Drive,0.0,0.0,0.0,0,(),0.0,0.0
45775,Center Drive,0.0,0.0,0.0,0,(),0.0,0.0
45780,Center Drive,0.0,0.0,0.0,0,(),0.0,0.0
45785,Center Drive,0.0,0.0,0.0,0,(),0.0,0.0
45790,Center Drive,0.0,0.0,0.0,0,(),0.0,0.0
45795,Center Drive,0.0,0.0,0.0,0,(),0.0,0.0
45800,Center Drive,0.0,0.0,0.0,0,(),0.0,0.0
45805,Center Drive,0.0,0.0,0.0,0,(),0.0,0.0
45810,Center Drive,0.0,0.0,0.0,0,(),0.0,0.0
45815,Center Drive,0.0,0.0,0.0,0,(),0.0,0.0
45820,Center Drive,0.0,0.0,0.0,0,(),0.0,0.0
45825,Center Drive,0.0,0.0,0.0,0,(),0.0,0.0
45830,Center Drive,0.0,0.0,0.0,0,(),0.0,0.0
45835,Center Drive,0.0,0.0,0.0,0,(),0.0,0.0
45840,Center Drive,0.0,0.0,0.0,0,(),0.0,0.0
45845,Center Drive,0.0,0.0,0.0,0,(),0.0,0.0
45850,Center Drive,0.0,0.0,0.0,0,(),0.0,0.0
45855,Center Drive,0.0,0.0,0.0,0,(),0.0,0.0
45860,Center Drive,0.0,0.0,0.0,0,(),0.0,0.0
45865,Center Drive,0.0,0.0,0.0,0,(),0.0,0.0
45870,Center Drive,0.0,0.0,0.0,0,(),0.0,0.0
45875,Center Drive,0.0,0.0,0.0,0,(),0.0,0.0
45880,Center Drive,0.0,0.0,0.0,0,(),0.0,0.0
45885,Center Drive,0.0,0.0,0.0,0,(),0.0,0.0
45890,Center Drive,0.0,0.0,0.0,0,(),0.0,0.0
45895,Center Drive,0.0,0.0,0.0,0,(),0.0,0.0
45900,Center Drive,0.0,0.0,0.0,0,(),0.0,0.0
45905,Center Drive,0.0,0.0,0.0,0,(),0.0,0.0
45910,Center Drive,0.0,0.0,0.0,0,(),0.0,0.0
45915,Center Drive,0.0,0.0,0.0,0,(),0.0,0.0
45920,Center Drive,0.0,0.0,0.0,0,(),0.0,0.0
45925,Center Drive,0.0,0.0,0.0,0,(),0.0,0.0
45930,Center Drive,0.0,0.0,0.0,0,(),0.0,0.0
45935,Center Drive,0.0,0.0,0.0,0,(),0.0,0.0
45940,Center Drive,0.0,0.0,0.0,0,(),0.0,0.0
45945,Center Drive,0.0,0.0,0.0,0,(),0.0,0.0
45950,Center Drive,0.0,0.0,0.0,0,(),0.0,0.0
45955,Center Drive,0.0,0.0,0.0,0,(),0.0,0.0
45960,Center Drive,0.0,0.0,0.0,0,(),0.0,0.0
45965,Center Drive,0.0,0.0,0.0,0,(),0.0,0.0
45970,Center Drive,0.0,0.0,0.0,0,(),0.0,0.0
45975,Center Drive,0.0,0.0,0.0,0,(),0.0,0.0
45980,Center Drive,0.0,0.0,0.0,0,(),0.0,0.0
45985,Center Drive,0.0,0.0,0.0,0,(),0.0,0.0
45990,Center Drive,0.0,0.0,0.0,0,(),0.0,0.0
45995,Center Drive,0.0,0.0,0.0,0,(),0.0,0.0
46000,Center Drive,0.0,0.0,0.0,0,(),0.0,0.0
46005,Center Drive,0.0,0.0,0.0,0,(),0.0,0.0
46010,Center Drive,0.0,0.0,0.0,0,(),0.0,0.0
46015,Center Drive,0.0,0.0,0.0,0,(),0.0,0.0
46020,Center Drive,0.0,0.0,0.0,0,(),0.0,0.0
46025,Center Drive,0.0,0.0,0.0,0,(),0.0,0.0
46030,Center Drive,0.0,0.0,0.0,0,(),0.0,0.0
46035,Center Drive,0.0,0.0,0.0,0,(),0.0,0.0
46040,Center Drive,0.0,0.0,0.0,0,(),0.0,0.0
46045,Center Drive,0.0,0.0,0.0,0,(),0.0,0.0
46050,Center Drive,0.0,0.0,0.0,0,(),0.0,0.0
46055,Center Drive,0.0,0.0,0.0,0,(),0.0,0.0
46060,Center Drive,0.0,0.0,0.0,0,(),0.0,0.0
46065,Center Drive,0.0,0.0,0.0,0,(),0.0,0.0
46070,Center Drive,0.0,0.0,0.0,0,(),0.0,0.0
46075,Center Drive,0.0,0.0,0.0,0,(),0.0,0.0
46080,Center Drive,0.0,0.0,0.0,0,(),0.0,0.0
46085,Center Drive,0.0,0.0,0.0,0,(),0.0,0.0
46090,Center Drive,0.0,0.0,0.0,0,(),0.0,0.0
46095,Center Drive,0.0,0.0,0.0,0,(),0.0,0.0
46100,Center Drive,0.0,0.0,0.0,0,(),0.0,0.0
46105,Center Drive,0.0,0.0,0.0,0,(),0.0,0.0
46110,Center Drive,0.0,0.0,0.0,0,(),0.0,0.0
46115,Center Drive,0.0,0.0,0.0,0,(),0.0,0.0
46120,Center Drive,0.0,0.0,0.0,0,(),0.0,0.0
46125,Center Drive,0.0,0.0,0.0,0,(),0.0,0.0
46130,Center Drive,0.0,0.0,0.0,0,(),0.0,0.0
46135,Center Drive,0.0,0.0,0.0,0,(),0.0,0.0
46140,Center Drive,0.0,0.0,0.0,0,(),0.0,0.0
46145,Center Drive,0.0,0.0,0.0,0,(),0.0,0.0
46150,Center Drive,0.0,0.0,0.0,0,(),0.0,0.0
46155,Center Drive,0.0,0.0,0.0,0,(),0.0,0.0
46160,Center Drive,0.0,0.0,0.0,0,(),0.0,0.0
46165,Center Drive,0.0,0.0,0.0,0,(),0.0,0.0
46170,Center Drive,0.0,0.0,0.0,0,(),0.0,0.0
46175,Center Drive,0.0,0.0,0.0,0,(),0.0,0.0
46180,Center Drive,0.0,0.0,0.0,0,(),0.0,0.0
46185,Center Drive,0.0,0.0,0.0,0,(),0.0,0.0
46190,Center Drive,0.0,0.0,0.0,0,(),0.0,0.0
46195,Center Drive,0.0,0.0,0.0,0,(),0.0,0.0
46200,Center Drive,0.0,0.0,0.0,0,(),0.0,0.0
46205,Center Drive,0.0,0.0,0.0,0,(),0.0,0.0
46210,Center Drive,0.0,0.0,0.0,0,(),0.0,0.0
46215,Center Drive,0.0,0.0,0.0,0,(),0.0,0.0
46220,Center Drive,0.0,0.0,0.0,0,(),0.0,0.0
46225,Center Drive,0.0,0.0,0.0,0,(),0.0,0.0
46230,Center Drive,0.0,0.0,0.0,0,(),0.0,0.0
46235,Center Drive,0.0,0.0,0.0,0,(),0.0,0.0
46240,Center Drive,0.0,0.0,0.0,0,(),0.0,0.0
46245,Center Drive,0.0,0.0,0.0,0,(),0.0,0.0
46250,Center Drive,0.0,0.0,0.0,0,(),0.0,0.0
46255,Center Drive,0.0,0.0,0.0,0,(),0.0,0.0
46260,Center Drive,0.0,0.0,0.0,0,(),0.0,0.0
46265,Center Drive,0.0,0.0,0.0,0,(),0.0,0.0
46270,Center Drive,0.0,0.0,0.0,0,(),0.0,0.0
46275,Center Drive,0.0,0.0,0.0,0,(),0.0,0.0
46280,Center Drive,0.0,0.0,0.0,0,(),0.0,0.0
46285,Center Drive,0.0,0.0,0.0,0,(),0.0,0.0
46290,Center Drive,0.0,0.0,0.0,0,(),0.0,0.0
46295,Center Drive,0.0,0.0,0.0,0,(),0.0,0.0
46300,Center Drive,0.0,0.0,0.0,0,(),0.0,0.0
46305,Center Drive,0.0,0.0,0.0,0,(),0.0,0.0
46310,Center Drive,0.0,0.0,0.0,0,(),0.0,0.0
46315,Center Drive,0.0,0.0,0.0,0,(),0.0,0.0
46320,Center Drive,0.0,0.0,0.0,0,(),0.0,0.0
46325,Center Drive,0.0,0.0,0.0,0,(),0.0,0.0
46330,Center Drive,0.0,0.0,0.0,0,(),0.0,0.0
46335,Center Drive,0.0,0.0,0.0,0,(),0.0,0.0
46340,Center Drive,0.0,0.0,0.0,0,(),0.0,0.0
46345,Center Drive,0.0,0.0,0.0,0,(),0.0,0.0
46350,Center Drive,0.0,0.0,0.0,0,(),0.0,0.0
46355,Center Drive,0.0,0.0,0.0,0,(),0.0,0.0
46360,Center Drive,0.0,0.0,0.0,0,(),0.0,0.0
46365,Center Drive,0.0,0.0,0.0,0,(),0.0,0.0
46370,Center Drive,0.0,0.0,0.0,0,(),0.0,0.0
46375,Center Drive,0.0,0.0,0.0,0,(),0.0,0.0
46380,Center Drive,0.0,0.0,0.0,0,(),0.0,0.0
46385,Center Drive,0.0,0.0,0.0,0,(),0.0,0.0
46390,Center Drive,0.0,0.0,0.0,0,(),0.0,0.0
46395,Center Drive,0.0,0.0,0.0,0,(),0.0,0.0
46400,Center Drive,0.0,0.0,0.0,0,(),0.0,0.0
46405,Center Drive,0.0,0.0,0.0,0,(),0.0,0.0
46410,Center Drive,0.0,0.0,0.0,0,(),0.0,0.0
46415,Center Drive,0.0,0.0,0.0,0,(),0.0,0.0
46420,Center Drive,0.0,0.0,0.0,0,(),0.0,0.0
46425,Center Drive,0.0,0.0,0.0,0,(),0.0,0.0
46430,Center Drive,0.0,0.0,0.0,0,(),0.0,0.0
46435,Center Drive,0.0,0.0,0.0,0,(),0.0,0.0
46440,Center Drive,0.0,0.0,0.0,0,(),0.0,0.0
46445,Center Drive,0.0,0.0,0.0,0,(),0.0,0.0
46450,Center Drive,0.0,0.0,0.0,0,(),0.0,0.0
46455,Center Drive,0.0,0.0,0.0,0,(),0.0,0.0
46460,Center Drive,0.0,0.0,0.0,0,(),0.0,0.0
46465,Center Drive,0.0,0.0,0.0,0,(),0.0,0.0
46470,Center Drive,0.0,0.0,0.0,0,(),0.0,0.0
46475,Center Drive,0.0,0.0,0.0,0,(),0.0,0.0
46480,Center Drive,0.0,0.0,0.0,0,(),0.0,0.0
46485,Center Drive,0.0,0.0,0.0,0,(),0.0,0.0
46490,Center Drive,0.0,0.0,0.0,0,(),0.0,0.0
46495,Center Drive,0.0,0.0,0.0,0,(),0.0,0.0
46500,Center Drive,0.0,0.0,0.0,0,(),0.0,0.0
46505,Center Drive,0.0,0.0,0.0,0,(),0.0,0.0
46510,Center Drive,0.0,0.0,0.0,0,(),0.0,0.0
46515,Center Drive,0.0,0.0,0.0,0,(),0.0,0.0
46520,Center Drive,0.0,0.0,0.0,0,(),0.0,0.0
46525,Center Drive,0.0,0.0,0.0,0,(),0.0,0.0
46530,Center Drive,0.0,0.0,0.0,0,(),0.0,0.0
46535,Center Drive,0.0,0.0,0.0,0,(),0.0,0.0
46540,Center Drive,0.0,0.0,0.0,0,(),0.0,0.0
46545,Center Drive,0.0,0.0,0.0,0,(),0.0,0.0
46550,Center Drive,0.0,0.0,0.0,0,(),0.0,0.0
46555,Center Drive,0.0,0.0,0.0,0,(),0.0,0.0
46560,Center Drive,0.0,0.0,0.0,0,(),0.0,0.0
46565,Center Drive,0.0,0.0,0.0,0,(),0.0,0.0
46570,Center Drive,0.0,0.0,0.0,0,(),0.0,0.0
46575,Center Drive,0.0,0.0,0.0,0,(),0.0,0.0
46580,Center Drive,0.0,0.0,0.0,0,(),0.0,0.0
46585,Center Drive,0.0,0.0,0.0,0,(),0.0,0.0
46590,Center Drive,0.0,0.0,0.0,0,(),0.0,0.0
46595,Center Drive,0.0,0.0,0.0,0,(),0.0,0.0
46600,Center Drive,0.0,0.0,0.0,0,(),0.0,0.0
46605,Center Drive,0.0,0.0,0.0,0,(),0.0,0.0
46610,Center Drive,0.0,0.0,0.0,0,(),0.0,0.0
46615,Center Drive,0.0,0.0,0.0,0,(),0.0,0.0
46620,Center Drive,0.0,0.0,0.0,0,(),0.0,0.0
46625,Center Drive,0.0,0.0,0.0,0,(),0.0,0.0
46630,Center Drive,0.0,0.0,0.0,0,(),0.0,0.0
46635,Center Drive,0.0,0.0,0.0,0,(),0.0,0.0
46640,Center Drive,0.0,0.0,0.0,0,(),0.0,0.0
46645,Center Drive,0.0,0.0,0.0,0,(),0.0,0.0
46650,Center Drive,0.0,0.0,0.0,0,(),0.0,0.0
46655,Center Drive,0.0,0.0,0.0,0,(),0.0,0.0
46660,Center Drive,0.0,0.0,0.0,0,(),0.0,0.0
46665,Center Drive,0.0,0.0,0.0,0,(),0.0,0.0
46670,Center Drive,0.0,0.0,0.0,0,(),0.0,0.0
46675,Center Drive,0.0,0.0,0.0,0,(),0.0,0.0
46680,Center Drive,0.0,0.0,0.0,0,(),0.0,0.0
46685,Center Drive,0.0,0.0,0.0,0,(),0.0,0.0
46690,Center Drive,0.0,0.0,0.0,0,(),0.0,0.0
46695,Center Drive,0.0,0.0,0.0,0,(),0.0,0.0
46700,Center Drive,0.0,0.0,0.0,0,(),0.0,0.0
46705,Center Drive,0.0,0.0,0.0,0,(),0.0,0.0
46710,Center Drive,0.0,0.0,0.0,0,(),0.0,0.0
46715,Center Drive,0.0,0.0,0.0,0,(),0.0,0.0
46720,Center Drive,0.0,0.0,0.0,0,(),0.0,0.0
46725,Center Drive,0.0,0.0,0.0,0,(),0.0,0.0
46730,Center Drive,0.0,0.0,0.0,0,(),0.0,0.0
46735,Center Drive,0.0,0.0,0.0,0,(),0.0,0.0
46740,Center Drive,0.0,0.0,0.0,0,(),0.0,0.0
46745,Center Drive,0.0,0.0,0.0,0,(),0.0,0.0
46750,Center Drive,0.0,0.0,0.0,0,(),0.0,0.0
46755,Center Drive,0.0,0.0,0.0,0,(),0.0,0.0
46760,Center Drive,0.0,0.0,0.0,0,(),0.0,0.0
46765,Center Drive,0.0,0.0,0.0,0,(),0.0,0.0
46770,Center Drive,0.0,0.0,0.0,0,(),0.0,0.0
46775,Center Drive,0.0,0.0,0.0,0,(),0.0,0.0
46780,Center Drive,0.0,0.0,0.0,0,(),0.0,0.0
46785,Center Drive,0.0,0.0,0.0,0,(),0.0,0.0
46790,Center Drive,0.0,0.0,0.0,0,(),0.0,0.0
46795,Center Drive,0.0,0.0,0.0,0,(),0.0,0.0
46800,Center Drive,0.0,0.0,0.0,0,(),0.0,0.0
46805,Center Drive,0.0,0.0,0.0,0,(),0.0,0.0
46810,Center Drive,0.0,0.0,0.0,0,(),0.0,0.0
46815,Center Drive,0.0,0.0,0.0,0,(),0.0,0.0
46820,Center Drive,0.0,0.0,0.0,0,(),0.0,0.0
46825,Center Drive,0.0,0.0,0.0,0,(),0.0,0.0
46830,Center Drive,0.0,0.0,0.0,0,(),0.0,0.0
46835,Center Drive,0.0,0.0,0.0,0,(),0.0,0.0
46840,Center Drive,0.0,0.0,0.0,0,(),0.0,0.0
46845,Center Drive,0.0,0.0,0.0,0,(),0.0,0.0
46850,Center Drive,0.0,0.0,0.0,0,(),0.0,0.0
46855,Center Drive,0.0,0.0,0.0,0,(),0.0,0.0
46860,Center Drive,0.0,0.0,0.0,0,(),0.0,0.0
46865,Center Drive,0.0,0.0,0.0,0,(),0.0,0.0
46870,Center Drive,0.0,0.0,0.0,0,(),0.0,0.0
46875,Center Drive,0.0,0.0,0.0,0,(),0.0,0.0
46880,Center Drive,0.0,0.0,0.0,0,(),0.0,0.0
46885,Center Drive,0.0,0.0,0.0,0,(),0.0,0.0
46890,Center Drive,0.0,0.0,0.0,0,(),0.0,0.0
46895,Center Drive,0.0,0.0,0.0,0,(),0.0,0.0
46900,Center Drive,0.0,0.0,0.0,0,(),0.0,0.0
46905,Center Drive,0.0,0.0,0.0,0,(),0.0,0.0
46910,Center Drive,0.0,0.0,0.0,0,(),0.0,0.0
46915,Center Drive,0.0,0.0,0.0,0,(),0.0,0.0
46920,Center Drive,0.0,0.0,0.0,0,(),0.0,0.0
46925,Center Drive,0.0,0.0,0.0,0,(),0.0,0.0
46930,Center Drive,0.0,0.0,0.0,0,(),0.0,0.0
46935,Center Drive,0.0,0.0,0.0,0,(),0.0,0.0
46940,Center Drive,0.0,0.0,0.0,0,(),0.0,0.0
46945,Center Drive,0.0,0.0,0.0,0,(),0.0,0.0
46950,Center Drive,0.0,0.0,0.0,0,(),0.0,0.0
46955,Center Drive,0.0,0.0,0.0,0,(),0.0,0.0
46960,Center Drive,0.0,0.0,0.0,0,(),0.0,0.0
46965,Center Drive,0.0,0.0,0.0,0,(),0.0,0.0
46970,Center Drive,0.0,0.0,0.0,0,(),0.0,0.0
46975,Center Drive,0.0,0.0,0.0,0,(),0.0,0.0
46980,Center Drive,0.0,0.0,0.0,0,(),0.0,0.0
46985,Center Drive,0.0,0.0,0.0,0,(),0.0,0.0
46990,Center Drive,0.0,0.0,0.0,0,(),0.0,0.0
46995,Center Drive,0.0,0.0,0.0,0,(),0.0,0.0
47000,Center Drive,0.0,0.0,0.0,0,(),0.0,0.0
47005,Center Drive,0.0,0.0,0.0,0,(),0.0,0.0
47010,Center Drive,0.0,0.0,0.0,0,(),0.0,0.0
47015,Center Drive,0.0,0.0,0.0,0,(),0.0,0.0
47020,Center Drive,0.0,0.0,0.0,0,(),0.0,0.0
47025,Center Drive,0.0,0.0,0.0,0,(),0.0,0.0
47030,Center Drive,0.0,0.0,0.0,0,(),0.0,0.0
47035,Center Drive,0.0,0.0,0.0,0,(),0.0,0.0
47040,Center Drive,0.0,0.0,0.0,0,(),0.0,0.0
47045,Center Drive,0.0,0.0,0.0,0,(),0.0,0.0
47050,Center Drive,0.0,0.0,0.0,0,(),0.0,0.0
47055,Center Drive,0.0,0.0,0.0,0,(),0.0,0.0
47060,Center Drive,0.0,0.0,0.0,0,(),0.0,0.0
47065,Center Drive,0.0,0.0,0.0,0,(),0.0,0.0
47070,Center Drive,0.0,0.0,0.0,0,(),0.0,0.0
47075,Center Drive,0.0,0.0,0.0,0,(),0.0,0.0
47080,Center Drive,0.0,0.0,0.0,0,(),0.0,0.0
47085,Center Drive,0.0,0.0,0.0,0,(),0.0,0.0
47090,Center Drive,0.0,0.0,0.0,0,(),0.0,0.0
47095,Center Drive,0.0,0.0,0.0,0,(),0.0,0.0
47100,Center Drive,0.0,0.0,0.0,0,(),0.0,0.0
47105,Center Drive,0.0,0.0,0.0,0,(),0.0,0.0
47110,Center Drive,0.0,0.0,0.0,0,(),0.0,0.0
47115,Center Drive,0.0,0.0,0.0,0,(),0.0,0.0
47120,Center Drive,0.0,0.0,0.0,0,(),0.0,0.0
47125,Center Drive,0.0,0.0,0.0,0,(),0.0,0.0
47130,Center Drive,0.0,0.0,0.0,0,(),0.0,0.0
47135,Center Drive,0.0,0.0,0.0,0,(),0.0,0.0
47140,Center Drive,0.0,0.0,0.0,0,(),0.0,0.0
47145,Center Drive,0.0,0.0,0.0,0,(),0.0,0.0
47150,Center Drive,0.0,0.0,0.0,0,(),0.0,0.0
47155,Center Drive,0.0,0.0,0.0,0,(),0.0,0.0
47160,Center Drive,0.0,0.0,0.0,0,(),0.0,0.0
47165,Center Drive,0.0,0.0,0.0,0,(),0.0,0.0
47170,Center Drive,0.0,0.0,0.0,0,(),0.0,0.0
47175,Center Drive,0.0,0.0,0.0,0,(),0.0,0.0
47180,Center Drive,0.0,0.0,0.0,0,(),0.0,0.0
47185,Center Drive,0.0,0.0,0.0,0,(),0.0,0.0
47190,Center Drive,0.0,0.0,0.0,0,(),0.0,0.0
47195,Center Drive,0.0,0.0,0.0,0,(),0.0,0.0
47200,Center Drive,0.0,0.0,0.0,0,(),0.0,0.0
47205,Center Drive,0.0,0.0,0.0,0,(),0.0,0.0
47210,Center Drive,0.0,0.0,0.0,0,(),0.0,0.0
47215,Center Drive,0.0,0.0,0.0,0,(),0.0,0.0
47220,Center Drive,0.0,0.0,0.0,0,(),0.0,0.0
47225,Center Drive,0.0,0.0,0.0,0,(),0.0,0.0
47230,Center Drive,0.0,0.0,0.0,0,(),0.0,0.0
47235,Center Drive,0.0,0.0,0.0,0,(),0.0,0.0
47240,Center Drive,0.0,0.0,0.0,0,(),0.0,0.0
47245,Center Drive,0.0,0.0,0.0,0,(),0.0,0.0
47250,Center Drive,0.0,0.0,0.0,0,(),0.0,0.0
47255,Center Drive,0.0,0.0,0.0,0,(),0.0,0.0
47260,Center Drive,0.0,0.0,0.0,0,(),0.0,0.0
47265,Center Drive,0.0,0.0,0.0,0,(),0.0,0.0
47270,Center Drive,0.0,0.0,0.0,0,(),0.0,0.0
47275,Center Drive,0.0,0.0,0.0,0,(),0.0,0.0
47280,Center Drive,0.0,0.0,0.0,0,(),0.0,0.0
47285,Center Drive,0.0,0.0,0.0,0,(),0.0,0.0
47290,Center Drive,0.0,0.0,0.0,0,(),0.0,0.0
47295,Center Drive,0.0,0.0,0.0,0,(),0.0,0.0
47300,Center Drive,0.0,0.0,0.0,0,(),0.0,0.0
47305,Center Drive,0.0,0.0,0.0,0,(),0.0,0.0
47310,Center Drive,0.0,0.0,0.0,0,(),0.0,0.0
47315,Center Drive,0.0,0.0,0.0,0,(),0.0,0.0
47320,Center Drive,0.0,0.0,0.0,0,(),0.0,0.0
47325,Center Drive,0.0,0.0,0.0,0,(),0.0,0.0
47330,Center Drive,0.0,0.0,0.0,0,(),0.0,0.0
47335,Center Drive,0.0,0.0,0.0,0,(),0.0,0.0
47340,Center Drive,0.0,0.0,0.0,0,(),0.0,0.0
47345,Center Drive,0.0,0.0,0.0,0,(),0.0,0.0
47350,Center Drive,0.0,0.0,0.0,0,(),0.0,0.0
47355,Center Drive,0.0,0.0,0.0,0,(),0.0,0.0
47360,Center Drive,0.0,0.0,0.0,0,(),0.0,0.0
47365,Center Drive,0.0,0.0,0.0,0,(),0.0,0.0
47370,Center Drive,0.0,0.0,0.0,0,(),0.0,0.0
47375,Center Drive,0.0,0.0,0.0,0,(),0.0,0.0
47380,Center Drive,0.0,0.0,0.0,0,(),0.0,0.0
47385,Center Drive,0.0,0.0,0.0,0,(),0.0,0.0
47390,Center Drive,0.0,0.0,0.0,0,(),0.0,0.0
47395,Center Drive,0.0,0.0,0.0,0,(),0.0,0.0
47400,Center Drive,0.0,0.0,0.0,0,(),0.0,0.0
47405,Center Drive,0.0,0.0,0.0,0,(),0.0,0.0
47410,Center Drive,0.0,0.0,0.0,0,(),0.0,0.0
47415,Center Drive,0.0,0.0,0.0,0,(),0.0,0.0
47420,Center Drive,0.0,0.0,0.0,0,(),0.0,0.0
47425,Center Drive,0.0,0.0,0.0,0,(),0.0,0.0
47430,Center Drive,0.0,0.0,0.0,0,(),0.0,0.0
47435,Center Drive,0.0,0.0,0.0,0,(),0.0,0.0
47440,Center Drive,0.0,0.0,0.0,0,(),0.0,0.0
47445,Center Drive,0.0,0.0,0.0,0,(),0.0,0.0
47450,Center Drive,0.0,0.0,0.0,0,(),0.0,0.0
47455,Center Drive,0.0,0.0,0.0,0,(),0.0,0.0
47460,Center Drive,0.0,0.0,0.0,0,(),0.0,0.0
47465,Center Drive,0.0,0.0,0.0,0,(),0.0,0.0
47470,Center Drive,0.0,0.0,0.0,0,(),0.0,0.0
47475,Center Drive,0.0,0.0,0.0,0,(),0.0,0.0
47480,Center Drive,0.0,0.0,0.0,0,(),0.0,0.0
47485,Center Drive,0.0,0.0,0.0,0,(),0.0,0.0
47490,Center Drive,0.0,0.0,0.0,0,(),0.0,0.0
47495,Center Drive,0.0,0.0,0.0,0,(),0.0,0.0
47500,Center Drive,0.0,0.0,0.0,0,(),0.0,0.0
47505,Center Drive,0.0,0.0,0.0,0,(),0.0,0.0
47510,Center Drive,0.0,0.0,0.0,0,(),0.0,0.0
47515,Center Drive,0.0,0.0,0.0,0,(),0.0,0.0
47520,Center Drive,0.0,0.0,0.0,0,(),0.0,0.0
47525,Center Drive,0.0,0.0,0.0,0,(),0.0,0.0
47530,Center Drive,0.0,0.0,0.0,0,(),0.0,0.0
47535,Center Drive,0.0,0.0,0.0,0,(),0.0,0.0
47540,Center Drive,0.0,0.0,0.0,0,(),0.0,0.0
47545,Center Drive,0.0,0.0,0.0,0,(),0.0,0.0
47550,Center Drive,0.0,0.0,0.0,0,(),0.0,0.0
47555,Center Drive,0.0,0.0,0.0,0,(),0.0,0.0
47560,Center Drive,0.0,0.0,0.0,0,(),0.0,0.0
47565,Center Drive,0.0,0.0,0.0,0,(),0.0,0.0
47570,Center Drive,0.0,0.0,0.0,0,(),0.0,0.0
47575,Center Drive,0.0,0.0,0.0,0,(),0.0,0.0
47580,Center Drive,0.0,0.0,0.0,0,(),0.0,0.0
47585,Center Drive,0.0,0.0,0.0,0,(),0.0,0.0
47590,Center Drive,0.0,0.0,0.0,0,(),0.0,0.0
47595,Center Drive,0.0,0.0,0.0,0,(),0.0,0.0
47600,Center Drive,0.0,0.0,0.0,0,(),0.0,0.0
47605,Center Drive,0.0,0.0,0.0,0,(),0.0,0.0
47610,Center Drive,0.0,0.0,0.0,0,(),0.0,0.0
47615,Center Drive,0.0,0.0,0.0,0,(),0.0,0.0
47620,Center Drive,0.0,0.0,0.0,0,(),0.0,0.0
47625,Center Drive,0.0,0.0,0.0,0,(),0.0,0.0
47630,Center Drive,0.0,0.0,0.0,0,(),0.0,0.0
47635,Center Drive,0.0,0.0,0.0,0,(),0.0,0.0
47640,Center Drive,0.0,0.0,0.0,0,(),0.0,0.0
47645,Center Drive,0.0,0.0,0.0,0,(),0.0,0.0
47650,Center Drive,0.0,0.0,0.0,0,(),0.0,0.0
47655,Center Drive,0.0,0.0,0.0,0,(),0.0,0.0
47660,Center Drive,0.0,0.0,0.0,0,(),0.0,0.0
47665,Center Drive,0.0,0.0,0.0,0,(),0.0,0.0
47670,Center Drive,0.0,0.0,0.0,0,(),0.0,0.0
47675,Center Drive,0.0,0.0,0.0,0,(),0.0,0.0
47680,Center Drive,0.0,0.0,0.0,0,(),0.0,0.0
47685,Center Drive,0.0,0.0,0.0,0,(),0.0,0.0
47690,Center Drive,0.0,0.0,0.0,0,(),0.0,0.0
47695,Center Drive,0.0,0.0,0.0,0,(),0.0,0.0
47700,Center Drive,0.0,0.0,0.0,0,(),0.0,0.0
47705,Center Drive,0.0,0.0,0.0,0,(),0.0,0.0
47710,Center Drive,0.0,0.0,0.0,0,(),0.0,0.0
47715,Center Drive,0.0,0.0,0.0,0,(),0.0,0.0
47720,Center Drive,0.0,0.0,0.0,0,(),0.0,0.0
47725,Center Drive,0.0,0.0,0.0,0,(),0.0,0.0
47730,Center Drive,0.0,0.0,0.0,0,(),0.0,0.0
47735,Center Drive,0.0,0.0,0.0,0,(),0.0,0.0
47740,Center Drive,0.0,0.0,0.0,0,(),0.0,0.0
47745,Center Drive,0.0,0.0,0.0,0,(),0.0,0.0
47750,Center Drive,0.0,0.0,0.0,0,(),0.0,0.0
47755,Center Drive,0.0,0.0,0.0,0,(),0.0,0.0
47760,Center Drive,0.0,0.0,0.0,0,(),0.0,0.0
47765,Center Drive,0.0,0.0,0.0,0,(),0.0,0.0
47770,Center Drive,0.0,0.0,0.0,0,(),0.0,0.0
47775,Center Drive,0.0,0.0,0.0,0,(),0.0,0.0
47780,Center Drive,0.0,0.0,0.0,0,(),0.0,0.0
47785,Center Drive,0.0,0.0,0.0,0,(),0.0,0.0
47790,Center Drive,0.0,0.0,0.0,0,(),0.0,0.0
47795,Center Drive,0.0,0.0,0.0,0,(),0.0,0.0
47800,Center Drive,0.0,0.0,0.0,0,(),0.0,0.0
47805,Center Drive,0.0,0.0,0.0,0,(),0.0,0.0
47810,Center Drive,0.0,0.0,0.0,0,(),0.0,0.0
47815,Center Drive,0.0,0.0,0.0,0,(),0.0,0.0
47820,Center Drive,0.0,0.0,0.0,0,(),0.0,0.0
47825,Center Drive,0.0,0.0,0.0,0,(),0.0,0.0
47830,Center Drive,0.0,0.0,0.0,0,(),0.0,0.0
47835,Center Drive,0.0,0.0,0.0,0,(),0.0,0.0
47840,Center Drive,0.0,0.0,0.0,0,(),0.0,0.0
47845,Center Drive,0.0,0.0,0.0,0,(),0.0,0.0
47850,Center Drive,0.0,0.0,0.0,0,(),0.0,0.0
47855,Center Drive,0.0,0.0,0.0,0,(),0.0,0.0
47860,Center Drive,0.0,0.0,0.0,0,(),0.0,0.0
47865,Center Drive,0.0,0.0,0.0,0,(),0.0,0.0
47870,Center Drive,0.0,0.0,0.0,0,(),0.0,0.0
47875,Center Drive,0.0,0.0,0.0,0,(),0.0,0.0
47880,Center Drive,0.0,0.0,0.0,0,(),0.0,0.0
47885,Center Drive,0.0,0.0,0.0,0,(),0.0,0.0
47890,Center Drive,0.0,0.0,0.0,0,(),0.0,0.0
47895,Center Drive,0.0,0.0,0.0,0,(),0.0,0.0
47900,Center Drive,0.0,0.0,0.0,0,(),0.0,0.0
47905,Center Drive,0.0,0.0,0.0,0,(),0.0,0.0
47910,Center Drive,0.0,0.0,0.0,0,(),0.0,0.0
47915,Center Drive,0.0,0.0,0.0,0,(),0.0,0.0
47920,Center Drive,0.0,0.0,0.0,0,(),0.0,0.0
47925,Center Drive,0.0,0.0,0.0,0,(),0.0,0.0
47930,Center Drive,0.0,0.0,0.0,0,(),0.0,0.0
47935,Center Drive,0.0,0.0,0.0,0,(),0.0,0.0
47940,Center Drive,0.0,0.0,0.0,0,(),0.0,0.0
47945,Center Drive,0.0,0.0,0.0,0,(),0.0,0.0
47950,Center Drive,0.0,0.0,0.0,0,(),0.0,0.0
47955,Center Drive,0.0,0.0,0.0,0,(),0.0,0.0
47960,Center Drive,0.0,0.0,0.0,0,(),0.0,0.0
47965,Center Drive,0.0,0.0,0.0,0,(),0.0,0.0
47970,Center Drive,0.0,0.0,0.0,0,(),0.0,0.0
47975,Center Drive,0.0,0.0,0.0,0,(),0.0,0.0
47980,Center Drive,0.0,0.0,0.0,0,(),0.0,0.0
47985,Center Drive,0.0,0.0,0.0,0,(),0.0,0.0
47990,Center Drive,0.0,0.0,0.0,0,(),0.0,0.0
47995,Center Drive,0.0,0.0,0.0,0,(),0.0,0.0
48000,Center Drive,0.0,0.0,0.0,0,(),0.0,0.0
48005,Center Drive,0.0,0.0,0.0,0,(),0.0,0.0
48010,Center Drive,0.0,0.0,0.0,0,(),0.0,0.0
48015,Center Drive,0.0,0.0,0.0,0,(),0.0,0.0
48020,Center Drive,0.0,0.0,0.0,0,(),0.0,0.0
48025,Center Drive,0.0,0.0,0.0,0,(),0.0,0.0
48030,Center Drive,0.0,0.0,0.0,0,(),0.0,0.0
48035,Center Drive,0.0,0.0,0.0,0,(),0.0,0.0
48040,Center Drive,0.0,0.0,0.0,0,(),0.0,0.0
48045,Center Drive,0.0,0.0,0.0,0,(),0.0,0.0
48050,Center Drive,0.0,0.0,0.0,0,(),0.0,0.0
48055,Center Drive,0.0,0.0,0.0,0,(),0.0,0.0
48060,Center Drive,0.0,0.0,0.0,0,(),0.0,0.0
48065,Center Drive,0.0,0.0,0.0,0,(),0.0,0.0
48070,Center Drive,0.0,0.0,0.0,0,(),0.0,0.0
48075,Center Drive,0.0,0.0,0.0,0,(),0.0,0.0
48080,Center Drive,0.0,0.0,0.0,0,(),0.0,0.0
48085,Center Drive,0.0,0.0,0.0,0,(),0.0,0.0
48090,Center Drive,0.0,0.0,0.0,0,(),0.0,0.0
48095,Center Drive,0.0,0.0,0.0,0,(),0.0,0.0
48100,Center Drive,0.0,0.0,0.0,0,(),0.0,0.0
48105,Center Drive,0.0,0.0,0.0,0,(),0.0,0.0
48110,Center Drive,0.0,0.0,0.0,0,(),0.0,0.0
48115,Center Drive,0.0,0.0,0.0,0,(),0.0,0.0
48120,Center Drive,0.0,0.0,0.0,0,(),0.0,0.0
48125,Center Drive,0.0,0.0,0.0,0,(),0.0,0.0
48130,Center Drive,0.0,0.0,0.0,0,(),0.0,0.0
48135,Center Drive,0.0,0.0,0.0,0,(),0.0,0.0
48140,Center Drive,0.0,0.0,0.0,0,(),0.0,0.0
48145,Center Drive,0.0,0.0,0.0,0,(),0.0,0.0
48150,Center Drive,0.0,0.0,0.0,0,(),0.0,0.0
48155,Center Drive,0.0,0.0,0.0,0,(),0.0,0.0
48160,Center Drive,0.0,0.0,0.0,0,(),0.0,0.0
48165,Center Drive,0.0,0.0,0.0,0,(),0.0,0.0
48170,Center Drive,0.0,0.0,0.0,0,(),0.0,0.0
48175,Center Drive,0.0,0.0,0.0,0,(),0.0,0.0
48180,Center Drive,0.0,0.0,0.0,0,(),0.0,0.0
48185,Center Drive,0.0,0.0,0.0,0,(),0.0,0.0
48190,Center Drive,0.0,0.0,0.0,0,(),0.0,0.0
48195,Center Drive,0.0,0.0,0.0,0,(),0.0,0.0
48200,Center Drive,0.0,0.0,0.0,0,(),0.0,0.0
48205,Center Drive,0.0,0.0,0.0,0,(),0.0,0.0
48210,Center Drive,0.0,0.0,0.0,0,(),0.0,0.0
48215,Center Drive,0.0,0.0,0.0,0,(),0.0,0.0
48220,Center Drive,0.0,0.0,0.0,0,(),0.0,0.0
48225,Center Drive,0.0,0.0,0.0,0,(),0.0,0.0
48230,Center Drive,0.0,0.0,0.0,0,(),0.0,0.0
48235,Center Drive,0.0,0.0,0.0,0,(),0.0,0.0
48240,Center Drive,0.0,0.0,0.0,0,(),0.0,0.0
48245,Center Drive,0.0,0.0,0.0,0,(),0.0,0.0
48250,Center Drive,0.0,0.0,0.0,0,(),0.0,0.0
48255,Center Drive,0.0,0.0,0.0,0,(),0.0,0.0
48260,Center Drive,0.0,0.0,0.0,0,(),0.0,0.0
48265,Center Drive,0.0,0.0,0.0,0,(),0.0,0.0
48270,Center Drive,0.0,0.0,0.0,0,(),0.0,0.0
48275,Center Drive,0.0,0.0,0.0,0,(),0.0,0.0
48280,Center Drive,0.0,0.0,0.0,0,(),0.0,0.0
48285,Center Drive,0.0,0.0,0.0,0,(),0.0,0.0
48290,Center Drive,0.0,0.0,0.0,0,(),0.0,0.0
48295,Center Drive,0.0,0.0,0.0,0,(),0.0,0.0
48300,Center Drive,0.0,0.0,0.0,0,(),0.0,0.0
48305,Center Drive,0.0,0.0,0.0,0,(),0.0,0.0
48310,Center Drive,0.0,0.0,0.0,0,(),0.0,0.0
48315,Center Drive,0.0,0.0,0.0,0,(),0.0,0.0
48320,Center Drive,0.0,0.0,0.0,0,(),0.0,0.0
48325,Center Drive,0.0,0.0,0.0,0,(),0.0,0.0
48330,Center Drive,0.0,0.0,0.0,0,(),0.0,0.0
48335,Center Drive,0.0,0.0,0.0,0,(),0.0,0.0
48340,Center Drive,0.0,0.0,0.0,0,(),0.0,0.0
48345,Center Drive,0.0,0.0,0.0,0,(),0.0,0.0
48350,Center Drive,0.0,0.0,0.0,0,(),0.0,0.0
48355,Center Drive,0.0,0.0,0.0,0,(),0.0,0.0
48360,Center Drive,0.0,0.0,0.0,0,(),0.0,0.0
48365,Center Drive,0.0,0.0,0.0,0,(),0.0,0.0
48370,Center Drive,0.0,0.0,0.0,0,(),0.0,0.0
48375,Center Drive,0.0,0.0,0.0,0,(),0.0,0.0
48380,Center Drive,0.0,0.0,0.0,0,(),0.0,0.0
48385,Center Drive,0.0,0.0,0.0,0,(),0.0,0.0
48390,Center Drive,0.0,0.0,0.0,0,(),0.0,0.0
48395,Center Drive,0.0,0.0,0.0,0,(),0.0,0.0
48400,Center Drive,0.0,0.0,0.0,0,(),0.0,0.0
48405,Center Drive,0.0,0.0,0.0,0,(),0.0,0.0
48410,Center Drive,0.0,0.0,0.0,0,(),0.0,0.0
48415,Center Drive,0.0,0.0,0.0,0,(),0.0,0.0
48420,Center Drive,0.0,0.0,0.0,0,(),0.0,0.0
48425,Center Drive,0.0,0.0,0.0,0,(),0.0,0.0
48430,Center Drive,0.0,0.0,0.0,0,(),0.0,0.0
48435,Center Drive,0.0,0.0,0.0,0,(),0.0,0.0
48440,Center Drive,0.0,0.0,0.0,0,(),0.0,0.0
48445,Center Drive,0.0,0.0,0.0,0,(),0.0,0.0
48450,Center Drive,0.0,0.0,0.0,0,(),0.0,0.0
48455,Center Drive,0.0,0.0,0.0,0,(),0.0,0.0
48460,Center Drive,0.0,0.0,0.0,0,(),0.0,0.0
48465,Center Drive,0.0,0.0,0.0,0,(),0.0,0.0
48470,Center Drive,0.0,0.0,0.0,0,(),0.0,0.0
48475,Center Drive,0.0,0.0,0.0,0,(),0.0,0.0
48480,Center Drive,0.0,0.0,0.0,0,(),0.0,0.0
48485,Center Drive,0.0,0.0,0.0,0,(),0.0,0.0
48490,Center Drive,0.0,0.0,0.0,0,(),0.0,0.0
48495,Center Drive,0.0,0.0,0.0,0,(),0.0,0.0
48500,Center Drive,0.0,0.0,0.0,0,(),0.0,0.0
48505,Center Drive,0.0,0.0,0.0,0,(),0.0,0.0
48510,Center Drive,0.0,0.0,0.0,0,(),0.0,0.0
48515,Center Drive,0.0,0.0,0.0,0,(),0.0,0.0
48520,Center Drive,0.0,0.0,0.0,0,(),0.0,0.0
48525,Center Drive,0.0,0.0,0.0,0,(),0.0,0.0
48530,Center Drive,0.0,0.0,0.0,0,(),0.0,0.0
48535,Center Drive,0.0,0.0,0.0,0,(),0.0,0.0
48540,Center Drive,0.0,0.0,0.0,0,(),0.0,0.0
48545,Center Drive,0.0,0.0,0.0,0,(),0.0,0.0
48550,Center Drive,0.0,0.0,0.0,0,(),0.0,0.0
48555,Center Drive,0.0,0.0,0.0,0,(),0.0,0.0
48560,Center Drive,0.0,0.0,0.0,0,(),0.0,0.0
48565,Center Drive,0.0,0.0,0.0,0,(),0.0,0.0
48570,Center Drive,0.0,0.0,0.0,0,(),0.0,0.0
48575,Center Drive,0.0,0.0,0.0,0,(),0.0,0.0
48580,Center Drive,0.0,0.0,0.0,0,(),0.0,0.0
48585,Center Drive,0.0,0.0,0.0,0,(),0.0,0.0
48590,Center Drive,0.0,0.0,0.0,0,(),0.0,0.0
48595,Center Drive,0.0,0.0,0.0,0,(),0.0,0.0
48600,Center Drive,0.0,0.0,0.0,0,(),0.0,0.0
48605,Center Drive,0.0,0.0,0.0,0,(),0.0,0.0
48610,Center Drive,0.0,0.0,0.0,0,(),0.0,0.0
48615,Center Drive,0.0,0.0,0.0,0,(),0.0,0.0
48620,Center Drive,0.0,0.0,0.0,0,(),0.0,0.0
48625,Center Drive,0.0,0.0,0.0,0,(),0.0,0.0
48630,Center Drive,0.0,0.0,0.0,0,(),0.0,0.0
48635,Center Drive,0.0,0.0,0.0,0,(),0.0,0.0
48640,Center Drive,0.0,0.0,0.0,0,(),0.0,0.0
48645,Center Drive,0.0,0.0,0.0,0,(),0.0,0.0
48650,Center Drive,0.0,0.0,0.0,0,(),0.0,0.0
48655,Center Drive,0.0,0.0,0.0,0,(),0.0,0.0
48660,Center Drive,0.0,0.0,0.0,0,(),0.0,0.0
48665,Center Drive,0.0,0.0,0.0,0,(),0.0,0.0
48670,Center Drive,0.0,0.0,0.0,0,(),0.0,0.0
48675,Center Drive,0.0,0.0,0.0,0,(),0.0,0.0
48680,Center Drive,0.0,0.0,0.0,0,(),0.0,0.0
48685,Center Drive,0.0,0.0,0.0,0,(),0.0,0.0
48690,Center Drive,0.0,0.0,0.0,0,(),0.0,0.0
48695,Center Drive,0.0,0.0,0.0,0,(),0.0,0.0
48700,Center Drive,0.0,0.0,0.0,0,(),0.0,0.0
48705,Center Drive,0.0,0.0,0.0,0,(),0.0,0.0
48710,Center Drive,0.0,0.0,0.0,0,(),0.0,0.0
48715,Center Drive,0.0,0.0,0.0,0,(),0.0,0.0
48720,Center Drive,0.0,0.0,0.0,0,(),0.0,0.0
48725,Center Drive,0.0,0.0,0.0,0,(),0.0,0.0
48730,Center Drive,0.0,0.0,0.0,0,(),0.0,0.0
48735,Center Drive,0.0,0.0,0.0,0,(),0.0,0.0
48740,Center Drive,0.0,0.0,0.0,0,(),0.0,0.0
48745,Center Drive,0.0,0.0,0.0,0,(),0.0,0.0
48750,Center Drive,0.0,0.0,0.0,0,(),0.0,0.0
48755,Center Drive,0.0,0.0,0.0,0,(),0.0,0.0
48760,Center Drive,0.0,0.0,0.0,0,(),0.0,0.0
48765,Center Drive,0.0,0.0,0.0,0,(),0.0,0.0
48770,Center Drive,0.0,0.0,0.0,0,(),0.0,0.0
48775,Center Drive,0.0,0.0,0.0,0,(),0.0,0.0
48780,Center Drive,0.0,0.0,0.0,0,(),0.0,0.0
48785,Center Drive,0.0,0.0,0.0,0,(),0.0,0.0
48790,Center Drive,0.0,0.0,0.0,0,(),0.0,0.0
48795,Center Drive,0.0,0.0,0.0,0,(),0.0,0.0
48800,Center Drive,0.0,0.0,0.0,0,(),0.0,0.0
48805,Center Drive,0.0,0.0,0.0,0,(),0.0,0.0
48810,Center Drive,0.0,0.0,0.0,0,(),0.0,0.0
48815,Center Drive,0.0,0.0,0.0,0,(),0.0,0.0
48820,Center Drive,0.0,0.0,0.0,0,(),0.0,0.0
48825,Center Drive,0.0,0.0,0.0,0,(),0.0,0.0
48830,Center Drive,0.0,0.0,0.0,0,(),0.0,0.0
48835,Center Drive,0.0,0.0,0.0,0,(),0.0,0.0
48840,Center Drive,0.0,0.0,0.0,0,(),0.0,0.0
48845,Center Drive,0.0,0.0,0.0,0,(),0.0,0.0
48850,Center Drive,0.0,0.0,0.0,0,(),0.0,0.0
48855,Center Drive,0.0,0.0,0.0,0,(),0.0,0.0
48860,Center Drive,0.0,0.0,0.0,0,(),0.0,0.0
48865,Center Drive,0.0,0.0,0.0,0,(),0.0,0.0
48870,Center Drive,0.0,0.0,0.0,0,(),0.0,0.0
48875,Center Drive,0.0,0.0,0.0,0,(),0.0,0.0
48880,Center Drive,0.0,0.0,0.0,0,(),0.0,0.0
48885,Center Drive,0.0,0.0,0.0,0,(),0.0,0.0
48890,Center Drive,0.0,0.0,0.0,0,(),0.0,0.0
48895,Center Drive,0.0,0.0,0.0,0,(),0.0,0.0
48900,Center Drive,0.0,0.0,0.0,0,(),0.0,0.0
48905,Center Drive,0.0,0.0,0.0,0,(),0.0,0.0
48910,Center Drive,0.0,0.0,0.0,0,(),0.0,0.0
48915,Center Drive,0.0,0.0,0.0,0,(),0.0,0.0
48920,Center Drive,0.0,0.0,0.0,0,(),0.0,0.0
48925,Center Drive,0.0,0.0,0.0,0,(),0.0,0.0
48930,Center Drive,0.0,0.0,0.0,0,(),0.0,0.0
48935,Center Drive,0.0,0.0,0.0,0,(),0.0,0.0
48940,Center Drive,0.0,0.0,0.0,0,(),0.0,0.0
48945,Center Drive,0.0,0.0,0.0,0,(),0.0,0.0
48950,Center Drive,0.0,0.0,0.0,0,(),0.0,0.0
48955,Center Drive,0.0,0.0,0.0,0,(),0.0,0.0
48960,Center Drive,0.0,0.0,0.0,0,(),0.0,0.0
48965,Center Drive,0.0,0.0,0.0,0,(),0.0,0.0
48970,Center Drive,0.0,0.0,0.0,0,(),0.0,0.0
48975,Center Drive,0.0,0.0,0.0,0,(),0.0,0.0
48980,Center Drive,0.0,0.0,0.0,0,(),0.0,0.0
48985,Center Drive,0.0,0.0,0.0,0,(),0.0,0.0
48990,Center Drive,0.0,0.0,0.0,0,(),0.0,0.0
48995,Center Drive,0.0,0.0,0.0,0,(),0.0,0.0
49000,Center Drive,0.0,0.0,0.0,0,(),0.0,0.0
49005,Center Drive,0.0,0.0,0.0,0,(),0.0,0.0
49010,Center Drive,0.0,0.0,0.0,0,(),0.0,0.0
49015,Center Drive,0.0,0.0,0.0,0,(),0.0,0.0
49020,Center Drive,0.0,0.0,0.0,0,(),0.0,0.0
49025,Center Drive,0.0,0.0,0.0,0,(),0.0,0.0
49030,Center Drive,0.0,0.0,0.0,0,(),0.0,0.0
49035,Center Drive,0.0,0.0,0.0,0,(),0.0,0.0
49040,Center Drive,0.0,0.0,0.0,0,(),0.0,0.0
49045,Center Drive,0.0,0.0,0.0,0,(),0.0,0.0
49050,Center Drive,0.0,0.0,0.0,0,(),0.0,0.0
49055,Center Drive,0.0,0.0,0.0,0,(),0.0,0.0
49060,Center Drive,0.0,0.0,0.0,0,(),0.0,0.0
49065,Center Drive,0.0,0.0,0.0,0,(),0.0,0.0
49070,Center Drive,0.0,0.0,0.0,0,(),0.0,0.0
49075,Center Drive,0.0,0.0,0.0,0,(),0.0,0.0
49080,Center Drive,0.0,0.0,0.0,0,(),0.0,0.0
49085,Center Drive,0.0,0.0,0.0,0,(),0.0,0.0
49090,Center Drive,0.0,0.0,0.0,0,(),0.0,0.0
49095,Center Drive,0.0,0.0,0.0,0,(),0.0,0.0
49100,Center Drive,0.0,0.0,0.0,0,(),0.0,0.0
49105,Center Drive,0.0,0.0,0.0,0,(),0.0,0.0
49110,Center Drive,0.0,0.0,0.0,0,(),0.0,0.0
49115,Center Drive,0.0,0.0,0.0,0,(),0.0,0.0
49120,Center Drive,0.0,0.0,0.0,0,(),0.0,0.0
49125,Center Drive,0.0,0.0,0.0,0,(),0.0,0.0
49130,Center Drive,0.0,0.0,0.0,0,(),0.0,0.0
49135,Center Drive,0.0,0.0,0.0,0,(),0.0,0.0
49140,Center Drive,0.0,0.0,0.0,0,(),0.0,0.0
49145,Center Drive,0.0,0.0,0.0,0,(),0.0,0.0
49150,Center Drive,0.0,0.0,0.0,0,(),0.0,0.0
49155,Center Drive,0.0,0.0,0.0,0,(),0.0,0.0
49160,Center Drive,0.0,0.0,0.0,0,(),0.0,0.0
49165,Center Drive,0.0,0.0,0.0,0,(),0.0,0.0
49170,Center Drive,0.0,0.0,0.0,0,(),0.0,0.0
49175,Center Drive,0.0,0.0,0.0,0,(),0.0,0.0
49180,Center Drive,0.0,0.0,0.0,0,(),0.0,0.0
49185,Center Drive,0.0,0.0,0.0,0,(),0.0,0.0
49190,Center Drive,0.0,0.0,0.0,0,(),0.0,0.0
49195,Center Drive,0.0,0.0,0.0,0,(),0.0,0.0
49200,Center Drive,0.0,0.0,0.0,0,(),0.0,0.0
49205,Center Drive,0.0,0.0,0.0,0,(),0.0,0.0
49210,Center Drive,0.0,0.0,0.0,0,(),0.0,0.0
49215,Center Drive,0.0,0.0,0.0,0,(),0.0,0.0
49220,Center Drive,0.0,0.0,0.0,0,(),0.0,0.0
49225,Center Drive,0.0,0.0,0.0,0,(),0.0,0.0
49230,Center Drive,0.0,0.0,0.0,0,(),0.0,0.0
49235,Center Drive,0.0,0.0,0.0,0,(),0.0,0.0
49240,Center Drive,0.0,0.0,0.0,0,(),0.0,0.0
49245,Center Drive,0.0,0.0,0.0,0,(),0.0,0.0
49250,Center Drive,0.0,0.0,0.0,0,(),0.0,0.0
49255,Center Drive,0.0,0.0,0.0,0,(),0.0,0.0
49260,Center Drive,0.0,0.0,0.0,0,(),0.0,0.0
49265,Center Drive,0.0,0.0,0.0,0,(),0.0,0.0
49270,Center Drive,0.0,0.0,0.0,0,(),0.0,0.0
49275,Center Drive,0.0,0.0,0.0,0,(),0.0,0.0
49280,Center Drive,0.0,0.0,0.0,0,(),0.0,0.0
49285,Center Drive,0.0,0.0,0.0,0,(),0.0,0.0
49290,Center Drive,0.0,0.0,0.0,0,(),0.0,0.0
49295,Center Drive,0.0,0.0,0.0,0,(),0.0,0.0
49300,Center Drive,0.0,0.0,0.0,0,(),0.0,0.0
49305,Center Drive,0.0,0.0,0.0,0,(),0.0,0.0
49310,Center Drive,0.0,0.0,0.0,0,(),0.0,0.0
49315,Center Drive,0.0,0.0,0.0,0,(),0.0,0.0
49320,Center Drive,0.0,0.0,0.0,0,(),0.0,0.0
49325,Center Drive,0.0,0.0,0.0,0,(),0.0,0.0
49330,Center Drive,0.0,0.0,0.0,0,(),0.0,0.0
49335,Center Drive,0.0,0.0,0.0,0,(),0.0,0.0
49340,Center Drive,0.0,0.0,0.0,0,(),0.0,0.0
49345,Center Drive,0.0,0.0,0.0,0,(),0.0,0.0
49350,Center Drive,0.0,0.0,0.0,0,(),0.0,0.0
49355,Center Drive,0.0,0.0,0.0,0,(),0.0,0.0
49360,Center Drive,0.0,0.0,0.0,0,(),0.0,0.0
49365,Center Drive,0.0,0.0,0.0,0,(),0.0,0.0
49370,Center Drive,0.0,0.0,0.0,0,(),0.0,0.0
49375,Center Drive,0.0,0.0,0.0,0,(),0.0,0.0
49380,Center Drive,0.0,0.0,0.0,0,(),0.0,0.0
49385,Center Drive,0.0,0.0,0.0,0,(),0.0,0.0
49390,Center Drive,0.0,0.0,0.0,0,(),0.0,0.0
49395,Center Drive,0.0,0.0,0.0,0,(),0.0,0.0
49400,Center Drive,0.0,0.0,0.0,0,(),0.0,0.0
49405,Center Drive,0.0,0.0,0.0,0,(),0.0,0.0
49410,Center Drive,0.0,0.0,0.0,0,(),0.0,0.0
49415,Center Drive,0.0,0.0,0.0,0,(),0.0,0.0
49420,Center Drive,0.0,0.0,0.0,0,(),0.0,0.0
49425,Center Drive,0.0,0.0,0.0,0,(),0.0,0.0
49430,Center Drive,0.0,0.0,0.0,0,(),0.0,0.0
49435,Center Drive,0.0,0.0,0.0,0,(),0.0,0.0
49440,Center Drive,0.0,0.0,0.0,0,(),0.0,0.0
49445,Center Drive,0.0,0.0,0.0,0,(),0.0,0.0
49450,Center Drive,0.0,0.0,0.0,0,(),0.0,0.0
49455,Center Drive,0.0,0.0,0.0,0,(),0.0,0.0
49460,Center Drive,0.0,0.0,0.0,0,(),0.0,0.0
49465,Center Drive,0.0,0.0,0.0,0,(),0.0,0.0
49470,Center Drive,0.0,0.0,0.0,0,(),0.0,0.0
49475,Center Drive,0.0,0.0,0.0,0,(),0.0,0.0
49480,Center Drive,0.0,0.0,0.0,0,(),0.0,0.0
49485,Center Drive,0.0,0.0,0.0,0,(),0.0,0.0
49490,Center Drive,0.0,0.0,0.0,0,(),0.0,0.0
49495,Center Drive,0.0,0.0,0.0,0,(),0.0,0.0
49500,Center Drive,0.0,0.0,0.0,0,(),0.0,0.0
49505,Center Drive,0.0,0.0,0.0,0,(),0.0,0.0
49510,Center Drive,0.0,0.0,0.0,0,(),0.0,0.0
49515,Center Drive,0.0,0.0,0.0,0,(),0.0,0.0
49520,Center Drive,0.0,0.0,0.0,0,(),0.0,0.0
49525,Center Drive,0.0,0.0,0.0,0,(),0.0,0.0
49530,Center Drive,0.0,0.0,0.0,0,(),0.0,0.0
49535,Center Drive,0.0,0.0,0.0,0,(),0.0,0.0
49540,Center Drive,0.0,0.0,0.0,0,(),0.0,0.0
49545,Center Drive,0.0,0.0,0.0,0,(),0.0,0.0
49550,Center Drive,0.0,0.0,0.0,0,(),0.0,0.0
49555,Center Drive,0.0,0.0,0.0,0,(),0.0,0.0
49560,Center Drive,0.0,0.0,0.0,0,(),0.0,0.0
49565,Center Drive,0.0,0.0,0.0,0,(),0.0,0.0
49570,Center Drive,0.0,0.0,0.0,0,(),0.0,0.0
49575,Center Drive,0.0,0.0,0.0,0,(),0.0,0.0
49580,Center Drive,0.0,0.0,0.0,0,(),0.0,0.0
49585,Center Drive,0.0,0.0,0.0,0,(),0.0,0.0
49590,Center Drive,0.0,0.0,0.0,0,(),0.0,0.0
49595,Center Drive,0.0,0.0,0.0,0,(),0.0,0.0
49600,Center Drive,0.0,0.0,0.0,0,(),0.0,0.0
49605,Center Drive,0.0,0.0,0.0,0,(),0.0,0.0
49610,Center Drive,0.0,0.0,0.0,0,(),0.0,0.0
49615,Center Drive,0.0,0.0,0.0,0,(),0.0,0.0
49620,Center Drive,0.0,0.0,0.0,0,(),0.0,0.0
49625,Center Drive,0.0,0.0,0.0,0,(),0.0,0.0
49630,Center Drive,0.0,0.0,0.0,0,(),0.0,0.0
49635,Center Drive,0.0,0.0,0.0,0,(),0.0,0.0
49640,Center Drive,0.0,0.0,0.0,0,(),0.0,0.0
49645,Center Drive,0.0,0.0,0.0,0,(),0.0,0.0
49650,Center Drive,0.0,0.0,0.0,0,(),0.0,0.0
49655,Center Drive,0.0,0.0,0.0,0,(),0.0,0.0
49660,Center Drive,0.0,0.0,0.0,0,(),0.0,0.0
49665,Center Drive,0.0,0.0,0.0,0,(),0.0,0.0
49670,Center Drive,0.0,0.0,0.0,0,(),0.0,0.0
49675,Center Drive,0.0,0.0,0.0,0,(),0.0,0.0
49680,Center Drive,0.0,0.0,0.0,0,(),0.0,0.0
49685,Center Drive,0.0,0.0,0.0,0,(),0.0,0.0
49690,Center Drive,0.0,0.0,0.0,0,(),0.0,0.0
49695,Center Drive,0.0,0.0,0.0,0,(),0.0,0.0
49700,Center Drive,0.0,0.0,0.0,0,(),0.0,0.0
49705,Center Drive,0.0,0.0,0.0,0,(),0.0,0.0
49710,Center Drive,0.0,0.0,0.0,0,(),0.0,0.0
49715,Center Drive,0.0,0.0,0.0,0,(),0.0,0.0
49720,Center Drive,0.0,0.0,0.0,0,(),0.0,0.0
49725,Center Drive,0.0,0.0,0.0,0,(),0.0,0.0
49730,Center Drive,0.0,0.0,0.0,0,(),0.0,0.0
49735,Center Drive,0.0,0.0,0.0,0,(),0.0,0.0
49740,Center Drive,0.0,0.0,0.0,0,(),0.0,0.0
49745,Center Drive,0.0,0.0,0.0,0,(),0.0,0.0
49750,Center Drive,0.0,0.0,0.0,0,(),0.0,0.0
49755,Center Drive,0.0,0.0,0.0,0,(),0.0,0.0
49760,Center Drive,0.0,0.0,0.0,0,(),0.0,0.0
49765,Center Drive,0.0,0.0,0.0,0,(),0.0,0.0
49770,Center Drive,0.0,0.0,0.0,0,(),0.0,0.0
49775,Center Drive,0.0,0.0,0.0,0,(),0.0,0.0
49780,Center Drive,0.0,0.0,0.0,0,(),0.0,0.0
49785,Center Drive,0.0,0.0,0.0,0,(),0.0,0.0
49790,Center Drive,0.0,0.0,0.0,0,(),0.0,0.0
49795,Center Drive,0.0,0.0,0.0,0,(),0.0,0.0
49800,Center Drive,0.0,0.0,0.0,0,(),0.0,0.0
49805,Center Drive,0.0,0.0,0.0,0,(),0.0,0.0
49810,Center Drive,0.0,0.0,0.0,0,(),0.0,0.0
49815,Center Drive,0.0,0.0,0.0,0,(),0.0,0.0
49820,Center Drive,0.0,0.0,0.0,0,(),0.0,0.0
49825,Center Drive,0.0,0.0,0.0,0,(),0.0,0.0
49830,Center Drive,0.0,0.0,0.0,0,(),0.0,0.0
49835,Center Drive,0.0,0.0,0.0,0,(),0.0,0.0
49840,Center Drive,0.0,0.0,0.0,0,(),0.0,0.0
49845,Center Drive,0.0,0.0,0.0,0,(),0.0,0.0
49850,Center Drive,0.0,0.0,0.0,0,(),0.0,0.0
49855,Center Drive,0.0,0.0,0.0,0,(),0.0,0.0
49860,Center Drive,0.0,0.0,0.0,0,(),0.0,0.0
49865,Center Drive,0.0,0.0,0.0,0,(),0.0,0.0
49870,Center Drive,0.0,0.0,0.0,0,(),0.0,0.0
49875,Center Drive,0.0,0.0,0.0,0,(),0.0,0.0
49880,Center Drive,0.0,0.0,0.0,0,(),0.0,0.0
49885,Center Drive,0.0,0.0,0.0,0,(),0.0,0.0
49890,Center Drive,0.0,0.0,0.0,0,(),0.0,0.0
49895,Center Drive,0.0,0.0,0.0,0,(),0.0,0.0
49900,Center Drive,0.0,0.0,0.0,0,(),0.0,0.0
49905,Center Drive,0.0,0.0,0.0,0,(),0.0,0.0
49910,Center Drive,0.0,0.0,0.0,0,(),0.0,0.0
49915,Center Drive,0.0,0.0,0.0,0,(),0.0,0.0
49920,Center Drive,0.0,0.0,0.0,0,(),0.0,0.0
49925,Center Drive,0.0,0.0,0.0,0,(),0.0,0.0
49930,Center Drive,0.0,0.0,0.0,0,(),0.0,0.0
49935,Center Drive,0.0,0.0,0.0,0,(),0.0,0.0
49940,Center Drive,0.0,0.0,0.0,0,(),0.0,0.0
49945,Center Drive,0.0,0.0,0.0,0,(),0.0,0.0
49950,Center Drive,0.0,0.0,0.0,0,(),0.0,0.0
49955,Center Drive,0.0,0.0,0.0,0,(),0.0,0.0
49960,Center Drive,0.0,0.0,0.0,0,(),0.0,0.0
49965,Center Drive,0.0,0.0,0.0,0,(),0.0,0.0
49970,Center Drive,0.0,0.0,0.0,0,(),0.0,0.0
49975,Center Drive,0.0,0.0,0.0,0,(),0.0,0.0
49980,Center Drive,0.0,0.0,0.0,0,(),0.0,0.0
49985,Center Drive,0.0,0.0,0.0,0,(),0.0,0.0
49990,Center Drive,0.0,0.0,0.0,0,(),0.0,0.0
49995,Center Drive,0.0,0.0,0.0,0,(),0.0,0.0
50000,Center Drive,0.0,0.0,0.0,0,(),0.0,0.0
50005,Center Drive,0.0,0.0,0.0,0,(),0.0,0.0
50010,Center Drive,0.0,0.0,0.0,0,(),0.0,0.0
50015,Center Drive,0.0,0.0,0.0,0,(),0.0,0.0
50020,Center Drive,0.0,0.0,0.0,0,(),0.0,0.0
50025,Center Drive,0.0,0.0,0.0,0,(),0.0,0.0
50030,Center Drive,0.0,0.0,0.0,0,(),0.0,0.0
50035,Center Drive,0.0,0.0,0.0,0,(),0.0,0.0
50040,Center Drive,0.0,0.0,0.0,0,(),0.0,0.0
50045,Center Drive,0.0,0.0,0.0,0,(),0.0,0.0
50050,Center Drive,0.0,0.0,0.0,0,(),0.0,0.0
50055,Center Drive,0.0,0.0,0.0,0,(),0.0,0.0
50060,Center Drive,0.0,0.0,0.0,0,(),0.0,0.0
50065,Center Drive,0.0,0.0,0.0,0,(),0.0,0.0
50070,Center Drive,0.0,0.0,0.0,0,(),0.0,0.0
50075,Center Drive,0.0,0.0,0.0,0,(),0.0,0.0
50080,Center Drive,0.0,0.0,0.0,0,(),0.0,0.0
50085,Center Drive,0.0,0.0,0.0,0,(),0.0,0.0
50090,Center Drive,0.0,0.0,0.0,0,(),0.0,0.0
50095,Center Drive,0.0,0.0,0.0,0,(),0.0,0.0
50100,Center Drive,0.0,0.0,0.0,0,(),0.0,0.0
50105,Center Drive,0.0,0.0,0.0,0,(),0.0,0.0
50110,Center Drive,0.0,0.0,0.0,0,(),0.0,0.0
50115,Center Drive,0.0,0.0,0.0,0,(),0.0,0.0
50120,Center Drive,0.0,0.0,0.0,0,(),0.0,0.0
50125,Center Drive,0.0,0.0,0.0,0,(),0.0,0.0
50130,Center Drive,0.0,0.0,0.0,0,(),0.0,0.0
50135,Center Drive,0.0,0.0,0.0,0,(),0.0,0.0
50140,Center Drive,0.0,0.0,0.0,0,(),0.0,0.0
50145,Center Drive,0.0,0.0,0.0,0,(),0.0,0.0
50150,Center Drive,0.0,0.0,0.0,0,(),0.0,0.0
50155,Center Drive,0.0,0.0,0.0,0,(),0.0,0.0
50160,Center Drive,0.0,0.0,0.0,0,(),0.0,0.0
50165,Center Drive,0.0,0.0,0.0,0,(),0.0,0.0
50170,Center Drive,0.0,0.0,0.0,0,(),0.0,0.0
50175,Center Drive,0.0,0.0,0.0,0,(),0.0,0.0
50180,Center Drive,0.0,0.0,0.0,0,(),0.0,0.0
50185,Center Drive,0.0,0.0,0.0,0,(),0.0,0.0
50190,Center Drive,0.0,0.0,0.0,0,(),0.0,0.0
50195,Center Drive,0.0,0.0,0.0,0,(),0.0,0.0
50200,Center Drive,0.0,0.0,0.0,0,(),0.0,0.0
50205,Center Drive,0.0,0.0,0.0,0,(),0.0,0.0
50210,Center Drive,0.0,0.0,0.0,0,(),0.0,0.0
50215,Center Drive,0.0,0.0,0.0,0,(),0.0,0.0
50220,Center Drive,0.0,0.0,0.0,0,(),0.0,0.0
50225,Center Drive,0.0,0.0,0.0,0,(),0.0,0.0
50230,Center Drive,0.0,0.0,0.0,0,(),0.0,0.0
50235,Center Drive,0.0,0.0,0.0,0,(),0.0,0.0
50240,Center Drive,0.0,0.0,0.0,0,(),0.0,0.0
50245,Center Drive,0.0,0.0,0.0,0,(),0.0,0.0
50250,Center Drive,0.0,0.0,0.0,0,(),0.0,0.0
50255,Center Drive,0.0,0.0,0.0,0,(),0.0,0.0
50260,Center Drive,0.0,0.0,0.0,0,(),0.0,0.0
50265,Center Drive,0.0,0.0,0.0,0,(),0.0,0.0
50270,Center Drive,0.0,0.0,0.0,0,(),0.0,0.0
50275,Center Drive,0.0,0.0,0.0,0,(),0.0,0.0
50280,Center Drive,0.0,0.0,0.0,0,(),0.0,0.0
50285,Center Drive,0.0,0.0,0.0,0,(),0.0,0.0
50290,Center Drive,0.0,0.0,0.0,0,(),0.0,0.0
50295,Center Drive,0.0,0.0,0.0,0,(),0.0,0.0
50300,Center Drive,0.0,0.0,0.0,0,(),0.0,0.0
50305,Center Drive,0.0,0.0,0.0,0,(),0.0,0.0
50310,Center Drive,0.0,0.0,0.0,0,(),0.0,0.0
50315,Center Drive,0.0,0.0,0.0,0,(),0.0,0.0
50320,Center Drive,0.0,0.0,0.0,0,(),0.0,0.0
50325,Center Drive,0.0,0.0,0.0,0,(),0.0,0.0
50330,Center Drive,0.0,0.0,0.0,0,(),0.0,0.0
50335,Center Drive,0.0,0.0,0.0,0,(),0.0,0.0
50340,Center Drive,0.0,0.0,0.0,0,(),0.0,0.0
50345,Center Drive,0.0,0.0,0.0,0,(),0.0,0.0
50350,Center Drive,0.0,0.0,0.0,0,(),0.0,0.0
50355,Center Drive,0.0,0.0,0.0,0,(),0.0,0.0
50360,Center Drive,0.0,0.0,0.0,0,(),0.0,0.0
50365,Center Drive,0.0,0.0,0.0,0,(),0.0,0.0
50370,Center Drive,0.0,0.0,0.0,0,(),0.0,0.0
50375,Center Drive,0.0,0.0,0.0,0,(),0.0,0.0
50380,Center Drive,0.0,0.0,0.0,0,(),0.0,0.0
50385,Center Drive,0.0,0.0,0.0,0,(),0.0,0.0
50390,Center Drive,0.0,0.0,0.0,0,(),0.0,0.0
50395,Center Drive,0.0,0.0,0.0,0,(),0.0,0.0
50400,Center Drive,0.0,0.0,0.0,0,(),0.0,0.0
50405,Center Drive,0.0,0.0,0.0,0,(),0.0,0.0
50410,Center Drive,0.0,0.0,0.0,0,(),0.0,0.0
50415,Center Drive,0.0,0.0,0.0,0,(),0.0,0.0
50420,Center Drive,0.0,0.0,0.0,0,(),0.0,0.0
50425,Center Drive,0.0,0.0,0.0,0,(),0.0,0.0
50430,Center Drive,0.0,0.0,0.0,0,(),0.0,0.0
50435,Center Drive,0.0,0.0,0.0,0,(),0.0,0.0
50440,Center Drive,0.0,0.0,0.0,0,(),0.0,0.0
50445,Center Drive,0.0,0.0,0.0,0,(),0.0,0.0
50450,Center Drive,0.0,0.0,0.0,0,(),0.0,0.0
50455,Center Drive,0.0,0.0,0.0,0,(),0.0,0.0
50460,Center Drive,0.0,0.0,0.0,0,(),0.0,0.0
50465,Center Drive,0.0,0.0,0.0,0,(),0.0,0.0
50470,Center Drive,0.0,0.0,0.0,0,(),0.0,0.0
50475,Center Drive,0.0,0.0,0.0,0,(),0.0,0.0
50480,Center Drive,0.0,0.0,0.0,0,(),0.0,0.0
50485,Center Drive,0.0,0.0,0.0,0,(),0.0,0.0
50490,Center Drive,0.0,0.0,0.0,0,(),0.0,0.0
50495,Center Drive,0.0,0.0,0.0,0,(),0.0,0.0
50500,Center Drive,0.0,0.0,0.0,0,(),0.0,0.0
50505,Center Drive,0.0,0.0,0.0,0,(),0.0,0.0
50510,Center Drive,0.0,0.0,0.0,0,(),0.0,0.0
50515,Center Drive,0.0,0.0,0.0,0,(),0.0,0.0
50520,Center Drive,0.0,0.0,0.0,0,(),0.0,0.0
50525,Center Drive,0.0,0.0,0.0,0,(),0.0,0.0
50530,Center Drive,0.0,0.0,0.0,0,(),0.0,0.0
50535,Center Drive,0.0,0.0,0.0,0,(),0.0,0.0
50540,Center Drive,0.0,0.0,0.0,0,(),0.0,0.0
50545,Center Drive,0.0,0.0,0.0,0,(),0.0,0.0
50550,Center Drive,0.0,0.0,0.0,0,(),0.0,0.0
50555,Center Drive,0.0,0.0,0.0,0,(),0.0,0.0
50560,Center Drive,0.0,0.0,0.0,0,(),0.0,0.0
50565,Center Drive,0.0,0.0,0.0,0,(),0.0,0.0
50570,Center Drive,0.0,0.0,0.0,0,(),0.0,0.0
50575,Center Drive,0.0,0.0,0.0,0,(),0.0,0.0
50580,Center Drive,0.0,0.0,0.0,0,(),0.0,0.0
50585,Center Drive,0.0,0.0,0.0,0,(),0.0,0.0
50590,Center Drive,0.0,0.0,0.0,0,(),0.0,0.0
50595,Center Drive,0.0,0.0,0.0,0,(),0.0,0.0
50600,Center Drive,0.0,0.0,0.0,0,(),0.0,0.0
50605,Center Drive,0.0,0.0,0.0,0,(),0.0,0.0
50610,Center Drive,0.0,0.0,0.0,0,(),0.0,0.0
50615,Center Drive,0.0,0.0,0.0,0,(),0.0,0.0
50620,Center Drive,0.0,0.0,0.0,0,(),0.0,0.0
50625,Center Drive,0.0,0.0,0.0,0,(),0.0,0.0
50630,Center Drive,0.0,0.0,0.0,0,(),0.0,0.0
50635,Center Drive,0.0,0.0,0.0,0,(),0.0,0.0
50640,Center Drive,0.0,0.0,0.0,0,(),0.0,0.0
50645,Center Drive,0.0,0.0,0.0,0,(),0.0,0.0
50650,Center Drive,0.0,0.0,0.0,0,(),0.0,0.0
50655,Center Drive,0.0,0.0,0.0,0,(),0.0,0.0
50660,Center Drive,0.0,0.0,0.0,0,(),0.0,0.0
50665,Center Drive,0.0,0.0,0.0,0,(),0.0,0.0
50670,Center Drive,0.0,0.0,0.0,0,(),0.0,0.0
50675,Center Drive,0.0,0.0,0.0,0,(),0.0,0.0
50680,Center Drive,0.0,0.0,0.0,0,(),0.0,0.0
50685,Center Drive,0.0,0.0,0.0,0,(),0.0,0.0
50690,Center Drive,0.0,0.0,0.0,0,(),0.0,0.0
50695,Center Drive,0.0,0.0,0.0,0,(),0.0,0.0
50700,Center Drive,0.0,0.0,0.0,0,(),0.0,0.0
50705,Center Drive,0.0,0.0,0.0,0,(),0.0,0.0
50710,Center Drive,0.0,0.0,0.0,0,(),0.0,0.0
50715,Center Drive,0.0,0.0,0.0,0,(),0.0,0.0
50720,Center Drive,0.0,0.0,0.0,0,(),0.0,0.0
50725,Center Drive,0.0,0.0,0.0,0,(),0.0,0.0
50730,Center Drive,0.0,0.0,0.0,0,(),0.0,0.0
50735,Center Drive,0.0,0.0,0.0,0,(),0.0,0.0
50740,Center Drive,0.0,0.0,0.0,0,(),0.0,0.0
50745,Center Drive,0.0,0.0,0.0,0,(),0.0,0.0
50750,Center Drive,0.0,0.0,0.0,0,(),0.0,0.0
50755,Center Drive,0.0,0.0,0.0,0,(),0.0,0.0
50760,Center Drive,0.0,0.0,0.0,0,(),0.0,0.0
50765,Center Drive,0.0,0.0,0.0,0,(),0.0,0.0
50770,Center Drive,0.0,0.0,0.0,0,(),0.0,0.0
50775,Center Drive,0.0,0.0,0.0,0,(),0.0,0.0
50780,Center Drive,0.0,0.0,0.0,0,(),0.0,0.0
50785,Center Drive,0.0,0.0,0.0,0,(),0.0,0.0
50790,Center Drive,0.0,0.0,0.0,0,(),0.0,0.0
50795,Center Drive,0.0,0.0,0.0,0,(),0.0,0.0
50800,Center Drive,0.0,0.0,0.0,0,(),0.0,0.0
50805,Center Drive,0.0,0.0,0.0,0,(),0.0,0.0
50810,Center Drive,0.0,0.0,0.0,0,(),0.0,0.0
50815,Center Drive,0.0,0.0,0.0,0,(),0.0,0.0
50820,Center Drive,0.0,0.0,0.0,0,(),0.0,0.0
50825,Center Drive,0.0,0.0,0.0,0,(),0.0,0.0
50830,Center Drive,0.0,0.0,0.0,0,(),0.0,0.0
50835,Center Drive,0.0,0.0,0.0,0,(),0.0,0.0
50840,Center Drive,0.0,0.0,0.0,0,(),0.0,0.0
50845,Center Drive,0.0,0.0,0.0,0,(),0.0,0.0
50850,Center Drive,0.0,0.0,0.0,0,(),0.0,0.0
50855,Center Drive,0.0,0.0,0.0,0,(),0.0,0.0
50860,Center Drive,0.0,0.0,0.0,0,(),0.0,0.0
50865,Center Drive,0.0,0.0,0.0,0,(),0.0,0.0
50870,Center Drive,0.0,0.0,0.0,0,(),0.0,0.0
50875,Center Drive,0.0,0.0,0.0,0,(),0.0,0.0
50880,Center Drive,0.0,0.0,0.0,0,(),0.0,0.0
50885,Center Drive,0.0,0.0,0.0,0,(),0.0,0.0
50890,Center Drive,0.0,0.0,0.0,0,(),0.0,0.0
50895,Center Drive,0.0,0.0,0.0,0,(),0.0,0.0
50900,Center Drive,0.0,0.0,0.0,0,(),0.0,0.0
50905,Center Drive,0.0,0.0,0.0,0,(),0.0,0.0
50910,Center Drive,0.0,0.0,0.0,0,(),0.0,0.0
50915,Center Drive,0.0,0.0,0.0,0,(),0.0,0.0
50920,Center Drive,0.0,0.0,0.0,0,(),0.0,0.0
50925,Center Drive,0.0,0.0,0.0,0,(),0.0,0.0
50930,Center Drive,0.0,0.0,0.0,0,(),0.0,0.0
50935,Center Drive,0.0,0.0,0.0,0,(),0.0,0.0
50940,Center Drive,0.0,0.0,0.0,0,(),0.0,0.0
50945,Center Drive,0.0,0.0,0.0,0,(),0.0,0.0
50950,Center Drive,0.0,0.0,0.0,0,(),0.0,0.0
50955,Center Drive,0.0,0.0,0.0,0,(),0.0,0.0
50960,Center Drive,0.0,0.0,0.0,0,(),0.0,0.0
50965,Center Drive,0.0,0.0,0.0,0,(),0.0,0.0
50970,Center Drive,0.0,0.0,0.0,0,(),0.0,0.0
50975,Center Drive,0.0,0.0,0.0,0,(),0.0,0.0
50980,Center Drive,0.0,0.0,0.0,0,(),0.0,0.0
50985,Center Drive,0.0,0.0,0.0,0,(),0.0,0.0
50990,Center Drive,0.0,0.0,0.0,0,(),0.0,0.0
50995,Center Drive,0.0,0.0,0.0,0,(),0.0,0.0
51000,Center Drive,0.0,0.0,0.0,0,(),0.0,0.0
51005,Center Drive,0.0,0.0,0.0,0,(),0.0,0.0
51010,Center Drive,0.0,0.0,0.0,0,(),0.0,0.0
51015,Center Drive,0.0,0.0,0.0,0,(),0.0,0.0
51020,Center Drive,0.0,0.0,0.0,0,(),0.0,0.0
51025,Center Drive,0.0,0.0,0.0,0,(),0.0,0.0
51030,Center Drive,0.0,0.0,0.0,0,(),0.0,0.0
51035,Center Drive,0.0,0.0,0.0,0,(),0.0,0.0
51040,Center Drive,0.0,0.0,0.0,0,(),0.0,0.0
51045,Center Drive,0.0,0.0,0.0,0,(),0.0,0.0
51050,Center Drive,0.0,0.0,0.0,0,(),0.0,0.0
51055,Center Drive,0.0,0.0,0.0,0,(),0.0,0.0
51060,Center Drive,0.0,0.0,0.0,0,(),0.0,0.0
51065,Center Drive,0.0,0.0,0.0,0,(),0.0,0.0
51070,Center Drive,0.0,0.0,0.0,0,(),0.0,0.0
51075,Center Drive,0.0,0.0,0.0,0,(),0.0,0.0
51080,Center Drive,0.0,0.0,0.0,0,(),0.0,0.0
51085,Center Drive,0.0,0.0,0.0,0,(),0.0,0.0
51090,Center Drive,0.0,0.0,0.0,0,(),0.0,0.0
51095,Center Drive,0.0,0.0,0.0,0,(),0.0,0.0
51100,Center Drive,0.0,0.0,0.0,0,(),0.0,0.0
51105,Center Drive,0.0,0.0,0.0,0,(),0.0,0.0
51110,Center Drive,0.0,0.0,0.0,0,(),0.0,0.0
51115,Center Drive,0.0,0.0,0.0,0,(),0.0,0.0
51120,Center Drive,0.0,0.0,0.0,0,(),0.0,0.0
51125,Center Drive,0.0,0.0,0.0,0,(),0.0,0.0
51130,Center Drive,0.0,0.0,0.0,0,(),0.0,0.0
51135,Center Drive,0.0,0.0,0.0,0,(),0.0,0.0
51140,Center Drive,0.0,0.0,0.0,0,(),0.0,0.0
51145,Center Drive,0.0,0.0,0.0,0,(),0.0,0.0
51150,Center Drive,0.0,0.0,0.0,0,(),0.0,0.0
51155,Center Drive,0.0,0.0,0.0,0,(),0.0,0.0
51160,Center Drive,0.0,0.0,0.0,0,(),0.0,0.0
51165,Center Drive,0.0,0.0,0.0,0,(),0.0,0.0
51170,Center Drive,0.0,0.0,0.0,0,(),0.0,0.0
51175,Center Drive,0.0,0.0,0.0,0,(),0.0,0.0
51180,Center Drive,0.0,0.0,0.0,0,(),0.0,0.0
51185,Center Drive,0.0,0.0,0.0,0,(),0.0,0.0
51190,Center Drive,0.0,0.0,0.0,0,(),0.0,0.0
51195,Center Drive,0.0,0.0,0.0,0,(),0.0,0.0
51200,Center Drive,0.0,0.0,0.0,0,(),0.0,0.0
51205,Center Drive,0.0,0.0,0.0,0,(),0.0,0.0
51210,Center Drive,0.0,0.0,0.0,0,(),0.0,0.0
51215,Center Drive,0.0,0.0,0.0,0,(),0.0,0.0
51220,Center Drive,0.0,0.0,0.0,0,(),0.0,0.0
51225,Center Drive,0.0,0.0,0.0,0,(),0.0,0.0
51230,Center Drive,0.0,0.0,0.0,0,(),0.0,0.0
51235,Center Drive,0.0,0.0,0.0,0,(),0.0,0.0
51240,Center Drive,0.0,0.0,0.0,0,(),0.0,0.0
51245,Center Drive,0.0,0.0,0.0,0,(),0.0,0.0
51250,Center Drive,0.0,0.0,0.0,0,(),0.0,0.0
51255,Center Drive,0.0,0.0,0.0,0,(),0.0,0.0
51260,Center Drive,0.0,0.0,0.0,0,(),0.0,0.0
51265,Center Drive,0.0,0.0,0.0,0,(),0.0,0.0
51270,Center Drive,0.0,0.0,0.0,0,(),0.0,0.0
51275,Center Drive,0.0,0.0,0.0,0,(),0.0,0.0
51280,Center Drive,0.0,0.0,0.0,0,(),0.0,0.0
51285,Center Drive,0.0,0.0,0.0,0,(),0.0,0.0
51290,Center Drive,0.0,0.0,0.0,0,(),0.0,0.0
51295,Center Drive,0.0,0.0,0.0,0,(),0.0,0.0
51300,Center Drive,0.0,0.0,0.0,0,(),0.0,0.0
51305,Center Drive,0.0,0.0,0.0,0,(),0.0,0.0
51310,Center Drive,0.0,0.0,0.0,0,(),0.0,0.0
51315,Center Drive,0.0,0.0,0.0,0,(),0.0,0.0
51320,Center Drive,0.0,0.0,0.0,0,(),0.0,0.0
51325,Center Drive,0.0,0.0,0.0,0,(),0.0,0.0
51330,Center Drive,0.0,0.0,0.0,0,(),0.0,0.0
51335,Center Drive,0.0,0.0,0.0,0,(),0.0,0.0
51340,Center Drive,0.0,0.0,0.0,0,(),0.0,0.0
51345,Center Drive,0.0,0.0,0.0,0,(),0.0,0.0
51350,Center Drive,0.0,0.0,0.0,0,(),0.0,0.0
51355,Center Drive,0.0,0.0,0.0,0,(),0.0,0.0
51360,Center Drive,0.0,0.0,0.0,0,(),0.0,0.0
51365,Center Drive,0.0,0.0,0.0,0,(),0.0,0.0
51370,Center Drive,0.0,0.0,0.0,0,(),0.0,0.0
51375,Center Drive,0.0,0.0,0.0,0,(),0.0,0.0
51380,Center Drive,0.0,0.0,0.0,0,(),0.0,0.0
51385,Center Drive,0.0,0.0,0.0,0,(),0.0,0.0
51390,Center Drive,0.0,0.0,0.0,0,(),0.0,0.0
51395,Center Drive,0.0,0.0,0.0,0,(),0.0,0.0
51400,Center Drive,0.0,0.0,0.0,0,(),0.0,0.0
51405,Center Drive,0.0,0.0,0.0,0,(),0.0,0.0
51410,Center Drive,0.0,0.0,0.0,0,(),0.0,0.0
51415,Center Drive,0.0,0.0,0.0,0,(),0.0,0.0
51420,Center Drive,0.0,0.0,0.0,0,(),0.0,0.0
51425,Center Drive,0.0,0.0,0.0,0,(),0.0,0.0
51430,Center Drive,0.0,0.0,0.0,0,(),0.0,0.0
51435,Center Drive,0.0,0.0,0.0,0,(),0.0,0.0
51440,Center Drive,0.0,0.0,0.0,0,(),0.0,0.0
51445,Center Drive,0.0,0.0,0.0,0,(),0.0,0.0
51450,Center Drive,0.0,0.0,0.0,0,(),0.0,0.0
51455,Center Drive,0.0,0.0,0.0,0,(),0.0,0.0
51460,Center Drive,0.0,0.0,0.0,0,(),0.0,0.0
51465,Center Drive,0.0,0.0,0.0,0,(),0.0,0.0
51470,Center Drive,0.0,0.0,0.0,0,(),0.0,0.0
51475,Center Drive,0.0,0.0,0.0,0,(),0.0,0.0
51480,Center Drive,0.0,0.0,0.0,0,(),0.0,0.0
51485,Center Drive,0.0,0.0,0.0,0,(),0.0,0.0
51490,Center Drive,0.0,0.0,0.0,0,(),0.0,0.0
51495,Center Drive,0.0,0.0,0.0,0,(),0.0,0.0
51500,Center Drive,0.0,0.0,0.0,0,(),0.0,0.0
51505,Center Drive,0.0,0.0,0.0,0,(),0.0,0.0
51510,Center Drive,0.0,0.0,0.0,0,(),0.0,0.0
51515,Center Drive,0.0,0.0,0.0,0,(),0.0,0.0
51520,Center Drive,0.0,0.0,0.0,0,(),0.0,0.0
51525,Center Drive,0.0,0.0,0.0,0,(),0.0,0.0
51530,Center Drive,0.0,0.0,0.0,0,(),0.0,0.0
51535,Center Drive,0.0,0.0,0.0,0,(),0.0,0.0
51540,Center Drive,0.0,0.0,0.0,0,(),0.0,0.0
51545,Center Drive,0.0,0.0,0.0,0,(),0.0,0.0
51550,Center Drive,0.0,0.0,0.0,0,(),0.0,0.0
51555,Center Drive,0.0,0.0,0.0,0,(),0.0,0.0
51560,Center Drive,0.0,0.0,0.0,0,(),0.0,0.0
51565,Center Drive,0.0,0.0,0.0,0,(),0.0,0.0
51570,Center Drive,0.0,0.0,0.0,0,(),0.0,0.0
51575,Center Drive,0.0,0.0,0.0,0,(),0.0,0.0
51580,Center Drive,0.0,0.0,0.0,0,(),0.0,0.0
51585,Center Drive,0.0,0.0,0.0,0,(),0.0,0.0
51590,Center Drive,0.0,0.0,0.0,0,(),0.0,0.0
51595,Center Drive,0.0,0.0,0.0,0,(),0.0,0.0
51600,Center Drive,0.0,0.0,0.0,0,(),0.0,0.0
51605,Center Drive,0.0,0.0,0.0,0,(),0.0,0.0
51610,Center Drive,0.0,0.0,0.0,0,(),0.0,0.0
51615,Center Drive,0.0,0.0,0.0,0,(),0.0,0.0
51620,Center Drive,0.0,0.0,0.0,0,(),0.0,0.0
51625,Center Drive,0.0,0.0,0.0,0,(),0.0,0.0
51630,Center Drive,0.0,0.0,0.0,0,(),0.0,0.0
51635,Center Drive,0.0,0.0,0.0,0,(),0.0,0.0
51640,Center Drive,0.0,0.0,0.0,0,(),0.0,0.0
51645,Center Drive,0.0,0.0,0.0,0,(),0.0,0.0
51650,Center Drive,0.0,0.0,0.0,0,(),0.0,0.0
51655,Center Drive,0.0,0.0,0.0,0,(),0.0,0.0
51660,Center Drive,0.0,0.0,0.0,0,(),0.0,0.0
51665,Center Drive,0.0,0.0,0.0,0,(),0.0,0.0
51670,Center Drive,0.0,0.0,0.0,0,(),0.0,0.0
51675,Center Drive,0.0,0.0,0.0,0,(),0.0,0.0
51680,Center Drive,0.0,0.0,0.0,0,(),0.0,0.0
51685,Center Drive,0.0,0.0,0.0,0,(),0.0,0.0
51690,Center Drive,0.0,0.0,0.0,0,(),0.0,0.0
51695,Center Drive,0.0,0.0,0.0,0,(),0.0,0.0
51700,Center Drive,0.0,0.0,0.0,0,(),0.0,0.0
51705,Center Drive,0.0,0.0,0.0,0,(),0.0,0.0
51710,Center Drive,0.0,0.0,0.0,0,(),0.0,0.0
51715,Center Drive,0.0,0.0,0.0,0,(),0.0,0.0
51720,Center Drive,0.0,0.0,0.0,0,(),0.0,0.0
51725,Center Drive,0.0,0.0,0.0,0,(),0.0,0.0
51730,Center Drive,0.0,0.0,0.0,0,(),0.0,0.0
51735,Center Drive,0.0,0.0,0.0,0,(),0.0,0.0
51740,Center Drive,0.0,0.0,0.0,0,(),0.0,0.0
51745,Center Drive,0.0,0.0,0.0,0,(),0.0,0.0
51750,Center Drive,0.0,0.0,0.0,0,(),0.0,0.0
51755,Center Drive,0.0,0.0,0.0,0,(),0.0,0.0
51760,Center Drive,0.0,0.0,0.0,0,(),0.0,0.0
51765,Center Drive,0.0,0.0,0.0,0,(),0.0,0.0
51770,Center Drive,0.0,0.0,0.0,0,(),0.0,0.0
51775,Center Drive,0.0,0.0,0.0,0,(),0.0,0.0
51780,Center Drive,0.0,0.0,0.0,0,(),0.0,0.0
51785,Center Drive,0.0,0.0,0.0,0,(),0.0,0.0
51790,Center Drive,0.0,0.0,0.0,0,(),0.0,0.0
51795,Center Drive,0.0,0.0,0.0,0,(),0.0,0.0
51800,Center Drive,0.0,0.0,0.0,0,(),0.0,0.0
51805,Center Drive,0.0,0.0,0.0,0,(),0.0,0.0
51810,Center Drive,0.0,0.0,0.0,0,(),0.0,0.0
51815,Center Drive,0.0,0.0,0.0,0,(),0.0,0.0
51820,Center Drive,0.0,0.0,0.0,0,(),0.0,0.0
51825,Center Drive,0.0,0.0,0.0,0,(),0.0,0.0
51830,Center Drive,0.0,0.0,0.0,0,(),0.0,0.0
51835,Center Drive,0.0,0.0,0.0,0,(),0.0,0.0
51840,Center Drive,0.0,0.0,0.0,0,(),0.0,0.0
51845,Center Drive,0.0,0.0,0.0,0,(),0.0,0.0
51850,Center Drive,0.0,0.0,0.0,0,(),0.0,0.0
51855,Center Drive,0.0,0.0,0.0,0,(),0.0,0.0
51860,Center Drive,0.0,0.0,0.0,0,(),0.0,0.0
51865,Center Drive,0.0,0.0,0.0,0,(),0.0,0.0
51870,Center Drive,0.0,0.0,0.0,0,(),0.0,0.0
51875,Center Drive,0.0,0.0,0.0,0,(),0.0,0.0
51880,Center Drive,0.0,0.0,0.0,0,(),0.0,0.0
51885,Center Drive,0.0,0.0,0.0,0,(),0.0,0.0
51890,Center Drive,0.0,0.0,0.0,0,(),0.0,0.0
51895,Center Drive,0.0,0.0,0.0,0,(),0.0,0.0
51900,Center Drive,0.0,0.0,0.0,0,(),0.0,0.0
51905,Center Drive,0.0,0.0,0.0,0,(),0.0,0.0
51910,Center Drive,0.0,0.0,0.0,0,(),0.0,0.0
51915,Center Drive,0.0,0.0,0.0,0,(),0.0,0.0
51920,Center Drive,0.0,0.0,0.0,0,(),0.0,0.0
51925,Center Drive,0.0,0.0,0.0,0,(),0.0,0.0
51930,Center Drive,0.0,0.0,0.0,0,(),0.0,0.0
51935,Center Drive,0.0,0.0,0.0,0,(),0.0,0.0
51940,Center Drive,0.0,0.0,0.0,0,(),0.0,0.0
51945,Center Drive,0.0,0.0,0.0,0,(),0.0,0.0
51950,Center Drive,0.0,0.0,0.0,0,(),0.0,0.0
51955,Center Drive,0.0,0.0,0.0,0,(),0.0,0.0
51960,Center Drive,0.0,0.0,0.0,0,(),0.0,0.0
51965,Center Drive,0.0,0.0,0.0,0,(),0.0,0.0
51970,Center Drive,0.0,0.0,0.0,0,(),0.0,0.0
51975,Center Drive,0.0,0.0,0.0,0,(),0.0,0.0
51980,Center Drive,0.0,0.0,0.0,0,(),0.0,0.0
51985,Center Drive,0.0,0.0,0.0,0,(),0.0,0.0
51990,Center Drive,0.0,0.0,0.0,0,(),0.0,0.0
51995,Center Drive,0.0,0.0,0.0,0,(),0.0,0.0
52000,Center Drive,0.0,0.0,0.0,0,(),0.0,0.0
52005,Center Drive,0.0,0.0,0.0,0,(),0.0,0.0
52010,Center Drive,0.0,0.0,0.0,0,(),0.0,0.0
52015,Center Drive,0.0,0.0,0.0,0,(),0.0,0.0
52020,Center Drive,0.0,0.0,0.0,0,(),0.0,0.0
52025,Center Drive,0.0,0.0,0.0,0,(),0.0,0.0
52030,Center Drive,0.0,0.0,0.0,0,(),0.0,0.0
52035,Center Drive,0.0,0.0,0.0,0,(),0.0,0.0
52040,Center Drive,0.0,0.0,0.0,0,(),0.0,0.0
52045,Center Drive,0.0,0.0,0.0,0,(),0.0,0.0
52050,Center Drive,0.0,0.0,0.0,0,(),0.0,0.0
52055,Center Drive,0.0,0.0,0.0,0,(),0.0,0.0
52060,Center Drive,0.0,0.0,0.0,0,(),0.0,0.0
52065,Center Drive,0.0,0.0,0.0,0,(),0.0,0.0
52070,Center Drive,0.0,0.0,0.0,0,(),0.0,0.0
52075,Center Drive,0.0,0.0,0.0,0,(),0.0,0.0
52080,Center Drive,0.0,0.0,0.0,0,(),0.0,0.0
52085,Center Drive,0.0,0.0,0.0,0,(),0.0,0.0
52090,Center Drive,0.0,0.0,0.0,0,(),0.0,0.0
52095,Center Drive,0.0,0.0,0.0,0,(),0.0,0.0
52100,Center Drive,0.0,0.0,0.0,0,(),0.0,0.0
52105,Center Drive,0.0,0.0,0.0,0,(),0.0,0.0
52110,Center Drive,0.0,0.0,0.0,0,(),0.0,0.0
52115,Center Drive,0.0,0.0,0.0,0,(),0.0,0.0
52120,Center Drive,0.0,0.0,0.0,0,(),0.0,0.0
52125,Center Drive,0.0,0.0,0.0,0,(),0.0,0.0
52130,Center Drive,0.0,0.0,0.0,0,(),0.0,0.0
52135,Center Drive,0.0,0.0,0.0,0,(),0.0,0.0
52140,Center Drive,0.0,0.0,0.0,0,(),0.0,0.0
52145,Center Drive,0.0,0.0,0.0,0,(),0.0,0.0
52150,Center Drive,0.0,0.0,0.0,0,(),0.0,0.0
52155,Center Drive,0.0,0.0,0.0,0,(),0.0,0.0
52160,Center Drive,0.0,0.0,0.0,0,(),0.0,0.0
52165,Center Drive,0.0,0.0,0.0,0,(),0.0,0.0
52170,Center Drive,0.0,0.0,0.0,0,(),0.0,0.0
52175,Center Drive,0.0,0.0,0.0,0,(),0.0,0.0
52180,Center Drive,0.0,0.0,0.0,0,(),0.0,0.0
52185,Center Drive,0.0,0.0,0.0,0,(),0.0,0.0
52190,Center Drive,0.0,0.0,0.0,0,(),0.0,0.0
52195,Center Drive,0.0,0.0,0.0,0,(),0.0,0.0
52200,Center Drive,0.0,0.0,0.0,0,(),0.0,0.0
52205,Center Drive,0.0,0.0,0.0,0,(),0.0,0.0
52210,Center Drive,0.0,0.0,0.0,0,(),0.0,0.0
52215,Center Drive,0.0,0.0,0.0,0,(),0.0,0.0
52220,Center Drive,0.0,0.0,0.0,0,(),0.0,0.0
52225,Center Drive,0.0,0.0,0.0,0,(),0.0,0.0
52230,Center Drive,0.0,0.0,0.0,0,(),0.0,0.0
52235,Center Drive,0.0,0.0,0.0,0,(),0.0,0.0
52240,Center Drive,0.0,0.0,0.0,0,(),0.0,0.0
52245,Center Drive,0.0,0.0,0.0,0,(),0.0,0.0
52250,Center Drive,0.0,0.0,0.0,0,(),0.0,0.0
52255,Center Drive,0.0,0.0,0.0,0,(),0.0,0.0
52260,Center Drive,0.0,0.0,0.0,0,(),0.0,0.0
52265,Center Drive,0.0,0.0,0.0,0,(),0.0,0.0
52270,Center Drive,0.0,0.0,0.0,0,(),0.0,0.0
52275,Center Drive,0.0,0.0,0.0,0,(),0.0,0.0
52280,Center Drive,0.0,0.0,0.0,0,(),0.0,0.0
52285,Center Drive,0.0,0.0,0.0,0,(),0.0,0.0
52290,Center Drive,0.0,0.0,0.0,0,(),0.0,0.0
52295,Center Drive,0.0,0.0,0.0,0,(),0.0,0.0
52300,Center Drive,0.0,0.0,0.0,0,(),0.0,0.0
52305,Center Drive,0.0,0.0,0.0,0,(),0.0,0.0
52310,Center Drive,0.0,0.0,0.0,0,(),0.0,0.0
52315,Center Drive,0.0,0.0,0.0,0,(),0.0,0.0
52320,Center Drive,0.0,0.0,0.0,0,(),0.0,0.0
52325,Center Drive,0.0,0.0,0.0,0,(),0.0,0.0
52330,Center Drive,0.0,0.0,0.0,0,(),0.0,0.0
52335,Center Drive,0.0,0.0,0.0,0,(),0.0,0.0
52340,Center Drive,0.0,0.0,0.0,0,(),0.0,0.0
52345,Center Drive,0.0,0.0,0.0,0,(),0.0,0.0
52350,Center Drive,0.0,0.0,0.0,0,(),0.0,0.0
52355,Center Drive,0.0,0.0,0.0,0,(),0.0,0.0
52360,Center Drive,0.0,0.0,0.0,0,(),0.0,0.0
52365,Center Drive,0.0,0.0,0.0,0,(),0.0,0.0
52370,Center Drive,0.0,0.0,0.0,0,(),0.0,0.0
52375,Center Drive,0.0,0.0,0.0,0,(),0.0,0.0
52380,Center Drive,0.0,0.0,0.0,0,(),0.0,0.0
52385,Center Drive,0.0,0.0,0.0,0,(),0.0,0.0
52390,Center Drive,0.0,0.0,0.0,0,(),0.0,0.0
52395,Center Drive,0.0,0.0,0.0,0,(),0.0,0.0
52400,Center Drive,0.0,0.0,0.0,0,(),0.0,0.0
52405,Center Drive,0.0,0.0,0.0,0,(),0.0,0.0
52410,Center Drive,0.0,0.0,0.0,0,(),0.0,0.0
52415,Center Drive,0.0,0.0,0.0,0,(),0.0,0.0
52420,Center Drive,0.0,0.0,0.0,0,(),0.0,0.0
52425,Center Drive,0.0,0.0,0.0,0,(),0.0,0.0
52430,Center Drive,0.0,0.0,0.0,0,(),0.0,0.0
52435,Center Drive,0.0,0.0,0.0,0,(),0.0,0.0
52440,Center Drive,0.0,0.0,0.0,0,(),0.0,0.0
52445,Center Drive,0.0,0.0,0.0,0,(),0.0,0.0
52450,Center Drive,0.0,0.0,0.0,0,(),0.0,0.0
52455,Center Drive,0.0,0.0,0.0,0,(),0.0,0.0
52460,Center Drive,0.0,0.0,0.0,0,(),0.0,0.0
52465,Center Drive,0.0,0.0,0.0,0,(),0.0,0.0
52470,Center Drive,0.0,0.0,0.0,0,(),0.0,0.0
52475,Center Drive,0.0,0.0,0.0,0,(),0.0,0.0
52480,Center Drive,0.0,0.0,0.0,0,(),0.0,0.0
52485,Center Drive,0.0,0.0,0.0,0,(),0.0,0.0
52490,Center Drive,0.0,0.0,0.0,0,(),0.0,0.0
52495,Center Drive,0.0,0.0,0.0,0,(),0.0,0.0
52500,Center Drive,0.0,0.0,0.0,0,(),0.0,0.0
52505,Center Drive,0.0,0.0,0.0,0,(),0.0,0.0
52510,Center Drive,0.0,0.0,0.0,0,(),0.0,0.0
52515,Center Drive,0.0,0.0,0.0,0,(),0.0,0.0
52520,Center Drive,0.0,0.0,0.0,0,(),0.0,0.0
52525,Center Drive,0.0,0.0,0.0,0,(),0.0,0.0
52530,Center Drive,0.0,0.0,0.0,0,(),0.0,0.0
52535,Center Drive,0.0,0.0,0.0,0,(),0.0,0.0
52540,Center Drive,0.0,0.0,0.0,0,(),0.0,0.0
52545,Center Drive,0.0,0.0,0.0,0,(),0.0,0.0
52550,Center Drive,0.0,0.0,0.0,0,(),0.0,0.0
52555,Center Drive,0.0,0.0,0.0,0,(),0.0,0.0
52560,Center Drive,0.0,0.0,0.0,0,(),0.0,0.0
52565,Center Drive,0.0,0.0,0.0,0,(),0.0,0.0
52570,Center Drive,0.0,0.0,0.0,0,(),0.0,0.0
52575,Center Drive,0.0,0.0,0.0,0,(),0.0,0.0
52580,Center Drive,0.0,0.0,0.0,0,(),0.0,0.0
52585,Center Drive,0.0,0.0,0.0,0,(),0.0,0.0
52590,Center Drive,0.0,0.0,0.0,0,(),0.0,0.0
52595,Center Drive,0.0,0.0,0.0,0,(),0.0,0.0
52600,Center Drive,0.0,0.0,0.0,0,(),0.0,0.0
52605,Center Drive,0.0,0.0,0.0,0,(),0.0,0.0
52610,Center Drive,0.0,0.0,0.0,0,(),0.0,0.0
52615,Center Drive,0.0,0.0,0.0,0,(),0.0,0.0
52620,Center Drive,0.0,0.0,0.0,0,(),0.0,0.0
52625,Center Drive,0.0,0.0,0.0,0,(),0.0,0.0
52630,Center Drive,0.0,0.0,0.0,0,(),0.0,0.0
52635,Center Drive,0.0,0.0,0.0,0,(),0.0,0.0
52640,Center Drive,0.0,0.0,0.0,0,(),0.0,0.0
52645,Center Drive,0.0,0.0,0.0,0,(),0.0,0.0
52650,Center Drive,0.0,0.0,0.0,0,(),0.0,0.0
52655,Center Drive,0.0,0.0,0.0,0,(),0.0,0.0
52660,Center Drive,0.0,0.0,0.0,0,(),0.0,0.0
52665,Center Drive,0.0,0.0,0.0,0,(),0.0,0.0
52670,Center Drive,0.0,0.0,0.0,0,(),0.0,0.0
52675,Center Drive,0.0,0.0,0.0,0,(),0.0,0.0
52680,Center Drive,0.0,0.0,0.0,0,(),0.0,0.0
52685,Center Drive,0.0,0.0,0.0,0,(),0.0,0.0
52690,Center Drive,0.0,0.0,0.0,0,(),0.0,0.0
52695,Center Drive,0.0,0.0,0.0,0,(),0.0,0.0
52700,Center Drive,0.0,0.0,0.0,0,(),0.0,0.0
52705,Center Drive,0.0,0.0,0.0,0,(),0.0,0.0
52710,Center Drive,0.0,0.0,0.0,0,(),0.0,0.0
52715,Center Drive,0.0,0.0,0.0,0,(),0.0,0.0
52720,Center Drive,0.0,0.0,0.0,0,(),0.0,0.0
52725,Center Drive,0.0,0.0,0.0,0,(),0.0,0.0
52730,Center Drive,0.0,0.0,0.0,0,(),0.0,0.0
52735,Center Drive,0.0,0.0,0.0,0,(),0.0,0.0
52740,Center Drive,0.0,0.0,0.0,0,(),0.0,0.0
52745,Center Drive,0.0,0.0,0.0,0,(),0.0,0.0
52750,Center Drive,0.0,0.0,0.0,0,(),0.0,0.0
52755,Center Drive,0.0,0.0,0.0,0,(),0.0,0.0
52760,Center Drive,0.0,0.0,0.0,0,(),0.0,0.0
52765,Center Drive,0.0,0.0,0.0,0,(),0.0,0.0
52770,Center Drive,0.0,0.0,0.0,0,(),0.0,0.0
52775,Center Drive,0.0,0.0,0.0,0,(),0.0,0.0
52780,Center Drive,0.0,0.0,0.0,0,(),0.0,0.0
52785,Center Drive,0.0,0.0,0.0,0,(),0.0,0.0
52790,Center Drive,0.0,0.0,0.0,0,(),0.0,0.0
52795,Center Drive,0.0,0.0,0.0,0,(),0.0,0.0
52800,Center Drive,0.0,0.0,0.0,0,(),0.0,0.0
52805,Center Drive,0.0,0.0,0.0,0,(),0.0,0.0
52810,Center Drive,0.0,0.0,0.0,0,(),0.0,0.0
52815,Center Drive,0.0,0.0,0.0,0,(),0.0,0.0
52820,Center Drive,0.0,0.0,0.0,0,(),0.0,0.0
52825,Center Drive,0.0,0.0,0.0,0,(),0.0,0.0
52830,Center Drive,0.0,0.0,0.0,0,(),0.0,0.0
52835,Center Drive,0.0,0.0,0.0,0,(),0.0,0.0
52840,Center Drive,0.0,0.0,0.0,0,(),0.0,0.0
52845,Center Drive,0.0,0.0,0.0,0,(),0.0,0.0
52850,Center Drive,0.0,0.0,0.0,0,(),0.0,0.0
52855,Center Drive,0.0,0.0,0.0,0,(),0.0,0.0
52860,Center Drive,0.0,0.0,0.0,0,(),0.0,0.0
52865,Center Drive,0.0,0.0,0.0,0,(),0.0,0.0
52870,Center Drive,0.0,0.0,0.0,0,(),0.0,0.0
52875,Center Drive,0.0,0.0,0.0,0,(),0.0,0.0
52880,Center Drive,0.0,0.0,0.0,0,(),0.0,0.0
52885,Center Drive,0.0,0.0,0.0,0,(),0.0,0.0
52890,Center Drive,0.0,0.0,0.0,0,(),0.0,0.0
52895,Center Drive,0.0,0.0,0.0,0,(),0.0,0.0
52900,Center Drive,0.0,0.0,0.0,0,(),0.0,0.0
52905,Center Drive,0.0,0.0,0.0,0,(),0.0,0.0
52910,Center Drive,0.0,0.0,0.0,0,(),0.0,0.0
52915,Center Drive,0.0,0.0,0.0,0,(),0.0,0.0
52920,Center Drive,0.0,0.0,0.0,0,(),0.0,0.0
52925,Center Drive,0.0,0.0,0.0,0,(),0.0,0.0
52930,Center Drive,0.0,0.0,0.0,0,(),0.0,0.0
52935,Center Drive,0.0,0.0,0.0,0,(),0.0,0.0
52940,Center Drive,0.0,0.0,0.0,0,(),0.0,0.0
52945,Center Drive,0.0,0.0,0.0,0,(),0.0,0.0
52950,Center Drive,0.0,0.0,0.0,0,(),0.0,0.0
52955,Center Drive,0.0,0.0,0.0,0,(),0.0,0.0
52960,Center Drive,0.0,0.0,0.0,0,(),0.0,0.0
52965,Center Drive,0.0,0.0,0.0,0,(),0.0,0.0
52970,Center Drive,0.0,0.0,0.0,0,(),0.0,0.0
52975,Center Drive,0.0,0.0,0.0,0,(),0.0,0.0
52980,Center Drive,0.0,0.0,0.0,0,(),0.0,0.0
52985,Center Drive,0.0,0.0,0.0,0,(),0.0,0.0
52990,Center Drive,0.0,0.0,0.0,0,(),0.0,0.0
52995,Center Drive,0.0,0.0,0.0,0,(),0.0,0.0
53000,Center Drive,0.0,0.0,0.0,0,(),0.0,0.0
53005,Center Drive,0.0,0.0,0.0,0,(),0.0,0.0
53010,Center Drive,0.0,0.0,0.0,0,(),0.0,0.0
53015,Center Drive,0.0,0.0,0.0,0,(),0.0,0.0
53020,Center Drive,0.0,0.0,0.0,0,(),0.0,0.0
53025,Center Drive,0.0,0.0,0.0,0,(),0.0,0.0
53030,Center Drive,0.0,0.0,0.0,0,(),0.0,0.0
53035,Center Drive,0.0,0.0,0.0,0,(),0.0,0.0
53040,Center Drive,0.0,0.0,0.0,0,(),0.0,0.0
53045,Center Drive,0.0,0.0,0.0,0,(),0.0,0.0
53050,Center Drive,0.0,0.0,0.0,0,(),0.0,0.0
53055,Center Drive,0.0,0.0,0.0,0,(),0.0,0.0
53060,Center Drive,0.0,0.0,0.0,0,(),0.0,0.0
53065,Center Drive,0.0,0.0,0.0,0,(),0.0,0.0
53070,Center Drive,0.0,0.0,0.0,0,(),0.0,0.0
53075,Center Drive,0.0,0.0,0.0,0,(),0.0,0.0
53080,Center Drive,0.0,0.0,0.0,0,(),0.0,0.0
53085,Center Drive,0.0,0.0,0.0,0,(),0.0,0.0
53090,Center Drive,0.0,0.0,0.0,0,(),0.0,0.0
53095,Center Drive,0.0,0.0,0.0,0,(),0.0,0.0
53100,Center Drive,0.0,0.0,0.0,0,(),0.0,0.0
53105,Center Drive,0.0,0.0,0.0,0,(),0.0,0.0
53110,Center Drive,0.0,0.0,0.0,0,(),0.0,0.0
53115,Center Drive,0.0,0.0,0.0,0,(),0.0,0.0
53120,Center Drive,0.0,0.0,0.0,0,(),0.0,0.0
53125,Center Drive,0.0,0.0,0.0,0,(),0.0,0.0
53130,Center Drive,0.0,0.0,0.0,0,(),0.0,0.0
53135,Center Drive,0.0,0.0,0.0,0,(),0.0,0.0
53140,Center Drive,0.0,0.0,0.0,0,(),0.0,0.0
53145,Center Drive,0.0,0.0,0.0,0,(),0.0,0.0
53150,Center Drive,0.0,0.0,0.0,0,(),0.0,0.0
53155,Center Drive,0.0,0.0,0.0,0,(),0.0,0.0
53160,Center Drive,0.0,0.0,0.0,0,(),0.0,0.0
53165,Center Drive,0.0,0.0,0.0,0,(),0.0,0.0
53170,Center Drive,0.0,0.0,0.0,0,(),0.0,0.0
53175,Center Drive,0.0,0.0,0.0,0,(),0.0,0.0
53180,Center Drive,0.0,0.0,0.0,0,(),0.0,0.0
53185,Center Drive,0.0,0.0,0.0,0,(),0.0,0.0
53190,Center Drive,0.0,0.0,0.0,0,(),0.0,0.0
53195,Center Drive,0.0,0.0,0.0,0,(),0.0,0.0
53200,Center Drive,0.0,0.0,0.0,0,(),0.0,0.0
53205,Center Drive,0.0,0.0,0.0,0,(),0.0,0.0
53210,Center Drive,0.0,0.0,0.0,0,(),0.0,0.0
53215,Center Drive,0.0,0.0,0.0,0,(),0.0,0.0
53220,Center Drive,0.0,0.0,0.0,0,(),0.0,0.0
53225,Center Drive,0.0,0.0,0.0,0,(),0.0,0.0
53230,Center Drive,0.0,0.0,0.0,0,(),0.0,0.0
53235,Center Drive,0.0,0.0,0.0,0,(),0.0,0.0
53240,Center Drive,0.0,0.0,0.0,0,(),0.0,0.0
53245,Center Drive,0.0,0.0,0.0,0,(),0.0,0.0
53250,Center Drive,0.0,0.0,0.0,0,(),0.0,0.0
53255,Center Drive,0.0,0.0,0.0,0,(),0.0,0.0
53260,Center Drive,0.0,0.0,0.0,0,(),0.0,0.0
53265,Center Drive,0.0,0.0,0.0,0,(),0.0,0.0
53270,Center Drive,0.0,0.0,0.0,0,(),0.0,0.0
53275,Center Drive,0.0,0.0,0.0,0,(),0.0,0.0
53280,Center Drive,0.0,0.0,0.0,0,(),0.0,0.0
53285,Center Drive,0.0,0.0,0.0,0,(),0.0,0.0
53290,Center Drive,0.0,0.0,0.0,0,(),0.0,0.0
53295,Center Drive,0.0,0.0,0.0,0,(),0.0,0.0
53300,Center Drive,0.0,0.0,0.0,0,(),0.0,0.0
53305,Center Drive,0.0,0.0,0.0,0,(),0.0,0.0
53310,Center Drive,0.0,0.0,0.0,0,(),0.0,0.0
53315,Center Drive,0.0,0.0,0.0,0,(),0.0,0.0
53320,Center Drive,0.0,0.0,0.0,0,(),0.0,0.0
53325,Center Drive,0.0,0.0,0.0,0,(),0.0,0.0
53330,Center Drive,0.0,0.0,0.0,0,(),0.0,0.0
53335,Center Drive,0.0,0.0,0.0,0,(),0.0,0.0
53340,Center Drive,0.0,0.0,0.0,0,(),0.0,0.0
53345,Center Drive,0.0,0.0,0.0,0,(),0.0,0.0
53350,Center Drive,0.0,0.0,0.0,0,(),0.0,0.0
53355,Center Drive,0.0,0.0,0.0,0,(),0.0,0.0
53360,Center Drive,0.0,0.0,0.0,0,(),0.0,0.0
53365,Center Drive,0.0,0.0,0.0,0,(),0.0,0.0
53370,Center Drive,0.0,0.0,0.0,0,(),0.0,0.0
53375,Center Drive,0.0,0.0,0.0,0,(),0.0,0.0
53380,Center Drive,0.0,0.0,0.0,0,(),0.0,0.0
53385,Center Drive,0.0,0.0,0.0,0,(),0.0,0.0
53390,Center Drive,0.0,0.0,0.0,0,(),0.0,0.0
53395,Center Drive,0.0,0.0,0.0,0,(),0.0,0.0
53400,Center Drive,0.0,0.0,0.0,0,(),0.0,0.0
53405,Center Drive,0.0,0.0,0.0,0,(),0.0,0.0
53410,Center Drive,0.0,0.0,0.0,0,(),0.0,0.0
53415,Center Drive,0.0,0.0,0.0,0,(),0.0,0.0
53420,Center Drive,0.0,0.0,0.0,0,(),0.0,0.0
53425,Center Drive,0.0,0.0,0.0,0,(),0.0,0.0
53430,Center Drive,0.0,0.0,0.0,0,(),0.0,0.0
53435,Center Drive,0.0,0.0,0.0,0,(),0.0,0.0
53440,Center Drive,0.0,0.0,0.0,0,(),0.0,0.0
53445,Center Drive,0.0,0.0,0.0,0,(),0.0,0.0
53450,Center Drive,0.0,0.0,0.0,0,(),0.0,0.0
53455,Center Drive,0.0,0.0,0.0,0,(),0.0,0.0
53460,Center Drive,0.0,0.0,0.0,0,(),0.0,0.0
53465,Center Drive,0.0,0.0,0.0,0,(),0.0,0.0
53470,Center Drive,0.0,0.0,0.0,0,(),0.0,0.0
53475,Center Drive,0.0,0.0,0.0,0,(),0.0,0.0
53480,Center Drive,0.0,0.0,0.0,0,(),0.0,0.0
53485,Center Drive,0.0,0.0,0.0,0,(),0.0,0.0
53490,Center Drive,0.0,0.0,0.0,0,(),0.0,0.0
53495,Center Drive,0.0,0.0,0.0,0,(),0.0,0.0
53500,Center Drive,0.0,0.0,0.0,0,(),0.0,0.0
53505,Center Drive,0.0,0.0,0.0,0,(),0.0,0.0
53510,Center Drive,0.0,0.0,0.0,0,(),0.0,0.0
53515,Center Drive,0.0,0.0,0.0,0,(),0.0,0.0
53520,Center Drive,0.0,0.0,0.0,0,(),0.0,0.0
53525,Center Drive,0.0,0.0,0.0,0,(),0.0,0.0
53530,Center Drive,0.0,0.0,0.0,0,(),0.0,0.0
53535,Center Drive,0.0,0.0,0.0,0,(),0.0,0.0
53540,Center Drive,0.0,0.0,0.0,0,(),0.0,0.0
53545,Center Drive,0.0,0.0,0.0,0,(),0.0,0.0
53550,Center Drive,0.0,0.0,0.0,0,(),0.0,0.0
53555,Center Drive,0.0,0.0,0.0,0,(),0.0,0.0
53560,Center Drive,0.0,0.0,0.0,0,(),0.0,0.0
53565,Center Drive,0.0,0.0,0.0,0,(),0.0,0.0
53570,Center Drive,0.0,0.0,0.0,0,(),0.0,0.0
53575,Center Drive,0.0,0.0,0.0,0,(),0.0,0.0
53580,Center Drive,0.0,0.0,0.0,0,(),0.0,0.0
53585,Center Drive,0.0,0.0,0.0,0,(),0.0,0.0
53590,Center Drive,0.0,0.0,0.0,0,(),0.0,0.0
53595,Center Drive,0.0,0.0,0.0,0,(),0.0,0.0
53600,Center Drive,0.0,0.0,0.0,0,(),0.0,0.0
53605,Center Drive,0.0,0.0,0.0,0,(),0.0,0.0
53610,Center Drive,0.0,0.0,0.0,0,(),0.0,0.0
53615,Center Drive,0.0,0.0,0.0,0,(),0.0,0.0
53620,Center Drive,0.0,0.0,0.0,0,(),0.0,0.0
53625,Center Drive,0.0,0.0,0.0,0,(),0.0,0.0
53630,Center Drive,0.0,0.0,0.0,0,(),0.0,0.0
53635,Center Drive,0.0,0.0,0.0,0,(),0.0,0.0
53640,Center Drive,0.0,0.0,0.0,0,(),0.0,0.0
53645,Center Drive,0.0,0.0,0.0,0,(),0.0,0.0
53650,Center Drive,0.0,0.0,0.0,0,(),0.0,0.0
53655,Center Drive,0.0,0.0,0.0,0,(),0.0,0.0
53660,Center Drive,0.0,0.0,0.0,0,(),0.0,0.0
53665,Center Drive,0.0,0.0,0.0,0,(),0.0,0.0
53670,Center Drive,0.0,0.0,0.0,0,(),0.0,0.0
53675,Center Drive,0.0,0.0,0.0,0,(),0.0,0.0
53680,Center Drive,0.0,0.0,0.0,0,(),0.0,0.0
53685,Center Drive,0.0,0.0,0.0,0,(),0.0,0.0
53690,Center Drive,0.0,0.0,0.0,0,(),0.0,0.0
53695,Center Drive,0.0,0.0,0.0,0,(),0.0,0.0
53700,Center Drive,0.0,0.0,0.0,0,(),0.0,0.0
53705,Center Drive,0.0,0.0,0.0,0,(),0.0,0.0
53710,Center Drive,0.0,0.0,0.0,0,(),0.0,0.0
53715,Center Drive,0.0,0.0,0.0,0,(),0.0,0.0
53720,Center Drive,0.0,0.0,0.0,0,(),0.0,0.0
53725,Center Drive,0.0,0.0,0.0,0,(),0.0,0.0
53730,Center Drive,0.0,0.0,0.0,0,(),0.0,0.0
53735,Center Drive,0.0,0.0,0.0,0,(),0.0,0.0
53740,Center Drive,0.0,0.0,0.0,0,(),0.0,0.0
53745,Center Drive,0.0,0.0,0.0,0,(),0.0,0.0
53750,Center Drive,0.0,0.0,0.0,0,(),0.0,0.0
53755,Center Drive,0.0,0.0,0.0,0,(),0.0,0.0
53760,Center Drive,0.0,0.0,0.0,0,(),0.0,0.0
53765,Center Drive,0.0,0.0,0.0,0,(),0.0,0.0
53770,Center Drive,0.0,0.0,0.0,0,(),0.0,0.0
53775,Center Drive,0.0,0.0,0.0,0,(),0.0,0.0
53780,Center Drive,0.0,0.0,0.0,0,(),0.0,0.0
53785,Center Drive,0.0,0.0,0.0,0,(),0.0,0.0
53790,Center Drive,0.0,0.0,0.0,0,(),0.0,0.0
53795,Center Drive,0.0,0.0,0.0,0,(),0.0,0.0
53800,Center Drive,0.0,0.0,0.0,0,(),0.0,0.0
53805,Center Drive,0.0,0.0,0.0,0,(),0.0,0.0
53810,Center Drive,0.0,0.0,0.0,0,(),0.0,0.0
53815,Center Drive,0.0,0.0,0.0,0,(),0.0,0.0
53820,Center Drive,0.0,0.0,0.0,0,(),0.0,0.0
53825,Center Drive,0.0,0.0,0.0,0,(),0.0,0.0
53830,Center Drive,0.0,0.0,0.0,0,(),0.0,0.0
53835,Center Drive,0.0,0.0,0.0,0,(),0.0,0.0
53840,Center Drive,0.0,0.0,0.0,0,(),0.0,0.0
53845,Center Drive,0.0,0.0,0.0,0,(),0.0,0.0
53850,Center Drive,0.0,0.0,0.0,0,(),0.0,0.0
53855,Center Drive,0.0,0.0,0.0,0,(),0.0,0.0
53860,Center Drive,0.0,0.0,0.0,0,(),0.0,0.0
53865,Center Drive,0.0,0.0,0.0,0,(),0.0,0.0
53870,Center Drive,0.0,0.0,0.0,0,(),0.0,0.0
53875,Center Drive,0.0,0.0,0.0,0,(),0.0,0.0
53880,Center Drive,0.0,0.0,0.0,0,(),0.0,0.0
53885,Center Drive,0.0,0.0,0.0,0,(),0.0,0.0
53890,Center Drive,0.0,0.0,0.0,0,(),0.0,0.0
53895,Center Drive,0.0,0.0,0.0,0,(),0.0,0.0
53900,Center Drive,0.0,0.0,0.0,0,(),0.0,0.0
53905,Center Drive,0.0,0.0,0.0,0,(),0.0,0.0
53910,Center Drive,0.0,0.0,0.0,0,(),0.0,0.0
53915,Center Drive,0.0,0.0,0.0,0,(),0.0,0.0
53920,Center Drive,0.0,0.0,0.0,0,(),0.0,0.0
53925,Center Drive,0.0,0.0,0.0,0,(),0.0,0.0
53930,Center Drive,0.0,0.0,0.0,0,(),0.0,0.0
53935,Center Drive,0.0,0.0,0.0,0,(),0.0,0.0
53940,Center Drive,0.0,0.0,0.0,0,(),0.0,0.0
53945,Center Drive,0.0,0.0,0.0,0,(),0.0,0.0
53950,Center Drive,0.0,0.0,0.0,0,(),0.0,0.0
53955,Center Drive,0.0,0.0,0.0,0,(),0.0,0.0
53960,Center Drive,0.0,0.0,0.0,0,(),0.0,0.0
53965,Center Drive,0.0,0.0,0.0,0,(),0.0,0.0
53970,Center Drive,0.0,0.0,0.0,0,(),0.0,0.0
53975,Center Drive,0.0,0.0,0.0,0,(),0.0,0.0
53980,Center Drive,0.0,0.0,0.0,0,(),0.0,0.0
53985,Center Drive,0.0,0.0,0.0,0,(),0.0,0.0
53990,Center Drive,0.0,0.0,0.0,0,(),0.0,0.0
53995,Center Drive,0.0,0.0,0.0,0,(),0.0,0.0
54000,Center Drive,0.0,0.0,0.0,0,(),0.0,0.0
54005,Center Drive,0.0,0.0,0.0,0,(),0.0,0.0
54010,Center Drive,0.0,0.0,0.0,0,(),0.0,0.0
54015,Center Drive,0.0,0.0,0.0,0,(),0.0,0.0
54020,Center Drive,0.0,0.0,0.0,0,(),0.0,0.0
54025,Center Drive,0.0,0.0,0.0,0,(),0.0,0.0
54030,Center Drive,0.0,0.0,0.0,0,(),0.0,0.0
54035,Center Drive,0.0,0.0,0.0,0,(),0.0,0.0
54040,Center Drive,0.0,0.0,0.0,0,(),0.0,0.0
54045,Center Drive,0.0,0.0,0.0,0,(),0.0,0.0
54050,Center Drive,0.0,0.0,0.0,0,(),0.0,0.0
54055,Center Drive,0.0,0.0,0.0,0,(),0.0,0.0
54060,Center Drive,0.0,0.0,0.0,0,(),0.0,0.0
54065,Center Drive,0.0,0.0,0.0,0,(),0.0,0.0
54070,Center Drive,0.0,0.0,0.0,0,(),0.0,0.0
54075,Center Drive,0.0,0.0,0.0,0,(),0.0,0.0
54080,Center Drive,0.0,0.0,0.0,0,(),0.0,0.0
54085,Center Drive,0.0,0.0,0.0,0,(),0.0,0.0
54090,Center Drive,0.0,0.0,0.0,0,(),0.0,0.0
54095,Center Drive,0.0,0.0,0.0,0,(),0.0,0.0
54100,Center Drive,0.0,0.0,0.0,0,(),0.0,0.0
54105,Center Drive,0.0,0.0,0.0,0,(),0.0,0.0
54110,Center Drive,0.0,0.0,0.0,0,(),0.0,0.0
54115,Center Drive,0.0,0.0,0.0,0,(),0.0,0.0
54120,Center Drive,0.0,0.0,0.0,0,(),0.0,0.0
54125,Center Drive,0.0,0.0,0.0,0,(),0.0,0.0
54130,Center Drive,0.0,0.0,0.0,0,(),0.0,0.0
54135,Center Drive,0.0,0.0,0.0,0,(),0.0,0.0
54140,Center Drive,0.0,0.0,0.0,0,(),0.0,0.0
54145,Center Drive,0.0,0.0,0.0,0,(),0.0,0.0
54150,Center Drive,0.0,0.0,0.0,0,(),0.0,0.0
54155,Center Drive,0.0,0.0,0.0,0,(),0.0,0.0
54160,Center Drive,0.0,0.0,0.0,0,(),0.0,0.0
54165,Center Drive,0.0,0.0,0.0,0,(),0.0,0.0
54170,Center Drive,0.0,0.0,0.0,0,(),0.0,0.0
54175,Center Drive,0.0,0.0,0.0,0,(),0.0,0.0
54180,Center Drive,0.0,0.0,0.0,0,(),0.0,0.0
54185,Center Drive,0.0,0.0,0.0,0,(),0.0,0.0
54190,Center Drive,0.0,0.0,0.0,0,(),0.0,0.0
54195,Center Drive,0.0,0.0,0.0,0,(),0.0,0.0
54200,Center Drive,0.0,0.0,0.0,0,(),0.0,0.0
54205,Center Drive,0.0,0.0,0.0,0,(),0.0,0.0
54210,Center Drive,0.0,0.0,0.0,0,(),0.0,0.0
54215,Center Drive,0.0,0.0,0.0,0,(),0.0,0.0
54220,Center Drive,0.0,0.0,0.0,0,(),0.0,0.0
54225,Center Drive,0.0,0.0,0.0,0,(),0.0,0.0
54230,Center Drive,0.0,0.0,0.0,0,(),0.0,0.0
54235,Center Drive,0.0,0.0,0.0,0,(),0.0,0.0
54240,Center Drive,0.0,0.0,0.0,0,(),0.0,0.0
54245,Center Drive,0.0,0.0,0.0,0,(),0.0,0.0
54250,Center Drive,0.0,0.0,0.0,0,(),0.0,0.0
54255,Center Drive,0.0,0.0,0.0,0,(),0.0,0.0
54260,Center Drive,0.0,0.0,0.0,0,(),0.0,0.0
54265,Center Drive,0.0,0.0,0.0,0,(),0.0,0.0
54270,Center Drive,0.0,0.0,0.0,0,(),0.0,0.0
54275,Center Drive,0.0,0.0,0.0,0,(),0.0,0.0
54280,Center Drive,0.0,0.0,0.0,0,(),0.0,0.0
54285,Center Drive,0.0,0.0,0.0,0,(),0.0,0.0
54290,Center Drive,0.0,0.0,0.0,0,(),0.0,0.0
54295,Center Drive,0.0,0.0,0.0,0,(),0.0,0.0
54300,Center Drive,0.0,0.0,0.0,0,(),0.0,0.0
54305,Center Drive,0.0,0.0,0.0,0,(),0.0,0.0
54310,Center Drive,0.0,0.0,0.0,0,(),0.0,0.0
54315,Center Drive,0.0,0.0,0.0,0,(),0.0,0.0
54320,Center Drive,0.0,0.0,0.0,0,(),0.0,0.0
54325,Center Drive,0.0,0.0,0.0,0,(),0.0,0.0
54330,Center Drive,0.0,0.0,0.0,0,(),0.0,0.0
54335,Center Drive,0.0,0.0,0.0,0,(),0.0,0.0
54340,Center Drive,0.0,0.0,0.0,0,(),0.0,0.0
54345,Center Drive,0.0,0.0,0.0,0,(),0.0,0.0
54350,Center Drive,0.0,0.0,0.0,0,(),0.0,0.0
54355,Center Drive,0.0,0.0,0.0,0,(),0.0,0.0
54360,Center Drive,0.0,0.0,0.0,0,(),0.0,0.0
54365,Center Drive,0.0,0.0,0.0,0,(),0.0,0.0
54370,Center Drive,0.0,0.0,0.0,0,(),0.0,0.0
54375,Center Drive,0.0,0.0,0.0,0,(),0.0,0.0
54380,Center Drive,0.0,0.0,0.0,0,(),0.0,0.0
54385,Center Drive,0.0,0.0,0.0,0,(),0.0,0.0
54390,Center Drive,0.0,0.0,0.0,0,(),0.0,0.0
54395,Center Drive,0.0,0.0,0.0,0,(),0.0,0.0
54400,Center Drive,0.0,0.0,0.0,0,(),0.0,0.0
54405,Center Drive,0.0,0.0,0.0,0,(),0.0,0.0
54410,Center Drive,0.0,0.0,0.0,0,(),0.0,0.0
54415,Center Drive,0.0,0.0,0.0,0,(),0.0,0.0
54420,Center Drive,0.0,0.0,0.0,0,(),0.0,0.0
54425,Center Drive,0.0,0.0,0.0,0,(),0.0,0.0
54430,Center Drive,0.0,0.0,0.0,0,(),0.0,0.0
54435,Center Drive,0.0,0.0,0.0,0,(),0.0,0.0
54440,Center Drive,0.0,0.0,0.0,0,(),0.0,0.0
54445,Center Drive,0.0,0.0,0.0,0,(),0.0,0.0
54450,Center Drive,0.0,0.0,0.0,0,(),0.0,0.0
54455,Center Drive,0.0,0.0,0.0,0,(),0.0,0.0
54460,Center Drive,0.0,0.0,0.0,0,(),0.0,0.0
54465,Center Drive,0.0,0.0,0.0,0,(),0.0,0.0
54470,Center Drive,0.0,0.0,0.0,0,(),0.0,0.0
54475,Center Drive,0.0,0.0,0.0,0,(),0.0,0.0
54480,Center Drive,0.0,0.0,0.0,0,(),0.0,0.0
54485,Center Drive,0.0,0.0,0.0,0,(),0.0,0.0
54490,Center Drive,0.0,0.0,0.0,0,(),0.0,0.0
54495,Center Drive,0.0,0.0,0.0,0,(),0.0,0.0
54500,Center Drive,0.0,0.0,0.0,0,(),0.0,0.0
54505,Center Drive,0.0,0.0,0.0,0,(),0.0,0.0
54510,Center Drive,0.0,0.0,0.0,0,(),0.0,0.0
54515,Center Drive,0.0,0.0,0.0,0,(),0.0,0.0
54520,Center Drive,0.0,0.0,0.0,0,(),0.0,0.0
54525,Center Drive,0.0,0.0,0.0,0,(),0.0,0.0
54530,Center Drive,0.0,0.0,0.0,0,(),0.0,0.0
54535,Center Drive,0.0,0.0,0.0,0,(),0.0,0.0
54540,Center Drive,0.0,0.0,0.0,0,(),0.0,0.0
54545,Center Drive,0.0,0.0,0.0,0,(),0.0,0.0
54550,Center Drive,0.0,0.0,0.0,0,(),0.0,0.0
54555,Center Drive,0.0,0.0,0.0,0,(),0.0,0.0
54560,Center Drive,0.0,0.0,0.0,0,(),0.0,0.0
54565,Center Drive,0.0,0.0,0.0,0,(),0.0,0.0
54570,Center Drive,0.0,0.0,0.0,0,(),0.0,0.0
54575,Center Drive,0.0,0.0,0.0,0,(),0.0,0.0
54580,Center Drive,0.0,0.0,0.0,0,(),0.0,0.0
54585,Center Drive,0.0,0.0,0.0,0,(),0.0,0.0
54590,Center Drive,0.0,0.0,0.0,0,(),0.0,0.0
54595,Center Drive,0.0,0.0,0.0,0,(),0.0,0.0
54600,Center Drive,0.0,0.0,0.0,0,(),0.0,0.0
54605,Center Drive,0.0,0.0,0.0,0,(),0.0,0.0
54610,Center Drive,0.0,0.0,0.0,0,(),0.0,0.0
54615,Center Drive,0.0,0.0,0.0,0,(),0.0,0.0
54620,Center Drive,0.0,0.0,0.0,0,(),0.0,0.0
54625,Center Drive,0.0,0.0,0.0,0,(),0.0,0.0
54630,Center Drive,0.0,0.0,0.0,0,(),0.0,0.0
54635,Center Drive,0.0,0.0,0.0,0,(),0.0,0.0
54640,Center Drive,0.0,0.0,0.0,0,(),0.0,0.0
54645,Center Drive,0.0,0.0,0.0,0,(),0.0,0.0
54650,Center Drive,0.0,0.0,0.0,0,(),0.0,0.0
54655,Center Drive,0.0,0.0,0.0,0,(),0.0,0.0
54660,Center Drive,0.0,0.0,0.0,0,(),0.0,0.0
54665,Center Drive,0.0,0.0,0.0,0,(),0.0,0.0
54670,Center Drive,0.0,0.0,0.0,0,(),0.0,0.0
54675,Center Drive,0.0,0.0,0.0,0,(),0.0,0.0
54680,Center Drive,0.0,0.0,0.0,0,(),0.0,0.0
54685,Center Drive,0.0,0.0,0.0,0,(),0.0,0.0
54690,Center Drive,0.0,0.0,0.0,0,(),0.0,0.0
54695,Center Drive,0.0,0.0,0.0,0,(),0.0,0.0
54700,Center Drive,0.0,0.0,0.0,0,(),0.0,0.0
54705,Center Drive,0.0,0.0,0.0,0,(),0.0,0.0
54710,Center Drive,0.0,0.0,0.0,0,(),0.0,0.0
54715,Center Drive,0.0,0.0,0.0,0,(),0.0,0.0
54720,Center Drive,0.0,0.0,0.0,0,(),0.0,0.0
54725,Center Drive,0.0,0.0,0.0,0,(),0.0,0.0
54730,Center Drive,0.0,0.0,0.0,0,(),0.0,0.0
54735,Center Drive,0.0,0.0,0.0,0,(),0.0,0.0
54740,Center Drive,0.0,0.0,0.0,0,(),0.0,0.0
54745,Center Drive,0.0,0.0,0.0,0,(),0.0,0.0
54750,Center Drive,0.0,0.0,0.0,0,(),0.0,0.0
54755,Center Drive,0.0,0.0,0.0,0,(),0.0,0.0
54760,Center Drive,0.0,0.0,0.0,0,(),0.0,0.0
54765,Center Drive,0.0,0.0,0.0,0,(),0.0,0.0
54770,Center Drive,0.0,0.0,0.0,0,(),0.0,0.0
54775,Center Drive,0.0,0.0,0.0,0,(),0.0,0.0
54780,Center Drive,0.0,0.0,0.0,0,(),0.0,0.0
54785,Center Drive,0.0,0.0,0.0,0,(),0.0,0.0
54790,Center Drive,0.0,0.0,0.0,0,(),0.0,0.0
54795,Center Drive,0.0,0.0,0.0,0,(),0.0,0.0
54800,Center Drive,0.0,0.0,0.0,0,(),0.0,0.0
54805,Center Drive,0.0,0.0,0.0,0,(),0.0,0.0
54810,Center Drive,0.0,0.0,0.0,0,(),0.0,0.0
54815,Center Drive,0.0,0.0,0.0,0,(),0.0,0.0
54820,Center Drive,0.0,0.0,0.0,0,(),0.0,0.0
54825,Center Drive,0.0,0.0,0.0,0,(),0.0,0.0
54830,Center Drive,0.0,0.0,0.0,0,(),0.0,0.0
54835,Center Drive,0.0,0.0,0.0,0,(),0.0,0.0
54840,Center Drive,0.0,0.0,0.0,0,(),0.0,0.0
54845,Center Drive,0.0,0.0,0.0,0,(),0.0,0.0
54850,Center Drive,0.0,0.0,0.0,0,(),0.0,0.0
54855,Center Drive,0.0,0.0,0.0,0,(),0.0,0.0
54860,Center Drive,0.0,0.0,0.0,0,(),0.0,0.0
54865,Center Drive,0.0,0.0,0.0,0,(),0.0,0.0
54870,Center Drive,0.0,0.0,0.0,0,(),0.0,0.0
54875,Center Drive,0.0,0.0,0.0,0,(),0.0,0.0
54880,Center Drive,0.0,0.0,0.0,0,(),0.0,0.0
54885,Center Drive,0.0,0.0,0.0,0,(),0.0,0.0
54890,Center Drive,0.0,0.0,0.0,0,(),0.0,0.0
54895,Center Drive,0.0,0.0,0.0,0,(),0.0,0.0
54900,Center Drive,0.0,0.0,0.0,0,(),0.0,0.0
54905,Center Drive,0.0,0.0,0.0,0,(),0.0,0.0
54910,Center Drive,0.0,0.0,0.0,0,(),0.0,0.0
54915,Center Drive,0.0,0.0,0.0,0,(),0.0,0.0
54920,Center Drive,0.0,0.0,0.0,0,(),0.0,0.0
54925,Center Drive,0.0,0.0,0.0,0,(),0.0,0.0
54930,Center Drive,0.0,0.0,0.0,0,(),0.0,0.0
54935,Center Drive,0.0,0.0,0.0,0,(),0.0,0.0
54940,Center Drive,0.0,0.0,0.0,0,(),0.0,0.0
54945,Center Drive,0.0,0.0,0.0,0,(),0.0,0.0
54950,Center Drive,0.0,0.0,0.0,0,(),0.0,0.0
54955,Center Drive,0.0,0.0,0.0,0,(),0.0,0.0
54960,Center Drive,0.0,0.0,0.0,0,(),0.0,0.0
54965,Center Drive,0.0,0.0,0.0,0,(),0.0,0.0
54970,Center Drive,0.0,0.0,0.0,0,(),0.0,0.0
54975,Center Drive,0.0,0.0,0.0,0,(),0.0,0.0
54980,Center Drive,0.0,0.0,0.0,0,(),0.0,0.0
54985,Center Drive,0.0,0.0,0.0,0,(),0.0,0.0
54990,Center Drive,0.0,0.0,0.0,0,(),0.0,0.0
54995,Center Drive,0.0,0.0,0.0,0,(),0.0,0.0
55000,Center Drive,0.0,0.0,0.0,0,(),0.0,0.0
55005,Center Drive,0.0,0.0,0.0,0,(),0.0,0.0
55010,Center Drive,0.0,0.0,0.0,0,(),0.0,0.0
55015,Center Drive,0.0,0.0,0.0,0,(),0.0,0.0
55020,Center Drive,0.0,0.0,0.0,0,(),0.0,0.0
55025,Center Drive,0.0,0.0,0.0,0,(),0.0,0.0
55030,Center Drive,0.0,0.0,0.0,0,(),0.0,0.0
55035,Center Drive,0.0,0.0,0.0,0,(),0.0,0.0
55040,Center Drive,0.0,0.0,0.0,0,(),0.0,0.0
55045,Center Drive,0.0,0.0,0.0,0,(),0.0,0.0
55050,Center Drive,0.0,0.0,0.0,0,(),0.0,0.0
55055,Center Drive,0.0,0.0,0.0,0,(),0.0,0.0
55060,Center Drive,0.0,0.0,0.0,0,(),0.0,0.0
55065,Center Drive,0.0,0.0,0.0,0,(),0.0,0.0
55070,Center Drive,0.0,0.0,0.0,0,(),0.0,0.0
55075,Center Drive,0.0,0.0,0.0,0,(),0.0,0.0
55080,Center Drive,0.0,0.0,0.0,0,(),0.0,0.0
55085,Center Drive,0.0,0.0,0.0,0,(),0.0,0.0
55090,Center Drive,0.0,0.0,0.0,0,(),0.0,0.0
55095,Center Drive,0.0,0.0,0.0,0,(),0.0,0.0
55100,Center Drive,0.0,0.0,0.0,0,(),0.0,0.0
55105,Center Drive,0.0,0.0,0.0,0,(),0.0,0.0
55110,Center Drive,0.0,0.0,0.0,0,(),0.0,0.0
55115,Center Drive,0.0,0.0,0.0,0,(),0.0,0.0
55120,Center Drive,0.0,0.0,0.0,0,(),0.0,0.0
55125,Center Drive,0.0,0.0,0.0,0,(),0.0,0.0
55130,Center Drive,0.0,0.0,0.0,0,(),0.0,0.0
55135,Center Drive,0.0,0.0,0.0,0,(),0.0,0.0
55140,Center Drive,0.0,0.0,0.0,0,(),0.0,0.0
55145,Center Drive,0.0,0.0,0.0,0,(),0.0,0.0
55150,Center Drive,0.0,0.0,0.0,0,(),0.0,0.0
55155,Center Drive,0.0,0.0,0.0,0,(),0.0,0.0
55160,Center Drive,0.0,0.0,0.0,0,(),0.0,0.0
55165,Center Drive,0.0,0.0,0.0,0,(),0.0,0.0
55170,Center Drive,0.0,0.0,0.0,0,(),0.0,0.0
55175,Center Drive,0.0,0.0,0.0,0,(),0.0,0.0
55180,Center Drive,0.0,0.0,0.0,0,(),0.0,0.0
55185,Center Drive,0.0,0.0,0.0,0,(),0.0,0.0
55190,Center Drive,0.0,0.0,0.0,0,(),0.0,0.0
55195,Center Drive,0.0,0.0,0.0,0,(),0.0,0.0
55200,Center Drive,0.0,0.0,0.0,0,(),0.0,0.0
55205,Center Drive,0.0,0.0,0.0,0,(),0.0,0.0
55210,Center Drive,0.0,0.0,0.0,0,(),0.0,0.0
55215,Center Drive,0.0,0.0,0.0,0,(),0.0,0.0
55220,Center Drive,0.0,0.0,0.0,0,(),0.0,0.0
55225,Center Drive,0.0,0.0,0.0,0,(),0.0,0.0
55230,Center Drive,0.0,0.0,0.0,0,(),0.0,0.0
55235,Center Drive,0.0,0.0,0.0,0,(),0.0,0.0
55240,Center Drive,0.0,0.0,0.0,0,(),0.0,0.0
55245,Center Drive,0.0,0.0,0.0,0,(),0.0,0.0
55250,Center Drive,0.0,0.0,0.0,0,(),0.0,0.0
55255,Center Drive,0.0,0.0,0.0,0,(),0.0,0.0
55260,Center Drive,0.0,0.0,0.0,0,(),0.0,0.0
55265,Center Drive,0.0,0.0,0.0,0,(),0.0,0.0
55270,Center Drive,0.0,0.0,0.0,0,(),0.0,0.0
55275,Center Drive,0.0,0.0,0.0,0,(),0.0,0.0
55280,Center Drive,0.0,0.0,0.0,0,(),0.0,0.0
55285,Center Drive,0.0,0.0,0.0,0,(),0.0,0.0
55290,Center Drive,0.0,0.0,0.0,0,(),0.0,0.0
55295,Center Drive,0.0,0.0,0.0,0,(),0.0,0.0
55300,Center Drive,0.0,0.0,0.0,0,(),0.0,0.0
55305,Center Drive,0.0,0.0,0.0,0,(),0.0,0.0
55310,Center Drive,0.0,0.0,0.0,0,(),0.0,0.0
55315,Center Drive,0.0,0.0,0.0,0,(),0.0,0.0
55320,Center Drive,0.0,0.0,0.0,0,(),0.0,0.0
55325,Center Drive,0.0,0.0,0.0,0,(),0.0,0.0
55330,Center Drive,0.0,0.0,0.0,0,(),0.0,0.0
55335,Center Drive,0.0,0.0,0.0,0,(),0.0,0.0
55340,Center Drive,0.0,0.0,0.0,0,(),0.0,0.0
55345,Center Drive,0.0,0.0,0.0,0,(),0.0,0.0
55350,Center Drive,0.0,0.0,0.0,0,(),0.0,0.0
55355,Center Drive,0.0,0.0,0.0,0,(),0.0,0.0
55360,Center Drive,0.0,0.0,0.0,0,(),0.0,0.0
55365,Center Drive,0.0,0.0,0.0,0,(),0.0,0.0
55370,Center Drive,0.0,0.0,0.0,0,(),0.0,0.0
55375,Center Drive,0.0,0.0,0.0,0,(),0.0,0.0
55380,Center Drive,0.0,0.0,0.0,0,(),0.0,0.0
55385,Center Drive,0.0,0.0,0.0,0,(),0.0,0.0
55390,Center Drive,0.0,0.0,0.0,0,(),0.0,0.0
55395,Center Drive,0.0,0.0,0.0,0,(),0.0,0.0
55400,Center Drive,0.0,0.0,0.0,0,(),0.0,0.0
55405,Center Drive,0.0,0.0,0.0,0,(),0.0,0.0
55410,Center Drive,0.0,0.0,0.0,0,(),0.0,0.0
55415,Center Drive,0.0,0.0,0.0,0,(),0.0,0.0
55420,Center Drive,0.0,0.0,0.0,0,(),0.0,0.0
55425,Center Drive,0.0,0.0,0.0,0,(),0.0,0.0
55430,Center Drive,0.0,0.0,0.0,0,(),0.0,0.0
55435,Center Drive,0.0,0.0,0.0,0,(),0.0,0.0
55440,Center Drive,0.0,0.0,0.0,0,(),0.0,0.0
55445,Center Drive,0.0,0.0,0.0,0,(),0.0,0.0
55450,Center Drive,0.0,0.0,0.0,0,(),0.0,0.0
55455,Center Drive,0.0,0.0,0.0,0,(),0.0,0.0
55460,Center Drive,0.0,0.0,0.0,0,(),0.0,0.0
55465,Center Drive,0.0,0.0,0.0,0,(),0.0,0.0
55470,Center Drive,0.0,0.0,0.0,0,(),0.0,0.0
55475,Center Drive,0.0,0.0,0.0,0,(),0.0,0.0
55480,Center Drive,0.0,0.0,0.0,0,(),0.0,0.0
55485,Center Drive,0.0,0.0,0.0,0,(),0.0,0.0
55490,Center Drive,0.0,0.0,0.0,0,(),0.0,0.0
55495,Center Drive,0.0,0.0,0.0,0,(),0.0,0.0
55500,Center Drive,0.0,0.0,0.0,0,(),0.0,0.0
55505,Center Drive,0.0,0.0,0.0,0,(),0.0,0.0
55510,Center Drive,0.0,0.0,0.0,0,(),0.0,0.0
55515,Center Drive,0.0,0.0,0.0,0,(),0.0,0.0
55520,Center Drive,0.0,0.0,0.0,0,(),0.0,0.0
55525,Center Drive,0.0,0.0,0.0,0,(),0.0,0.0
55530,Center Drive,0.0,0.0,0.0,0,(),0.0,0.0
55535,Center Drive,0.0,0.0,0.0,0,(),0.0,0.0
55540,Center Drive,0.0,0.0,0.0,0,(),0.0,0.0
55545,Center Drive,0.0,0.0,0.0,0,(),0.0,0.0
55550,Center Drive,0.0,0.0,0.0,0,(),0.0,0.0
55555,Center Drive,0.0,0.0,0.0,0,(),0.0,0.0
55560,Center Drive,0.0,0.0,0.0,0,(),0.0,0.0
55565,Center Drive,0.0,0.0,0.0,0,(),0.0,0.0
55570,Center Drive,0.0,0.0,0.0,0,(),0.0,0.0
55575,Center Drive,0.0,0.0,0.0,0,(),0.0,0.0
55580,Center Drive,0.0,0.0,0.0,0,(),0.0,0.0
55585,Center Drive,0.0,0.0,0.0,0,(),0.0,0.0
55590,Center Drive,0.0,0.0,0.0,0,(),0.0,0.0
55595,Center Drive,0.0,0.0,0.0,0,(),0.0,0.0
55600,Center Drive,0.0,0.0,0.0,0,(),0.0,0.0
55605,Center Drive,0.0,0.0,0.0,0,(),0.0,0.0
55610,Center Drive,0.0,0.0,0.0,0,(),0.0,0.0
55615,Center Drive,0.0,0.0,0.0,0,(),0.0,0.0
55620,Center Drive,0.0,0.0,0.0,0,(),0.0,0.0
55625,Center Drive,0.0,0.0,0.0,0,(),0.0,0.0
55630,Center Drive,0.0,0.0,0.0,0,(),0.0,0.0
55635,Center Drive,0.0,0.0,0.0,0,(),0.0,0.0
55640,Center Drive,0.0,0.0,0.0,0,(),0.0,0.0
55645,Center Drive,0.0,0.0,0.0,0,(),0.0,0.0
55650,Center Drive,0.0,0.0,0.0,0,(),0.0,0.0
55655,Center Drive,0.0,0.0,0.0,0,(),0.0,0.0
55660,Center Drive,0.0,0.0,0.0,0,(),0.0,0.0
55665,Center Drive,0.0,0.0,0.0,0,(),0.0,0.0
55670,Center Drive,0.0,0.0,0.0,0,(),0.0,0.0
55675,Center Drive,0.0,0.0,0.0,0,(),0.0,0.0
55680,Center Drive,0.0,0.0,0.0,0,(),0.0,0.0
55685,Center Drive,0.0,0.0,0.0,0,(),0.0,0.0
55690,Center Drive,0.0,0.0,0.0,0,(),0.0,0.0
55695,Center Drive,0.0,0.0,0.0,0,(),0.0,0.0
55700,Center Drive,0.0,0.0,0.0,0,(),0.0,0.0
55705,Center Drive,0.0,0.0,0.0,0,(),0.0,0.0
55710,Center Drive,0.0,0.0,0.0,0,(),0.0,0.0
55715,Center Drive,0.0,0.0,0.0,0,(),0.0,0.0
55720,Center Drive,0.0,0.0,0.0,0,(),0.0,0.0
55725,Center Drive,0.0,0.0,0.0,0,(),0.0,0.0
55730,Center Drive,0.0,0.0,0.0,0,(),0.0,0.0
55735,Center Drive,0.0,0.0,0.0,0,(),0.0,0.0
55740,Center Drive,0.0,0.0,0.0,0,(),0.0,0.0
55745,Center Drive,0.0,0.0,0.0,0,(),0.0,0.0
55750,Center Drive,0.0,0.0,0.0,0,(),0.0,0.0
55755,Center Drive,0.0,0.0,0.0,0,(),0.0,0.0
55760,Center Drive,0.0,0.0,0.0,0,(),0.0,0.0
55765,Center Drive,0.0,0.0,0.0,0,(),0.0,0.0
55770,Center Drive,0.0,0.0,0.0,0,(),0.0,0.0
55775,Center Drive,0.0,0.0,0.0,0,(),0.0,0.0
55780,Center Drive,0.0,0.0,0.0,0,(),0.0,0.0
55785,Center Drive,0.0,0.0,0.0,0,(),0.0,0.0
55790,Center Drive,0.0,0.0,0.0,0,(),0.0,0.0
55795,Center Drive,0.0,0.0,0.0,0,(),0.0,0.0
55800,Center Drive,0.0,0.0,0.0,0,(),0.0,0.0
55805,Center Drive,0.0,0.0,0.0,0,(),0.0,0.0
55810,Center Drive,0.0,0.0,0.0,0,(),0.0,0.0
55815,Center Drive,0.0,0.0,0.0,0,(),0.0,0.0
55820,Center Drive,0.0,0.0,0.0,0,(),0.0,0.0
55825,Center Drive,0.0,0.0,0.0,0,(),0.0,0.0
55830,Center Drive,0.0,0.0,0.0,0,(),0.0,0.0
55835,Center Drive,0.0,0.0,0.0,0,(),0.0,0.0
55840,Center Drive,0.0,0.0,0.0,0,(),0.0,0.0
55845,Center Drive,0.0,0.0,0.0,0,(),0.0,0.0
55850,Center Drive,0.0,0.0,0.0,0,(),0.0,0.0
55855,Center Drive,0.0,0.0,0.0,0,(),0.0,0.0
55860,Center Drive,0.0,0.0,0.0,0,(),0.0,0.0
55865,Center Drive,0.0,0.0,0.0,0,(),0.0,0.0
55870,Center Drive,0.0,0.0,0.0,0,(),0.0,0.0
55875,Center Drive,0.0,0.0,0.0,0,(),0.0,0.0
55880,Center Drive,0.0,0.0,0.0,0,(),0.0,0.0
55885,Center Drive,0.0,0.0,0.0,0,(),0.0,0.0
55890,Center Drive,0.0,0.0,0.0,0,(),0.0,0.0
55895,Center Drive,0.0,0.0,0.0,0,(),0.0,0.0
55900,Center Drive,0.0,0.0,0.0,0,(),0.0,0.0
55905,Center Drive,0.0,0.0,0.0,0,(),0.0,0.0
55910,Center Drive,0.0,0.0,0.0,0,(),0.0,0.0
55915,Center Drive,0.0,0.0,0.0,0,(),0.0,0.0
55920,Center Drive,0.0,0.0,0.0,0,(),0.0,0.0
55925,Center Drive,0.0,0.0,0.0,0,(),0.0,0.0
55930,Center Drive,0.0,0.0,0.0,0,(),0.0,0.0
55935,Center Drive,0.0,0.0,0.0,0,(),0.0,0.0
55940,Center Drive,0.0,0.0,0.0,0,(),0.0,0.0
55945,Center Drive,0.0,0.0,0.0,0,(),0.0,0.0
55950,Center Drive,0.0,0.0,0.0,0,(),0.0,0.0
55955,Center Drive,0.0,0.0,0.0,0,(),0.0,0.0
55960,Center Drive,0.0,0.0,0.0,0,(),0.0,0.0
55965,Center Drive,0.0,0.0,0.0,0,(),0.0,0.0
55970,Center Drive,0.0,0.0,0.0,0,(),0.0,0.0
55975,Center Drive,0.0,0.0,0.0,0,(),0.0,0.0
55980,Center Drive,0.0,0.0,0.0,0,(),0.0,0.0
55985,Center Drive,0.0,0.0,0.0,0,(),0.0,0.0
55990,Center Drive,0.0,0.0,0.0,0,(),0.0,0.0
55995,Center Drive,0.0,0.0,0.0,0,(),0.0,0.0
56000,Center Drive,0.0,0.0,0.0,0,(),0.0,0.0
56005,Center Drive,0.0,0.0,0.0,0,(),0.0,0.0
56010,Center Drive,0.0,0.0,0.0,0,(),0.0,0.0
56015,Center Drive,0.0,0.0,0.0,0,(),0.0,0.0
56020,Center Drive,0.0,0.0,0.0,0,(),0.0,0.0
56025,Center Drive,0.0,0.0,0.0,0,(),0.0,0.0
56030,Center Drive,0.0,0.0,0.0,0,(),0.0,0.0
56035,Center Drive,0.0,0.0,0.0,0,(),0.0,0.0
56040,Center Drive,0.0,0.0,0.0,0,(),0.0,0.0
56045,Center Drive,0.0,0.0,0.0,0,(),0.0,0.0
56050,Center Drive,0.0,0.0,0.0,0,(),0.0,0.0
56055,Center Drive,0.0,0.0,0.0,0,(),0.0,0.0
56060,Center Drive,0.0,0.0,0.0,0,(),0.0,0.0
56065,Center Drive,0.0,0.0,0.0,0,(),0.0,0.0
56070,Center Drive,0.0,0.0,0.0,0,(),0.0,0.0
56075,Center Drive,0.0,0.0,0.0,0,(),0.0,0.0
56080,Center Drive,0.0,0.0,0.0,0,(),0.0,0.0
56085,Center Drive,0.0,0.0,0.0,0,(),0.0,0.0
56090,Center Drive,0.0,0.0,0.0,0,(),0.0,0.0
56095,Center Drive,0.0,0.0,0.0,0,(),0.0,0.0
56100,Center Drive,0.0,0.0,0.0,0,(),0.0,0.0
56105,Center Drive,0.0,0.0,0.0,0,(),0.0,0.0
56110,Center Drive,0.0,0.0,0.0,0,(),0.0,0.0
56115,Center Drive,0.0,0.0,0.0,0,(),0.0,0.0
56120,Center Drive,0.0,0.0,0.0,0,(),0.0,0.0
56125,Center Drive,0.0,0.0,0.0,0,(),0.0,0.0
56130,Center Drive,0.0,0.0,0.0,0,(),0.0,0.0
56135,Center Drive,0.0,0.0,0.0,0,(),0.0,0.0
56140,Center Drive,0.0,0.0,0.0,0,(),0.0,0.0
56145,Center Drive,0.0,0.0,0.0,0,(),0.0,0.0
56150,Center Drive,0.0,0.0,0.0,0,(),0.0,0.0
56155,Center Drive,0.0,0.0,0.0,0,(),0.0,0.0
56160,Center Drive,0.0,0.0,0.0,0,(),0.0,0.0
56165,Center Drive,0.0,0.0,0.0,0,(),0.0,0.0
56170,Center Drive,0.0,0.0,0.0,0,(),0.0,0.0
56175,Center Drive,0.0,0.0,0.0,0,(),0.0,0.0
56180,Center Drive,0.0,0.0,0.0,0,(),0.0,0.0
56185,Center Drive,0.0,0.0,0.0,0,(),0.0,0.0
56190,Center Drive,0.0,0.0,0.0,0,(),0.0,0.0
56195,Center Drive,0.0,0.0,0.0,0,(),0.0,0.0
56200,Center Drive,0.0,0.0,0.0,0,(),0.0,0.0
56205,Center Drive,0.0,0.0,0.0,0,(),0.0,0.0
56210,Center Drive,0.0,0.0,0.0,0,(),0.0,0.0
56215,Center Drive,0.0,0.0,0.0,0,(),0.0,0.0
56220,Center Drive,0.0,0.0,0.0,0,(),0.0,0.0
56225,Center Drive,0.0,0.0,0.0,0,(),0.0,0.0
56230,Center Drive,0.0,0.0,0.0,0,(),0.0,0.0
56235,Center Drive,0.0,0.0,0.0,0,(),0.0,0.0
56240,Center Drive,0.0,0.0,0.0,0,(),0.0,0.0
56245,Center Drive,0.0,0.0,0.0,0,(),0.0,0.0
56250,Center Drive,0.0,0.0,0.0,0,(),0.0,0.0
56255,Center Drive,0.0,0.0,0.0,0,(),0.0,0.0
56260,Center Drive,0.0,0.0,0.0,0,(),0.0,0.0
56265,Center Drive,0.0,0.0,0.0,0,(),0.0,0.0
56270,Center Drive,0.0,0.0,0.0,0,(),0.0,0.0
56275,Center Drive,0.0,0.0,0.0,0,(),0.0,0.0
56280,Center Drive,0.0,0.0,0.0,0,(),0.0,0.0
56285,Center Drive,0.0,0.0,0.0,0,(),0.0,0.0
56290,Center Drive,0.0,0.0,0.0,0,(),0.0,0.0
56295,Center Drive,0.0,0.0,0.0,0,(),0.0,0.0
56300,Center Drive,0.0,0.0,0.0,0,(),0.0,0.0
56305,Center Drive,0.0,0.0,0.0,0,(),0.0,0.0
56310,Center Drive,0.0,0.0,0.0,0,(),0.0,0.0
56315,Center Drive,0.0,0.0,0.0,0,(),0.0,0.0
56320,Center Drive,0.0,0.0,0.0,0,(),0.0,0.0
56325,Center Drive,0.0,0.0,0.0,0,(),0.0,0.0
56330,Center Drive,0.0,0.0,0.0,0,(),0.0,0.0
56335,Center Drive,0.0,0.0,0.0,0,(),0.0,0.0
56340,Center Drive,0.0,0.0,0.0,0,(),0.0,0.0
56345,Center Drive,0.0,0.0,0.0,0,(),0.0,0.0
56350,Center Drive,0.0,0.0,0.0,0,(),0.0,0.0
56355,Center Drive,0.0,0.0,0.0,0,(),0.0,0.0
56360,Center Drive,0.0,0.0,0.0,0,(),0.0,0.0
56365,Center Drive,0.0,0.0,0.0,0,(),0.0,0.0
56370,Center Drive,0.0,0.0,0.0,0,(),0.0,0.0
56375,Center Drive,0.0,0.0,0.0,0,(),0.0,0.0
56380,Center Drive,0.0,0.0,0.0,0,(),0.0,0.0
56385,Center Drive,0.0,0.0,0.0,0,(),0.0,0.0
56390,Center Drive,0.0,0.0,0.0,0,(),0.0,0.0
56395,Center Drive,0.0,0.0,0.0,0,(),0.0,0.0
56400,Center Drive,0.0,0.0,0.0,0,(),0.0,0.0
56405,Center Drive,0.0,0.0,0.0,0,(),0.0,0.0
56410,Center Drive,0.0,0.0,0.0,0,(),0.0,0.0
56415,Center Drive,0.0,0.0,0.0,0,(),0.0,0.0
56420,Center Drive,0.0,0.0,0.0,0,(),0.0,0.0
56425,Center Drive,0.0,0.0,0.0,0,(),0.0,0.0
56430,Center Drive,0.0,0.0,0.0,0,(),0.0,0.0
56435,Center Drive,0.0,0.0,0.0,0,(),0.0,0.0
56440,Center Drive,0.0,0.0,0.0,0,(),0.0,0.0
56445,Center Drive,0.0,0.0,0.0,0,(),0.0,0.0
56450,Center Drive,0.0,0.0,0.0,0,(),0.0,0.0
56455,Center Drive,0.0,0.0,0.0,0,(),0.0,0.0
56460,Center Drive,0.0,0.0,0.0,0,(),0.0,0.0
56465,Center Drive,0.0,0.0,0.0,0,(),0.0,0.0
56470,Center Drive,0.0,0.0,0.0,0,(),0.0,0.0
56475,Center Drive,0.0,0.0,0.0,0,(),0.0,0.0
56480,Center Drive,0.0,0.0,0.0,0,(),0.0,0.0
56485,Center Drive,0.0,0.0,0.0,0,(),0.0,0.0
56490,Center Drive,0.0,0.0,0.0,0,(),0.0,0.0
56495,Center Drive,0.0,0.0,0.0,0,(),0.0,0.0
56500,Center Drive,0.0,0.0,0.0,0,(),0.0,0.0
56505,Center Drive,0.0,0.0,0.0,0,(),0.0,0.0
56510,Center Drive,0.0,0.0,0.0,0,(),0.0,0.0
56515,Center Drive,0.0,0.0,0.0,0,(),0.0,0.0
56520,Center Drive,0.0,0.0,0.0,0,(),0.0,0.0
56525,Center Drive,0.0,0.0,0.0,0,(),0.0,0.0
56530,Center Drive,0.0,0.0,0.0,0,(),0.0,0.0
56535,Center Drive,0.0,0.0,0.0,0,(),0.0,0.0
56540,Center Drive,0.0,0.0,0.0,0,(),0.0,0.0
56545,Center Drive,0.0,0.0,0.0,0,(),0.0,0.0
56550,Center Drive,0.0,0.0,0.0,0,(),0.0,0.0
56555,Center Drive,0.0,0.0,0.0,0,(),0.0,0.0
56560,Center Drive,0.0,0.0,0.0,0,(),0.0,0.0
56565,Center Drive,0.0,0.0,0.0,0,(),0.0,0.0
56570,Center Drive,0.0,0.0,0.0,0,(),0.0,0.0
56575,Center Drive,0.0,0.0,0.0,0,(),0.0,0.0
56580,Center Drive,0.0,0.0,0.0,0,(),0.0,0.0
56585,Center Drive,0.0,0.0,0.0,0,(),0.0,0.0
56590,Center Drive,0.0,0.0,0.0,0,(),0.0,0.0
56595,Center Drive,0.0,0.0,0.0,0,(),0.0,0.0
56600,Center Drive,0.0,0.0,0.0,0,(),0.0,0.0
56605,Center Drive,0.0,0.0,0.0,0,(),0.0,0.0
56610,Center Drive,0.0,0.0,0.0,0,(),0.0,0.0
56615,Center Drive,0.0,0.0,0.0,0,(),0.0,0.0
56620,Center Drive,0.0,0.0,0.0,0,(),0.0,0.0
56625,Center Drive,0.0,0.0,0.0,0,(),0.0,0.0
56630,Center Drive,0.0,0.0,0.0,0,(),0.0,0.0
56635,Center Drive,0.0,0.0,0.0,0,(),0.0,0.0
56640,Center Drive,0.0,0.0,0.0,0,(),0.0,0.0
56645,Center Drive,0.0,0.0,0.0,0,(),0.0,0.0
56650,Center Drive,0.0,0.0,0.0,0,(),0.0,0.0
56655,Center Drive,0.0,0.0,0.0,0,(),0.0,0.0
56660,Center Drive,0.0,0.0,0.0,0,(),0.0,0.0
56665,Center Drive,0.0,0.0,0.0,0,(),0.0,0.0
56670,Center Drive,0.0,0.0,0.0,0,(),0.0,0.0
56675,Center Drive,0.0,0.0,0.0,0,(),0.0,0.0
56680,Center Drive,0.0,0.0,0.0,0,(),0.0,0.0
56685,Center Drive,0.0,0.0,0.0,0,(),0.0,0.0
56690,Center Drive,0.0,0.0,0.0,0,(),0.0,0.0
56695,Center Drive,0.0,0.0,0.0,0,(),0.0,0.0
56700,Center Drive,0.0,0.0,0.0,0,(),0.0,0.0
56705,Center Drive,0.0,0.0,0.0,0,(),0.0,0.0
56710,Center Drive,0.0,0.0,0.0,0,(),0.0,0.0
56715,Center Drive,0.0,0.0,0.0,0,(),0.0,0.0
56720,Center Drive,0.0,0.0,0.0,0,(),0.0,0.0
56725,Center Drive,0.0,0.0,0.0,0,(),0.0,0.0
56730,Center Drive,0.0,0.0,0.0,0,(),0.0,0.0
56735,Center Drive,0.0,0.0,0.0,0,(),0.0,0.0
56740,Center Drive,0.0,0.0,0.0,0,(),0.0,0.0
56745,Center Drive,0.0,0.0,0.0,0,(),0.0,0.0
56750,Center Drive,0.0,0.0,0.0,0,(),0.0,0.0
56755,Center Drive,0.0,0.0,0.0,0,(),0.0,0.0
56760,Center Drive,0.0,0.0,0.0,0,(),0.0,0.0
56765,Center Drive,0.0,0.0,0.0,0,(),0.0,0.0
56770,Center Drive,0.0,0.0,0.0,0,(),0.0,0.0
56775,Center Drive,0.0,0.0,0.0,0,(),0.0,0.0
56780,Center Drive,0.0,0.0,0.0,0,(),0.0,0.0
56785,Center Drive,0.0,0.0,0.0,0,(),0.0,0.0
56790,Center Drive,0.0,0.0,0.0,0,(),0.0,0.0
56795,Center Drive,0.0,0.0,0.0,0,(),0.0,0.0
56800,Center Drive,0.0,0.0,0.0,0,(),0.0,0.0
56805,Center Drive,0.0,0.0,0.0,0,(),0.0,0.0
56810,Center Drive,0.0,0.0,0.0,0,(),0.0,0.0
56815,Center Drive,0.0,0.0,0.0,0,(),0.0,0.0
56820,Center Drive,0.0,0.0,0.0,0,(),0.0,0.0
56825,Center Drive,0.0,0.0,0.0,0,(),0.0,0.0
56830,Center Drive,0.0,0.0,0.0,0,(),0.0,0.0
56835,Center Drive,0.0,0.0,0.0,0,(),0.0,0.0
56840,Center Drive,0.0,0.0,0.0,0,(),0.0,0.0
56845,Center Drive,0.0,0.0,0.0,0,(),0.0,0.0
56850,Center Drive,0.0,0.0,0.0,0,(),0.0,0.0
56855,Center Drive,0.0,0.0,0.0,0,(),0.0,0.0
56860,Center Drive,0.0,0.0,0.0,0,(),0.0,0.0
56865,Center Drive,0.0,0.0,0.0,0,(),0.0,0.0
56870,Center Drive,0.0,0.0,0.0,0,(),0.0,0.0
56875,Center Drive,0.0,0.0,0.0,0,(),0.0,0.0
56880,Center Drive,0.0,0.0,0.0,0,(),0.0,0.0
56885,Center Drive,0.0,0.0,0.0,0,(),0.0,0.0
56890,Center Drive,0.0,0.0,0.0,0,(),0.0,0.0
56895,Center Drive,0.0,0.0,0.0,0,(),0.0,0.0
56900,Center Drive,0.0,0.0,0.0,0,(),0.0,0.0
56905,Center Drive,0.0,0.0,0.0,0,(),0.0,0.0
56910,Center Drive,0.0,0.0,0.0,0,(),0.0,0.0
56915,Center Drive,0.0,0.0,0.0,0,(),0.0,0.0
56920,Center Drive,0.0,0.0,0.0,0,(),0.0,0.0
56925,Center Drive,0.0,0.0,0.0,0,(),0.0,0.0
56930,Center Drive,0.0,0.0,0.0,0,(),0.0,0.0
56935,Center Drive,0.0,0.0,0.0,0,(),0.0,0.0
56940,Center Drive,0.0,0.0,0.0,0,(),0.0,0.0
56945,Center Drive,0.0,0.0,0.0,0,(),0.0,0.0
56950,Center Drive,0.0,0.0,0.0,0,(),0.0,0.0
56955,Center Drive,0.0,0.0,0.0,0,(),0.0,0.0
56960,Center Drive,0.0,0.0,0.0,0,(),0.0,0.0
56965,Center Drive,0.0,0.0,0.0,0,(),0.0,0.0
56970,Center Drive,0.0,0.0,0.0,0,(),0.0,0.0
56975,Center Drive,0.0,0.0,0.0,0,(),0.0,0.0
56980,Center Drive,0.0,0.0,0.0,0,(),0.0,0.0
56985,Center Drive,0.0,0.0,0.0,0,(),0.0,0.0
56990,Center Drive,0.0,0.0,0.0,0,(),0.0,0.0
56995,Center Drive,0.0,0.0,0.0,0,(),0.0,0.0
57000,Center Drive,0.0,0.0,0.0,0,(),0.0,0.0
57005,Center Drive,0.0,0.0,0.0,0,(),0.0,0.0
57010,Center Drive,0.0,0.0,0.0,0,(),0.0,0.0
57015,Center Drive,0.0,0.0,0.0,0,(),0.0,0.0
57020,Center Drive,0.0,0.0,0.0,0,(),0.0,0.0
57025,Center Drive,0.0,0.0,0.0,0,(),0.0,0.0
57030,Center Drive,0.0,0.0,0.0,0,(),0.0,0.0
57035,Center Drive,0.0,0.0,0.0,0,(),0.0,0.0
57040,Center Drive,0.0,0.0,0.0,0,(),0.0,0.0
57045,Center Drive,0.0,0.0,0.0,0,(),0.0,0.0
57050,Center Drive,0.0,0.0,0.0,0,(),0.0,0.0
57055,Center Drive,0.0,0.0,0.0,0,(),0.0,0.0
57060,Center Drive,0.0,0.0,0.0,0,(),0.0,0.0
57065,Center Drive,0.0,0.0,0.0,0,(),0.0,0.0
57070,Center Drive,0.0,0.0,0.0,0,(),0.0,0.0
57075,Center Drive,0.0,0.0,0.0,0,(),0.0,0.0
57080,Center Drive,0.0,0.0,0.0,0,(),0.0,0.0
57085,Center Drive,0.0,0.0,0.0,0,(),0.0,0.0
57090,Center Drive,0.0,0.0,0.0,0,(),0.0,0.0
57095,Center Drive,0.0,0.0,0.0,0,(),0.0,0.0
57100,Center Drive,0.0,0.0,0.0,0,(),0.0,0.0
57105,Center Drive,0.0,0.0,0.0,0,(),0.0,0.0
57110,Center Drive,0.0,0.0,0.0,0,(),0.0,0.0
57115,Center Drive,0.0,0.0,0.0,0,(),0.0,0.0
57120,Center Drive,0.0,0.0,0.0,0,(),0.0,0.0
57125,Center Drive,0.0,0.0,0.0,0,(),0.0,0.0
57130,Center Drive,0.0,0.0,0.0,0,(),0.0,0.0
57135,Center Drive,0.0,0.0,0.0,0,(),0.0,0.0
57140,Center Drive,0.0,0.0,0.0,0,(),0.0,0.0
57145,Center Drive,0.0,0.0,0.0,0,(),0.0,0.0
57150,Center Drive,0.0,0.0,0.0,0,(),0.0,0.0
57155,Center Drive,0.0,0.0,0.0,0,(),0.0,0.0
57160,Center Drive,0.0,0.0,0.0,0,(),0.0,0.0
57165,Center Drive,0.0,0.0,0.0,0,(),0.0,0.0
57170,Center Drive,0.0,0.0,0.0,0,(),0.0,0.0
57175,Center Drive,0.0,0.0,0.0,0,(),0.0,0.0
57180,Center Drive,0.0,0.0,0.0,0,(),0.0,0.0
57185,Center Drive,0.0,0.0,0.0,0,(),0.0,0.0
57190,Center Drive,0.0,0.0,0.0,0,(),0.0,0.0
57195,Center Drive,0.0,0.0,0.0,0,(),0.0,0.0
57200,Center Drive,0.0,0.0,0.0,0,(),0.0,0.0
57205,Center Drive,0.0,0.0,0.0,0,(),0.0,0.0
57210,Center Drive,0.0,0.0,0.0,0,(),0.0,0.0
57215,Center Drive,0.0,0.0,0.0,0,(),0.0,0.0
57220,Center Drive,0.0,0.0,0.0,0,(),0.0,0.0
57225,Center Drive,0.0,0.0,0.0,0,(),0.0,0.0
57230,Center Drive,0.0,0.0,0.0,0,(),0.0,0.0
57235,Center Drive,0.0,0.0,0.0,0,(),0.0,0.0
57240,Center Drive,0.0,0.0,0.0,0,(),0.0,0.0
57245,Center Drive,0.0,0.0,0.0,0,(),0.0,0.0
57250,Center Drive,0.0,0.0,0.0,0,(),0.0,0.0
57255,Center Drive,0.0,0.0,0.0,0,(),0.0,0.0
57260,Center Drive,0.0,0.0,0.0,0,(),0.0,0.0
57265,Center Drive,0.0,0.0,0.0,0,(),0.0,0.0
57270,Center Drive,0.0,0.0,0.0,0,(),0.0,0.0
57275,Center Drive,0.0,0.0,0.0,0,(),0.0,0.0
57280,Center Drive,0.0,0.0,0.0,0,(),0.0,0.0
57285,Center Drive,0.0,0.0,0.0,0,(),0.0,0.0
57290,Center Drive,0.0,0.0,0.0,0,(),0.0,0.0
57295,Center Drive,0.0,0.0,0.0,0,(),0.0,0.0
57300,Center Drive,0.0,0.0,0.0,0,(),0.0,0.0
57305,Center Drive,0.0,0.0,0.0,0,(),0.0,0.0
57310,Center Drive,0.0,0.0,0.0,0,(),0.0,0.0
57315,Center Drive,0.0,0.0,0.0,0,(),0.0,0.0
57320,Center Drive,0.0,0.0,0.0,0,(),0.0,0.0
57325,Center Drive,0.0,0.0,0.0,0,(),0.0,0.0
57330,Center Drive,0.0,0.0,0.0,0,(),0.0,0.0
57335,Center Drive,0.0,0.0,0.0,0,(),0.0,0.0
57340,Center Drive,0.0,0.0,0.0,0,(),0.0,0.0
57345,Center Drive,0.0,0.0,0.0,0,(),0.0,0.0
57350,Center Drive,0.0,0.0,0.0,0,(),0.0,0.0
57355,Center Drive,0.0,0.0,0.0,0,(),0.0,0.0
57360,Center Drive,0.0,0.0,0.0,0,(),0.0,0.0
57365,Center Drive,0.0,0.0,0.0,0,(),0.0,0.0
57370,Center Drive,0.0,0.0,0.0,0,(),0.0,0.0
57375,Center Drive,0.0,0.0,0.0,0,(),0.0,0.0
57380,Center Drive,0.0,0.0,0.0,0,(),0.0,0.0
57385,Center Drive,0.0,0.0,0.0,0,(),0.0,0.0
57390,Center Drive,0.0,0.0,0.0,0,(),0.0,0.0
57395,Center Drive,0.0,0.0,0.0,0,(),0.0,0.0
57400,Center Drive,0.0,0.0,0.0,0,(),0.0,0.0
57405,Center Drive,0.0,0.0,0.0,0,(),0.0,0.0
57410,Center Drive,0.0,0.0,0.0,0,(),0.0,0.0
57415,Center Drive,0.0,0.0,0.0,0,(),0.0,0.0
57420,Center Drive,0.0,0.0,0.0,0,(),0.0,0.0
57425,Center Drive,0.0,0.0,0.0,0,(),0.0,0.0
57430,Center Drive,0.0,0.0,0.0,0,(),0.0,0.0
57435,Center Drive,0.0,0.0,0.0,0,(),0.0,0.0
57440,Center Drive,0.0,0.0,0.0,0,(),0.0,0.0
57445,Center Drive,0.0,0.0,0.0,0,(),0.0,0.0
57450,Center Drive,0.0,0.0,0.0,0,(),0.0,0.0
57455,Center Drive,0.0,0.0,0.0,0,(),0.0,0.0
57460,Center Drive,0.0,0.0,0.0,0,(),0.0,0.0
57465,Center Drive,0.0,0.0,0.0,0,(),0.0,0.0
57470,Center Drive,0.0,0.0,0.0,0,(),0.0,0.0
57475,Center Drive,0.0,0.0,0.0,0,(),0.0,0.0
57480,Center Drive,0.0,0.0,0.0,0,(),0.0,0.0
57485,Center Drive,0.0,0.0,0.0,0,(),0.0,0.0
57490,Center Drive,0.0,0.0,0.0,0,(),0.0,0.0
57495,Center Drive,0.0,0.0,0.0,0,(),0.0,0.0
57500,Center Drive,0.0,0.0,0.0,0,(),0.0,0.0
57505,Center Drive,0.0,0.0,0.0,0,(),0.0,0.0
57510,Center Drive,0.0,0.0,0.0,0,(),0.0,0.0
57515,Center Drive,0.0,0.0,0.0,0,(),0.0,0.0
57520,Center Drive,0.0,0.0,0.0,0,(),0.0,0.0
57525,Center Drive,0.0,0.0,0.0,0,(),0.0,0.0
57530,Center Drive,0.0,0.0,0.0,0,(),0.0,0.0
57535,Center Drive,0.0,0.0,0.0,0,(),0.0,0.0
57540,Center Drive,0.0,0.0,0.0,0,(),0.0,0.0
57545,Center Drive,0.0,0.0,0.0,0,(),0.0,0.0
57550,Center Drive,0.0,0.0,0.0,0,(),0.0,0.0
57555,Center Drive,0.0,0.0,0.0,0,(),0.0,0.0
57560,Center Drive,0.0,0.0,0.0,0,(),0.0,0.0
57565,Center Drive,0.0,0.0,0.0,0,(),0.0,0.0
57570,Center Drive,0.0,0.0,0.0,0,(),0.0,0.0
57575,Center Drive,0.0,0.0,0.0,0,(),0.0,0.0
57580,Center Drive,0.0,0.0,0.0,0,(),0.0,0.0
57585,Center Drive,0.0,0.0,0.0,0,(),0.0,0.0
57590,Center Drive,0.0,0.0,0.0,0,(),0.0,0.0
57595,Center Drive,0.0,0.0,0.0,0,(),0.0,0.0
57600,Center Drive,0.0,0.0,0.0,0,(),0.0,0.0
57605,Center Drive,0.0,0.0,0.0,0,(),0.0,0.0
57610,Center Drive,0.0,0.0,0.0,0,(),0.0,0.0
57615,Center Drive,0.0,0.0,0.0,0,(),0.0,0.0
57620,Center Drive,0.0,0.0,0.0,0,(),0.0,0.0
57625,Center Drive,0.0,0.0,0.0,0,(),0.0,0.0
57630,Center Drive,0.0,0.0,0.0,0,(),0.0,0.0
57635,Center Drive,0.0,0.0,0.0,0,(),0.0,0.0
57640,Center Drive,0.0,0.0,0.0,0,(),0.0,0.0
57645,Center Drive,0.0,0.0,0.0,0,(),0.0,0.0
57650,Center Drive,0.0,0.0,0.0,0,(),0.0,0.0
57655,Center Drive,0.0,0.0,0.0,0,(),0.0,0.0
57660,Center Drive,0.0,0.0,0.0,0,(),0.0,0.0
57665,Center Drive,0.0,0.0,0.0,0,(),0.0,0.0
57670,Center Drive,0.0,0.0,0.0,0,(),0.0,0.0
57675,Center Drive,0.0,0.0,0.0,0,(),0.0,0.0
57680,Center Drive,0.0,0.0,0.0,0,(),0.0,0.0
57685,Center Drive,0.0,0.0,0.0,0,(),0.0,0.0
57690,Center Drive,0.0,0.0,0.0,0,(),0.0,0.0
57695,Center Drive,0.0,0.0,0.0,0,(),0.0,0.0
57700,Center Drive,0.0,0.0,0.0,0,(),0.0,0.0
57705,Center Drive,0.0,0.0,0.0,0,(),0.0,0.0
57710,Center Drive,0.0,0.0,0.0,0,(),0.0,0.0
57715,Center Drive,0.0,0.0,0.0,0,(),0.0,0.0
57720,Center Drive,0.0,0.0,0.0,0,(),0.0,0.0
57725,Center Drive,0.0,0.0,0.0,0,(),0.0,0.0
57730,Center Drive,0.0,0.0,0.0,0,(),0.0,0.0
57735,Center Drive,0.0,0.0,0.0,0,(),0.0,0.0
57740,Center Drive,0.0,0.0,0.0,0,(),0.0,0.0
57745,Center Drive,0.0,0.0,0.0,0,(),0.0,0.0
57750,Center Drive,0.0,0.0,0.0,0,(),0.0,0.0
57755,Center Drive,0.0,0.0,0.0,0,(),0.0,0.0
57760,Center Drive,0.0,0.0,0.0,0,(),0.0,0.0
57765,Center Drive,0.0,0.0,0.0,0,(),0.0,0.0
57770,Center Drive,0.0,0.0,0.0,0,(),0.0,0.0
57775,Center Drive,0.0,0.0,0.0,0,(),0.0,0.0
57780,Center Drive,0.0,0.0,0.0,0,(),0.0,0.0
57785,Center Drive,0.0,0.0,0.0,0,(),0.0,0.0
57790,Center Drive,0.0,0.0,0.0,0,(),0.0,0.0
57795,Center Drive,0.0,0.0,0.0,0,(),0.0,0.0
57800,Center Drive,0.0,0.0,0.0,0,(),0.0,0.0
57805,Center Drive,0.0,0.0,0.0,0,(),0.0,0.0
57810,Center Drive,0.0,0.0,0.0,0,(),0.0,0.0
57815,Center Drive,0.0,0.0,0.0,0,(),0.0,0.0
57820,Center Drive,0.0,0.0,0.0,0,(),0.0,0.0
57825,Center Drive,0.0,0.0,0.0,0,(),0.0,0.0
57830,Center Drive,0.0,0.0,0.0,0,(),0.0,0.0
57835,Center Drive,0.0,0.0,0.0,0,(),0.0,0.0
57840,Center Drive,0.0,0.0,0.0,0,(),0.0,0.0
57845,Center Drive,0.0,0.0,0.0,0,(),0.0,0.0
57850,Center Drive,0.0,0.0,0.0,0,(),0.0,0.0
57855,Center Drive,0.0,0.0,0.0,0,(),0.0,0.0
57860,Center Drive,0.0,0.0,0.0,0,(),0.0,0.0
57865,Center Drive,0.0,0.0,0.0,0,(),0.0,0.0
57870,Center Drive,0.0,0.0,0.0,0,(),0.0,0.0
57875,Center Drive,0.0,0.0,0.0,0,(),0.0,0.0
57880,Center Drive,0.0,0.0,0.0,0,(),0.0,0.0
57885,Center Drive,0.0,0.0,0.0,0,(),0.0,0.0
57890,Center Drive,0.0,0.0,0.0,0,(),0.0,0.0
57895,Center Drive,0.0,0.0,0.0,0,(),0.0,0.0
57900,Center Drive,0.0,0.0,0.0,0,(),0.0,0.0
57905,Center Drive,0.0,0.0,0.0,0,(),0.0,0.0
57910,Center Drive,0.0,0.0,0.0,0,(),0.0,0.0
57915,Center Drive,0.0,0.0,0.0,0,(),0.0,0.0
57920,Center Drive,0.0,0.0,0.0,0,(),0.0,0.0
57925,Center Drive,0.0,0.0,0.0,0,(),0.0,0.0
57930,Center Drive,0.0,0.0,0.0,0,(),0.0,0.0
57935,Center Drive,0.0,0.0,0.0,0,(),0.0,0.0
57940,Center Drive,0.0,0.0,0.0,0,(),0.0,0.0
57945,Center Drive,0.0,0.0,0.0,0,(),0.0,0.0
57950,Center Drive,0.0,0.0,0.0,0,(),0.0,0.0
57955,Center Drive,0.0,0.0,0.0,0,(),0.0,0.0
57960,Center Drive,0.0,0.0,0.0,0,(),0.0,0.0
57965,Center Drive,0.0,0.0,0.0,0,(),0.0,0.0
57970,Center Drive,0.0,0.0,0.0,0,(),0.0,0.0
57975,Center Drive,0.0,0.0,0.0,0,(),0.0,0.0
57980,Center Drive,0.0,0.0,0.0,0,(),0.0,0.0
57985,Center Drive,0.0,0.0,0.0,0,(),0.0,0.0
57990,Center Drive,0.0,0.0,0.0,0,(),0.0,0.0
57995,Center Drive,0.0,0.0,0.0,0,(),0.0,0.0
58000,Center Drive,0.0,0.0,0.0,0,(),0.0,0.0
58005,Center Drive,0.0,0.0,0.0,0,(),0.0,0.0
58010,Center Drive,0.0,0.0,0.0,0,(),0.0,0.0
58015,Center Drive,0.0,0.0,0.0,0,(),0.0,0.0
58020,Center Drive,0.0,0.0,0.0,0,(),0.0,0.0
58025,Center Drive,0.0,0.0,0.0,0,(),0.0,0.0
58030,Center Drive,0.0,0.0,0.0,0,(),0.0,0.0
58035,Center Drive,0.0,0.0,0.0,0,(),0.0,0.0
58040,Center Drive,0.0,0.0,0.0,0,(),0.0,0.0
58045,Center Drive,0.0,0.0,0.0,0,(),0.0,0.0
58050,Center Drive,0.0,0.0,0.0,0,(),0.0,0.0
58055,Center Drive,0.0,0.0,0.0,0,(),0.0,0.0
58060,Center Drive,0.0,0.0,0.0,0,(),0.0,0.0
58065,Center Drive,0.0,0.0,0.0,0,(),0.0,0.0
58070,Center Drive,0.0,0.0,0.0,0,(),0.0,0.0
58075,Center Drive,0.0,0.0,0.0,0,(),0.0,0.0
58080,Center Drive,0.0,0.0,0.0,0,(),0.0,0.0
58085,Center Drive,0.0,0.0,0.0,0,(),0.0,0.0
58090,Center Drive,0.0,0.0,0.0,0,(),0.0,0.0
58095,Center Drive,0.0,0.0,0.0,0,(),0.0,0.0
58100,Center Drive,0.0,0.0,0.0,0,(),0.0,0.0
58105,Center Drive,0.0,0.0,0.0,0,(),0.0,0.0
58110,Center Drive,0.0,0.0,0.0,0,(),0.0,0.0
58115,Center Drive,0.0,0.0,0.0,0,(),0.0,0.0
58120,Center Drive,0.0,0.0,0.0,0,(),0.0,0.0
58125,Center Drive,0.0,0.0,0.0,0,(),0.0,0.0
58130,Center Drive,0.0,0.0,0.0,0,(),0.0,0.0
58135,Center Drive,0.0,0.0,0.0,0,(),0.0,0.0
58140,Center Drive,0.0,0.0,0.0,0,(),0.0,0.0
58145,Center Drive,0.0,0.0,0.0,0,(),0.0,0.0
58150,Center Drive,0.0,0.0,0.0,0,(),0.0,0.0
58155,Center Drive,0.0,0.0,0.0,0,(),0.0,0.0
58160,Center Drive,0.0,0.0,0.0,0,(),0.0,0.0
58165,Center Drive,0.0,0.0,0.0,0,(),0.0,0.0
58170,Center Drive,0.0,0.0,0.0,0,(),0.0,0.0
58175,Center Drive,0.0,0.0,0.0,0,(),0.0,0.0
58180,Center Drive,0.0,0.0,0.0,0,(),0.0,0.0
58185,Center Drive,0.0,0.0,0.0,0,(),0.0,0.0
58190,Center Drive,0.0,0.0,0.0,0,(),0.0,0.0
58195,Center Drive,0.0,0.0,0.0,0,(),0.0,0.0
58200,Center Drive,0.0,0.0,0.0,0,(),0.0,0.0
58205,Center Drive,0.0,0.0,0.0,0,(),0.0,0.0
58210,Center Drive,0.0,0.0,0.0,0,(),0.0,0.0
58215,Center Drive,0.0,0.0,0.0,0,(),0.0,0.0
58220,Center Drive,0.0,0.0,0.0,0,(),0.0,0.0
58225,Center Drive,0.0,0.0,0.0,0,(),0.0,0.0
58230,Center Drive,0.0,0.0,0.0,0,(),0.0,0.0
58235,Center Drive,0.0,0.0,0.0,0,(),0.0,0.0
58240,Center Drive,0.0,0.0,0.0,0,(),0.0,0.0
58245,Center Drive,0.0,0.0,0.0,0,(),0.0,0.0
58250,Center Drive,0.0,0.0,0.0,0,(),0.0,0.0
58255,Center Drive,0.0,0.0,0.0,0,(),0.0,0.0
58260,Center Drive,0.0,0.0,0.0,0,(),0.0,0.0
58265,Center Drive,0.0,0.0,0.0,0,(),0.0,0.0
58270,Center Drive,0.0,0.0,0.0,0,(),0.0,0.0
58275,Center Drive,0.0,0.0,0.0,0,(),0.0,0.0
58280,Center Drive,0.0,0.0,0.0,0,(),0.0,0.0
58285,Center Drive,0.0,0.0,0.0,0,(),0.0,0.0
58290,Center Drive,0.0,0.0,0.0,0,(),0.0,0.0
58295,Center Drive,0.0,0.0,0.0,0,(),0.0,0.0
58300,Center Drive,0.0,0.0,0.0,0,(),0.0,0.0
58305,Center Drive,0.0,0.0,0.0,0,(),0.0,0.0
58310,Center Drive,0.0,0.0,0.0,0,(),0.0,0.0
58315,Center Drive,0.0,0.0,0.0,0,(),0.0,0.0
58320,Center Drive,0.0,0.0,0.0,0,(),0.0,0.0
58325,Center Drive,0.0,0.0,0.0,0,(),0.0,0.0
58330,Center Drive,0.0,0.0,0.0,0,(),0.0,0.0
58335,Center Drive,0.0,0.0,0.0,0,(),0.0,0.0
58340,Center Drive,0.0,0.0,0.0,0,(),0.0,0.0
58345,Center Drive,0.0,0.0,0.0,0,(),0.0,0.0
58350,Center Drive,0.0,0.0,0.0,0,(),0.0,0.0
58355,Center Drive,0.0,0.0,0.0,0,(),0.0,0.0
58360,Center Drive,0.0,0.0,0.0,0,(),0.0,0.0
58365,Center Drive,0.0,0.0,0.0,0,(),0.0,0.0
58370,Center Drive,0.0,0.0,0.0,0,(),0.0,0.0
58375,Center Drive,0.0,0.0,0.0,0,(),0.0,0.0
58380,Center Drive,0.0,0.0,0.0,0,(),0.0,0.0
58385,Center Drive,0.0,0.0,0.0,0,(),0.0,0.0
58390,Center Drive,0.0,0.0,0.0,0,(),0.0,0.0
58395,Center Drive,0.0,0.0,0.0,0,(),0.0,0.0
58400,Center Drive,0.0,0.0,0.0,0,(),0.0,0.0
58405,Center Drive,0.0,0.0,0.0,0,(),0.0,0.0
58410,Center Drive,0.0,0.0,0.0,0,(),0.0,0.0
58415,Center Drive,0.0,0.0,0.0,0,(),0.0,0.0
58420,Center Drive,0.0,0.0,0.0,0,(),0.0,0.0
58425,Center Drive,0.0,0.0,0.0,0,(),0.0,0.0
58430,Center Drive,0.0,0.0,0.0,0,(),0.0,0.0
58435,Center Drive,0.0,0.0,0.0,0,(),0.0,0.0
58440,Center Drive,0.0,0.0,0.0,0,(),0.0,0.0
58445,Center Drive,0.0,0.0,0.0,0,(),0.0,0.0
58450,Center Drive,0.0,0.0,0.0,0,(),0.0,0.0
58455,Center Drive,0.0,0.0,0.0,0,(),0.0,0.0
58460,Center Drive,0.0,0.0,0.0,0,(),0.0,0.0
58465,Center Drive,0.0,0.0,0.0,0,(),0.0,0.0
58470,Center Drive,0.0,0.0,0.0,0,(),0.0,0.0
58475,Center Drive,0.0,0.0,0.0,0,(),0.0,0.0
58480,Center Drive,0.0,0.0,0.0,0,(),0.0,0.0
58485,Center Drive,0.0,0.0,0.0,0,(),0.0,0.0
58490,Center Drive,0.0,0.0,0.0,0,(),0.0,0.0
58495,Center Drive,0.0,0.0,0.0,0,(),0.0,0.0
58500,Center Drive,0.0,0.0,0.0,0,(),0.0,0.0
58505,Center Drive,0.0,0.0,0.0,0,(),0.0,0.0
58510,Center Drive,0.0,0.0,0.0,0,(),0.0,0.0
58515,Center Drive,0.0,0.0,0.0,0,(),0.0,0.0
58520,Center Drive,0.0,0.0,0.0,0,(),0.0,0.0
58525,Center Drive,0.0,0.0,0.0,0,(),0.0,0.0
58530,Center Drive,0.0,0.0,0.0,0,(),0.0,0.0
58535,Center Drive,0.0,0.0,0.0,0,(),0.0,0.0
58540,Center Drive,0.0,0.0,0.0,0,(),0.0,0.0
58545,Center Drive,0.0,0.0,0.0,0,(),0.0,0.0
58550,Center Drive,0.0,0.0,0.0,0,(),0.0,0.0
58555,Center Drive,0.0,0.0,0.0,0,(),0.0,0.0
58560,Center Drive,0.0,0.0,0.0,0,(),0.0,0.0
58565,Center Drive,0.0,0.0,0.0,0,(),0.0,0.0
58570,Center Drive,0.0,0.0,0.0,0,(),0.0,0.0
58575,Center Drive,0.0,0.0,0.0,0,(),0.0,0.0
58580,Center Drive,0.0,0.0,0.0,0,(),0.0,0.0
58585,Center Drive,0.0,0.0,0.0,0,(),0.0,0.0
58590,Center Drive,0.0,0.0,0.0,0,(),0.0,0.0
58595,Center Drive,0.0,0.0,0.0,0,(),0.0,0.0
58600,Center Drive,0.0,0.0,0.0,0,(),0.0,0.0
58605,Center Drive,0.0,0.0,0.0,0,(),0.0,0.0
58610,Center Drive,0.0,0.0,0.0,0,(),0.0,0.0
58615,Center Drive,0.0,0.0,0.0,0,(),0.0,0.0
58620,Center Drive,0.0,0.0,0.0,0,(),0.0,0.0
58625,Center Drive,0.0,0.0,0.0,0,(),0.0,0.0
58630,Center Drive,0.0,0.0,0.0,0,(),0.0,0.0
58635,Center Drive,0.0,0.0,0.0,0,(),0.0,0.0
58640,Center Drive,0.0,0.0,0.0,0,(),0.0,0.0
58645,Center Drive,0.0,0.0,0.0,0,(),0.0,0.0
58650,Center Drive,0.0,0.0,0.0,0,(),0.0,0.0
58655,Center Drive,0.0,0.0,0.0,0,(),0.0,0.0
58660,Center Drive,0.0,0.0,0.0,0,(),0.0,0.0
58665,Center Drive,0.0,0.0,0.0,0,(),0.0,0.0
58670,Center Drive,0.0,0.0,0.0,0,(),0.0,0.0
58675,Center Drive,0.0,0.0,0.0,0,(),0.0,0.0
58680,Center Drive,0.0,0.0,0.0,0,(),0.0,0.0
58685,Center Drive,0.0,0.0,0.0,0,(),0.0,0.0
58690,Center Drive,0.0,0.0,0.0,0,(),0.0,0.0
58695,Center Drive,0.0,0.0,0.0,0,(),0.0,0.0
58700,Center Drive,0.0,0.0,0.0,0,(),0.0,0.0
58705,Center Drive,0.0,0.0,0.0,0,(),0.0,0.0
58710,Center Drive,0.0,0.0,0.0,0,(),0.0,0.0
58715,Center Drive,0.0,0.0,0.0,0,(),0.0,0.0
58720,Center Drive,0.0,0.0,0.0,0,(),0.0,0.0
58725,Center Drive,0.0,0.0,0.0,0,(),0.0,0.0
58730,Center Drive,0.0,0.0,0.0,0,(),0.0,0.0
58735,Center Drive,0.0,0.0,0.0,0,(),0.0,0.0
58740,Center Drive,0.0,0.0,0.0,0,(),0.0,0.0
58745,Center Drive,0.0,0.0,0.0,0,(),0.0,0.0
58750,Center Drive,0.0,0.0,0.0,0,(),0.0,0.0
58755,Center Drive,0.0,0.0,0.0,0,(),0.0,0.0
58760,Center Drive,0.0,0.0,0.0,0,(),0.0,0.0
58765,Center Drive,0.0,0.0,0.0,0,(),0.0,0.0
58770,Center Drive,0.0,0.0,0.0,0,(),0.0,0.0
58775,Center Drive,0.0,0.0,0.0,0,(),0.0,0.0
58780,Center Drive,0.0,0.0,0.0,0,(),0.0,0.0
58785,Center Drive,0.0,0.0,0.0,0,(),0.0,0.0
58790,Center Drive,0.0,0.0,0.0,0,(),0.0,0.0
58795,Center Drive,0.0,0.0,0.0,0,(),0.0,0.0
58800,Center Drive,0.0,0.0,0.0,0,(),0.0,0.0
58805,Center Drive,0.0,0.0,0.0,0,(),0.0,0.0
58810,Center Drive,0.0,0.0,0.0,0,(),0.0,0.0
58815,Center Drive,0.0,0.0,0.0,0,(),0.0,0.0
58820,Center Drive,0.0,0.0,0.0,0,(),0.0,0.0
58825,Center Drive,0.0,0.0,0.0,0,(),0.0,0.0
58830,Center Drive,0.0,0.0,0.0,0,(),0.0,0.0
58835,Center Drive,0.0,0.0,0.0,0,(),0.0,0.0
58840,Center Drive,0.0,0.0,0.0,0,(),0.0,0.0
58845,Center Drive,0.0,0.0,0.0,0,(),0.0,0.0
58850,Center Drive,0.0,0.0,0.0,0,(),0.0,0.0
58855,Center Drive,0.0,0.0,0.0,0,(),0.0,0.0
58860,Center Drive,0.0,0.0,0.0,0,(),0.0,0.0
58865,Center Drive,0.0,0.0,0.0,0,(),0.0,0.0
58870,Center Drive,0.0,0.0,0.0,0,(),0.0,0.0
58875,Center Drive,0.0,0.0,0.0,0,(),0.0,0.0
58880,Center Drive,0.0,0.0,0.0,0,(),0.0,0.0
58885,Center Drive,0.0,0.0,0.0,0,(),0.0,0.0
58890,Center Drive,0.0,0.0,0.0,0,(),0.0,0.0
58895,Center Drive,0.0,0.0,0.0,0,(),0.0,0.0
58900,Center Drive,0.0,0.0,0.0,0,(),0.0,0.0
58905,Center Drive,0.0,0.0,0.0,0,(),0.0,0.0
58910,Center Drive,0.0,0.0,0.0,0,(),0.0,0.0
58915,Center Drive,0.0,0.0,0.0,0,(),0.0,0.0
58920,Center Drive,0.0,0.0,0.0,0,(),0.0,0.0
58925,Center Drive,0.0,0.0,0.0,0,(),0.0,0.0
58930,Center Drive,0.0,0.0,0.0,0,(),0.0,0.0
58935,Center Drive,0.0,0.0,0.0,0,(),0.0,0.0
58940,Center Drive,0.0,0.0,0.0,0,(),0.0,0.0
58945,Center Drive,0.0,0.0,0.0,0,(),0.0,0.0
58950,Center Drive,0.0,0.0,0.0,0,(),0.0,0.0
58955,Center Drive,0.0,0.0,0.0,0,(),0.0,0.0
58960,Center Drive,0.0,0.0,0.0,0,(),0.0,0.0
58965,Center Drive,0.0,0.0,0.0,0,(),0.0,0.0
58970,Center Drive,0.0,0.0,0.0,0,(),0.0,0.0
58975,Center Drive,0.0,0.0,0.0,0,(),0.0,0.0
58980,Center Drive,0.0,0.0,0.0,0,(),0.0,0.0
58985,Center Drive,0.0,0.0,0.0,0,(),0.0,0.0
58990,Center Drive,0.0,0.0,0.0,0,(),0.0,0.0
58995,Center Drive,0.0,0.0,0.0,0,(),0.0,0.0
59000,Center Drive,0.0,0.0,0.0,0,(),0.0,0.0
59005,Center Drive,0.0,0.0,0.0,0,(),0.0,0.0
59010,Center Drive,0.0,0.0,0.0,0,(),0.0,0.0
59015,Center Drive,0.0,0.0,0.0,0,(),0.0,0.0
59020,Center Drive,0.0,0.0,0.0,0,(),0.0,0.0
59025,Center Drive,0.0,0.0,0.0,0,(),0.0,0.0
59030,Center Drive,0.0,0.0,0.0,0,(),0.0,0.0
59035,Center Drive,0.0,0.0,0.0,0,(),0.0,0.0
59040,Center Drive,0.0,0.0,0.0,0,(),0.0,0.0
59045,Center Drive,0.0,0.0,0.0,0,(),0.0,0.0
59050,Center Drive,0.0,0.0,0.0,0,(),0.0,0.0
59055,Center Drive,0.0,0.0,0.0,0,(),0.0,0.0
59060,Center Drive,0.0,0.0,0.0,0,(),0.0,0.0
59065,Center Drive,0.0,0.0,0.0,0,(),0.0,0.0
59070,Center Drive,0.0,0.0,0.0,0,(),0.0,0.0
59075,Center Drive,0.0,0.0,0.0,0,(),0.0,0.0
59080,Center Drive,0.0,0.0,0.0,0,(),0.0,0.0
59085,Center Drive,0.0,0.0,0.0,0,(),0.0,0.0
59090,Center Drive,0.0,0.0,0.0,0,(),0.0,0.0
59095,Center Drive,0.0,0.0,0.0,0,(),0.0,0.0
59100,Center Drive,0.0,0.0,0.0,0,(),0.0,0.0
59105,Center Drive,0.0,0.0,0.0,0,(),0.0,0.0
59110,Center Drive,0.0,0.0,0.0,0,(),0.0,0.0
59115,Center Drive,0.0,0.0,0.0,0,(),0.0,0.0
59120,Center Drive,0.0,0.0,0.0,0,(),0.0,0.0
59125,Center Drive,0.0,0.0,0.0,0,(),0.0,0.0
59130,Center Drive,0.0,0.0,0.0,0,(),0.0,0.0
59135,Center Drive,0.0,0.0,0.0,0,(),0.0,0.0
59140,Center Drive,0.0,0.0,0.0,0,(),0.0,0.0
59145,Center Drive,0.0,0.0,0.0,0,(),0.0,0.0
59150,Center Drive,0.0,0.0,0.0,0,(),0.0,0.0
59155,Center Drive,0.0,0.0,0.0,0,(),0.0,0.0
59160,Center Drive,0.0,0.0,0.0,0,(),0.0,0.0
59165,Center Drive,0.0,0.0,0.0,0,(),0.0,0.0
59170,Center Drive,0.0,0.0,0.0,0,(),0.0,0.0
59175,Center Drive,0.0,0.0,0.0,0,(),0.0,0.0
59180,Center Drive,0.0,0.0,0.0,0,(),0.0,0.0
59185,Center Drive,0.0,0.0,0.0,0,(),0.0,0.0
59190,Center Drive,0.0,0.0,0.0,0,(),0.0,0.0
59195,Center Drive,0.0,0.0,0.0,0,(),0.0,0.0
59200,Center Drive,0.0,0.0,0.0,0,(),0.0,0.0
59205,Center Drive,0.0,0.0,0.0,0,(),0.0,0.0
59210,Center Drive,0.0,0.0,0.0,0,(),0.0,0.0
59215,Center Drive,0.0,0.0,0.0,0,(),0.0,0.0
59220,Center Drive,0.0,0.0,0.0,0,(),0.0,0.0
59225,Center Drive,0.0,0.0,0.0,0,(),0.0,0.0
59230,Center Drive,0.0,0.0,0.0,0,(),0.0,0.0
59235,Center Drive,0.0,0.0,0.0,0,(),0.0,0.0
59240,Center Drive,0.0,0.0,0.0,0,(),0.0,0.0
59245,Center Drive,0.0,0.0,0.0,0,(),0.0,0.0
59250,Center Drive,0.0,0.0,0.0,0,(),0.0,0.0
59255,Center Drive,0.0,0.0,0.0,0,(),0.0,0.0
59260,Center Drive,0.0,0.0,0.0,0,(),0.0,0.0
59265,Center Drive,0.0,0.0,0.0,0,(),0.0,0.0
59270,Center Drive,0.0,0.0,0.0,0,(),0.0,0.0
59275,Center Drive,0.0,0.0,0.0,0,(),0.0,0.0
59280,Center Drive,0.0,0.0,0.0,0,(),0.0,0.0
59285,Center Drive,0.0,0.0,0.0,0,(),0.0,0.0
59290,Center Drive,0.0,0.0,0.0,0,(),0.0,0.0
59295,Center Drive,0.0,0.0,0.0,0,(),0.0,0.0
59300,Center Drive,0.0,0.0,0.0,0,(),0.0,0.0
59305,Center Drive,0.0,0.0,0.0,0,(),0.0,0.0
59310,Center Drive,0.0,0.0,0.0,0,(),0.0,0.0
59315,Center Drive,0.0,0.0,0.0,0,(),0.0,0.0
59320,Center Drive,0.0,0.0,0.0,0,(),0.0,0.0
59325,Center Drive,0.0,0.0,0.0,0,(),0.0,0.0
59330,Center Drive,0.0,0.0,0.0,0,(),0.0,0.0
59335,Center Drive,0.0,0.0,0.0,0,(),0.0,0.0
59340,Center Drive,0.0,0.0,0.0,0,(),0.0,0.0
59345,Center Drive,0.0,0.0,0.0,0,(),0.0,0.0
59350,Center Drive,0.0,0.0,0.0,0,(),0.0,0.0
59355,Center Drive,0.0,0.0,0.0,0,(),0.0,0.0
59360,Center Drive,0.0,0.0,0.0,0,(),0.0,0.0
59365,Center Drive,0.0,0.0,0.0,0,(),0.0,0.0
59370,Center Drive,0.0,0.0,0.0,0,(),0.0,0.0
59375,Center Drive,0.0,0.0,0.0,0,(),0.0,0.0
59380,Center Drive,0.0,0.0,0.0,0,(),0.0,0.0
59385,Center Drive,0.0,0.0,0.0,0,(),0.0,0.0
59390,Center Drive,0.0,0.0,0.0,0,(),0.0,0.0
59395,Center Drive,0.0,0.0,0.0,0,(),0.0,0.0
59400,Center Drive,0.0,0.0,0.0,0,(),0.0,0.0
59405,Center Drive,0.0,0.0,0.0,0,(),0.0,0.0
59410,Center Drive,0.0,0.0,0.0,0,(),0.0,0.0
59415,Center Drive,0.0,0.0,0.0,0,(),0.0,0.0
59420,Center Drive,0.0,0.0,0.0,0,(),0.0,0.0
59425,Center Drive,0.0,0.0,0.0,0,(),0.0,0.0
59430,Center Drive,0.0,0.0,0.0,0,(),0.0,0.0
59435,Center Drive,0.0,0.0,0.0,0,(),0.0,0.0
59440,Center Drive,0.0,0.0,0.0,0,(),0.0,0.0
59445,Center Drive,0.0,0.0,0.0,0,(),0.0,0.0
59450,Center Drive,0.0,0.0,0.0,0,(),0.0,0.0
59455,Center Drive,0.0,0.0,0.0,0,(),0.0,0.0
59460,Center Drive,0.0,0.0,0.0,0,(),0.0,0.0
59465,Center Drive,0.0,0.0,0.0,0,(),0.0,0.0
59470,Center Drive,0.0,0.0,0.0,0,(),0.0,0.0
59475,Center Drive,0.0,0.0,0.0,0,(),0.0,0.0
59480,Center Drive,0.0,0.0,0.0,0,(),0.0,0.0
59485,Center Drive,0.0,0.0,0.0,0,(),0.0,0.0
59490,Center Drive,0.0,0.0,0.0,0,(),0.0,0.0
59495,Center Drive,0.0,0.0,0.0,0,(),0.0,0.0
59500,Center Drive,0.0,0.0,0.0,0,(),0.0,0.0
59505,Center Drive,0.0,0.0,0.0,0,(),0.0,0.0
59510,Center Drive,0.0,0.0,0.0,0,(),0.0,0.0
59515,Center Drive,0.0,0.0,0.0,0,(),0.0,0.0
59520,Center Drive,0.0,0.0,0.0,0,(),0.0,0.0
59525,Center Drive,0.0,0.0,0.0,0,(),0.0,0.0
59530,Center Drive,0.0,0.0,0.0,0,(),0.0,0.0
59535,Center Drive,0.0,0.0,0.0,0,(),0.0,0.0
59540,Center Drive,0.0,0.0,0.0,0,(),0.0,0.0
59545,Center Drive,0.0,0.0,0.0,0,(),0.0,0.0
59550,Center Drive,0.0,0.0,0.0,0,(),0.0,0.0
59555,Center Drive,0.0,0.0,0.0,0,(),0.0,0.0
59560,Center Drive,0.0,0.0,0.0,0,(),0.0,0.0
59565,Center Drive,0.0,0.0,0.0,0,(),0.0,0.0
59570,Center Drive,0.0,0.0,0.0,0,(),0.0,0.0
59575,Center Drive,0.0,0.0,0.0,0,(),0.0,0.0
59580,Center Drive,0.0,0.0,0.0,0,(),0.0,0.0
59585,Center Drive,0.0,0.0,0.0,0,(),0.0,0.0
59590,Center Drive,0.0,0.0,0.0,0,(),0.0,0.0
59595,Center Drive,0.0,0.0,0.0,0,(),0.0,0.0
59600,Center Drive,0.0,0.0,0.0,0,(),0.0,0.0
59605,Center Drive,0.0,0.0,0.0,0,(),0.0,0.0
59610,Center Drive,0.0,0.0,0.0,0,(),0.0,0.0
59615,Center Drive,0.0,0.0,0.0,0,(),0.0,0.0
59620,Center Drive,0.0,0.0,0.0,0,(),0.0,0.0
59625,Center Drive,0.0,0.0,0.0,0,(),0.0,0.0
59630,Center Drive,0.0,0.0,0.0,0,(),0.0,0.0
59635,Center Drive,0.0,0.0,0.0,0,(),0.0,0.0
59640,Center Drive,0.0,0.0,0.0,0,(),0.0,0.0
59645,Center Drive,0.0,0.0,0.0,0,(),0.0,0.0
59650,Center Drive,0.0,0.0,0.0,0,(),0.0,0.0
59655,Center Drive,0.0,0.0,0.0,0,(),0.0,0.0
59660,Center Drive,0.0,0.0,0.0,0,(),0.0,0.0
59665,Center Drive,0.0,0.0,0.0,0,(),0.0,0.0
59670,Center Drive,0.0,0.0,0.0,0,(),0.0,0.0
59675,Center Drive,0.0,0.0,0.0,0,(),0.0,0.0
59680,Center Drive,0.0,0.0,0.0,0,(),0.0,0.0
59685,Center Drive,0.0,0.0,0.0,0,(),0.0,0.0
59690,Center Drive,0.0,0.0,0.0,0,(),0.0,0.0
59695,Center Drive,0.0,0.0,0.0,0,(),0.0,0.0
59700,Center Drive,0.0,0.0,0.0,0,(),0.0,0.0
59705,Center Drive,0.0,0.0,0.0,0,(),0.0,0.0
59710,Center Drive,0.0,0.0,0.0,0,(),0.0,0.0
59715,Center Drive,0.0,0.0,0.0,0,(),0.0,0.0
59720,Center Drive,0.0,0.0,0.0,0,(),0.0,0.0
59725,Center Drive,0.0,0.0,0.0,0,(),0.0,0.0
59730,Center Drive,0.0,0.0,0.0,0,(),0.0,0.0
59735,Center Drive,0.0,0.0,0.0,0,(),0.0,0.0
59740,Center Drive,0.0,0.0,0.0,0,(),0.0,0.0
59745,Center Drive,0.0,0.0,0.0,0,(),0.0,0.0
59750,Center Drive,0.0,0.0,0.0,0,(),0.0,0.0
59755,Center Drive,0.0,0.0,0.0,0,(),0.0,0.0
59760,Center Drive,0.0,0.0,0.0,0,(),0.0,0.0
59765,Center Drive,0.0,0.0,0.0,0,(),0.0,0.0
59770,Center Drive,0.0,0.0,0.0,0,(),0.0,0.0
59775,Center Drive,0.0,0.0,0.0,0,(),0.0,0.0
59780,Center Drive,0.0,0.0,0.0,0,(),0.0,0.0
59785,Center Drive,0.0,0.0,0.0,0,(),0.0,0.0
59790,Center Drive,0.0,0.0,0.0,0,(),0.0,0.0
59795,Center Drive,0.0,0.0,0.0,0,(),0.0,0.0
59800,Center Drive,0.0,0.0,0.0,0,(),0.0,0.0
59805,Center Drive,0.0,0.0,0.0,0,(),0.0,0.0
59810,Center Drive,0.0,0.0,0.0,0,(),0.0,0.0
59815,Center Drive,0.0,0.0,0.0,0,(),0.0,0.0
59820,Center Drive,0.0,0.0,0.0,0,(),0.0,0.0
59825,Center Drive,0.0,0.0,0.0,0,(),0.0,0.0
59830,Center Drive,0.0,0.0,0.0,0,(),0.0,0.0
59835,Center Drive,0.0,0.0,0.0,0,(),0.0,0.0
59840,Center Drive,0.0,0.0,0.0,0,(),0.0,0.0
59845,Center Drive,0.0,0.0,0.0,0,(),0.0,0.0
59850,Center Drive,0.0,0.0,0.0,0,(),0.0,0.0
59855,Center Drive,0.0,0.0,0.0,0,(),0.0,0.0
59860,Center Drive,0.0,0.0,0.0,0,(),0.0,0.0
59865,Center Drive,0.0,0.0,0.0,0,(),0.0,0.0
59870,Center Drive,0.0,0.0,0.0,0,(),0.0,0.0
59875,Center Drive,0.0,0.0,0.0,0,(),0.0,0.0
59880,Center Drive,0.0,0.0,0.0,0,(),0.0,0.0
59885,Center Drive,0.0,0.0,0.0,0,(),0.0,0.0
59890,Center Drive,0.0,0.0,0.0,0,(),0.0,0.0
59895,Center Drive,0.0,0.0,0.0,0,(),0.0,0.0
59900,Center Drive,0.0,0.0,0.0,0,(),0.0,0.0
59905,Center Drive,0.0,0.0,0.0,0,(),0.0,0.0
59910,Center Drive,0.0,0.0,0.0,0,(),0.0,0.0
59915,Center Drive,0.0,0.0,0.0,0,(),0.0,0.0
59920,Center Drive,0.0,0.0,0.0,0,(),0.0,0.0
59925,Center Drive,0.0,0.0,0.0,0,(),0.0,0.0
59930,Center Drive,0.0,0.0,0.0,0,(),0.0,0.0
59935,Center Drive,0.0,0.0,0.0,0,(),0.0,0.0
59940,Center Drive,0.0,0.0,0.0,0,(),0.0,0.0
59945,Center Drive,0.0,0.0,0.0,0,(),0.0,0.0
59950,Center Drive,0.0,0.0,0.0,0,(),0.0,0.0
59955,Center Drive,0.0,0.0,0.0,0,(),0.0,0.0
59960,Center Drive,0.0,0.0,0.0,0,(),0.0,0.0
59965,Center Drive,0.0,0.0,0.0,0,(),0.0,0.0
59970,Center Drive,0.0,0.0,0.0,0,(),0.0,0.0
59975,Center Drive,0.0,0.0,0.0,0,(),0.0,0.0
59980,Center Drive,0.0,0.0,0.0,0,(),0.0,0.0
59985,Center Drive,0.0,0.0,0.0,0,(),0.0,0.0
59990,Center Drive,0.0,0.0,0.0,0,(),0.0,0.0
59995,Center Drive,0.0,0.0,0.0,0,(),0.0,0.0
60000,Center Drive,0.0,0.0,0.0,0,(),0.0,0.0
60005,Center Drive,0.0,0.0,0.0,0,(),0.0,0.0
60010,Center Drive,0.0,0.0,0.0,0,(),0.0,0.0
60015,Center Drive,0.0,0.0,0.0,0,(),0.0,0.0
60020,Center Drive,0.0,0.0,0.0,0,(),0.0,0.0
60025,Center Drive,0.0,0.0,0.0,0,(),0.0,0.0
60030,Center Drive,0.0,0.0,0.0,0,(),0.0,0.0
60035,Center Drive,0.0,0.0,0.0,0,(),0.0,0.0
60040,Center Drive,0.0,0.0,0.0,0,(),0.0,0.0
60045,Center Drive,0.0,0.0,0.0,0,(),0.0,0.0
60050,Center Drive,0.0,0.0,0.0,0,(),0.0,0.0
60055,Center Drive,0.0,0.0,0.0,0,(),0.0,0.0
60060,Center Drive,0.0,0.0,0.0,0,(),0.0,0.0
60065,Center Drive,0.0,0.0,0.0,0,(),0.0,0.0
60070,Center Drive,0.0,0.0,0.0,0,(),0.0,0.0
60075,Center Drive,0.0,0.0,0.0,0,(),0.0,0.0
60080,Center Drive,0.0,0.0,0.0,0,(),0.0,0.0
60085,Center Drive,0.0,0.0,0.0,0,(),0.0,0.0
60090,Center Drive,0.0,0.0,0.0,0,(),0.0,0.0
60095,Center Drive,0.0,0.0,0.0,0,(),0.0,0.0
60100,Center Drive,0.0,0.0,0.0,0,(),0.0,0.0
60105,Center Drive,0.0,0.0,0.0,0,(),0.0,0.0
60110,Center Drive,0.0,0.0,0.0,0,(),0.0,0.0
60115,Center Drive,0.0,0.0,0.0,0,(),0.0,0.0
60120,Center Drive,0.0,0.0,0.0,0,(),0.0,0.0
60125,Center Drive,0.0,0.0,0.0,0,(),0.0,0.0
60130,Center Drive,0.0,0.0,0.0,0,(),0.0,0.0
60135,Center Drive,0.0,0.0,0.0,0,(),0.0,0.0
60140,Center Drive,0.0,0.0,0.0,0,(),0.0,0.0
60145,Center Drive,0.0,0.0,0.0,0,(),0.0,0.0
60150,Center Drive,0.0,0.0,0.0,0,(),0.0,0.0
60155,Center Drive,0.0,0.0,0.0,0,(),0.0,0.0
60160,Center Drive,0.0,0.0,0.0,0,(),0.0,0.0
60165,Center Drive,0.0,0.0,0.0,0,(),0.0,0.0
60170,Center Drive,0.0,0.0,0.0,0,(),0.0,0.0
60175,Center Drive,0.0,0.0,0.0,0,(),0.0,0.0
60180,Center Drive,0.0,0.0,0.0,0,(),0.0,0.0
60185,Center Drive,0.0,0.0,0.0,0,(),0.0,0.0
60190,Center Drive,0.0,0.0,0.0,0,(),0.0,0.0
60195,Center Drive,0.0,0.0,0.0,0,(),0.0,0.0
60200,Center Drive,0.0,0.0,0.0,0,(),0.0,0.0
60205,Center Drive,0.0,0.0,0.0,0,(),0.0,0.0
60210,Center Drive,0.0,0.0,0.0,0,(),0.0,0.0
60215,Center Drive,0.0,0.0,0.0,0,(),0.0,0.0
60220,Center Drive,0.0,0.0,0.0,0,(),0.0,0.0
60225,Center Drive,0.0,0.0,0.0,0,(),0.0,0.0
60230,Center Drive,0.0,0.0,0.0,0,(),0.0,0.0
60235,Center Drive,0.0,0.0,0.0,0,(),0.0,0.0
60240,Center Drive,0.0,0.0,0.0,0,(),0.0,0.0
60245,Center Drive,0.0,0.0,0.0,0,(),0.0,0.0
60250,Center Drive,0.0,0.0,0.0,0,(),0.0,0.0
60255,Center Drive,0.0,0.0,0.0,0,(),0.0,0.0
60260,Center Drive,0.0,0.0,0.0,0,(),0.0,0.0
60265,Center Drive,0.0,0.0,0.0,0,(),0.0,0.0
60270,Center Drive,0.0,0.0,0.0,0,(),0.0,0.0
60275,Center Drive,0.0,0.0,0.0,0,(),0.0,0.0
60280,Center Drive,0.0,0.0,0.0,0,(),0.0,0.0
60285,Center Drive,0.0,0.0,0.0,0,(),0.0,0.0
60290,Center Drive,0.0,0.0,0.0,0,(),0.0,0.0
60295,Center Drive,0.0,0.0,0.0,0,(),0.0,0.0
60300,Center Drive,0.0,0.0,0.0,0,(),0.0,0.0
60305,Center Drive,0.0,0.0,0.0,0,(),0.0,0.0
60310,Center Drive,0.0,0.0,0.0,0,(),0.0,0.0
60315,Center Drive,0.0,0.0,0.0,0,(),0.0,0.0
60320,Center Drive,0.0,0.0,0.0,0,(),0.0,0.0
60325,Center Drive,0.0,0.0,0.0,0,(),0.0,0.0
60330,Center Drive,0.0,0.0,0.0,0,(),0.0,0.0
60335,Center Drive,0.0,0.0,0.0,0,(),0.0,0.0
60340,Center Drive,0.0,0.0,0.0,0,(),0.0,0.0
60345,Center Drive,0.0,0.0,0.0,0,(),0.0,0.0
60350,Center Drive,0.0,0.0,0.0,0,(),0.0,0.0
60355,Center Drive,0.0,0.0,0.0,0,(),0.0,0.0
60360,Center Drive,0.0,0.0,0.0,0,(),0.0,0.0
60365,Center Drive,0.0,0.0,0.0,0,(),0.0,0.0
60370,Center Drive,0.0,0.0,0.0,0,(),0.0,0.0
60375,Center Drive,0.0,0.0,0.0,0,(),0.0,0.0
60380,Center Drive,0.0,0.0,0.0,0,(),0.0,0.0
60385,Center Drive,0.0,0.0,0.0,0,(),0.0,0.0
60390,Center Drive,0.0,0.0,0.0,0,(),0.0,0.0
60395,Center Drive,0.0,0.0,0.0,0,(),0.0,0.0
60400,Center Drive,0.0,0.0,0.0,0,(),0.0,0.0
60405,Center Drive,0.0,0.0,0.0,0,(),0.0,0.0
60410,Center Drive,0.0,0.0,0.0,0,(),0.0,0.0
60415,Center Drive,0.0,0.0,0.0,0,(),0.0,0.0
60420,Center Drive,0.0,0.0,0.0,0,(),0.0,0.0
60425,Center Drive,0.0,0.0,0.0,0,(),0.0,0.0
60430,Center Drive,0.0,0.0,0.0,0,(),0.0,0.0
60435,Center Drive,0.0,0.0,0.0,0,(),0.0,0.0
60440,Center Drive,0.0,0.0,0.0,0,(),0.0,0.0
60445,Center Drive,0.0,0.0,0.0,0,(),0.0,0.0
60450,Center Drive,0.0,0.0,0.0,0,(),0.0,0.0
60455,Center Drive,0.0,0.0,0.0,0,(),0.0,0.0
60460,Center Drive,0.0,0.0,0.0,0,(),0.0,0.0
60465,Center Drive,0.0,0.0,0.0,0,(),0.0,0.0
60470,Center Drive,0.0,0.0,0.0,0,(),0.0,0.0
60475,Center Drive,0.0,0.0,0.0,0,(),0.0,0.0
60480,Center Drive,0.0,0.0,0.0,0,(),0.0,0.0
60485,Center Drive,0.0,0.0,0.0,0,(),0.0,0.0
60490,Center Drive,0.0,0.0,0.0,0,(),0.0,0.0
60495,Center Drive,0.0,0.0,0.0,0,(),0.0,0.0
60500,Center Drive,0.0,0.0,0.0,0,(),0.0,0.0
60505,Center Drive,0.0,0.0,0.0,0,(),0.0,0.0
60510,Center Drive,0.0,0.0,0.0,0,(),0.0,0.0
60515,Center Drive,0.0,0.0,0.0,0,(),0.0,0.0
60520,Center Drive,0.0,0.0,0.0,0,(),0.0,0.0
60525,Center Drive,0.0,0.0,0.0,0,(),0.0,0.0
60530,Center Drive,0.0,0.0,0.0,0,(),0.0,0.0
60535,Center Drive,0.0,0.0,0.0,0,(),0.0,0.0
60540,Center Drive,0.0,0.0,0.0,0,(),0.0,0.0
60545,Center Drive,0.0,0.0,0.0,0,(),0.0,0.0
60550,Center Drive,0.0,0.0,0.0,0,(),0.0,0.0
60555,Center Drive,0.0,0.0,0.0,0,(),0.0,0.0
60560,Center Drive,0.0,0.0,0.0,0,(),0.0,0.0
60565,Center Drive,0.0,0.0,0.0,0,(),0.0,0.0
60570,Center Drive,0.0,0.0,0.0,0,(),0.0,0.0
60575,Center Drive,0.0,0.0,0.0,0,(),0.0,0.0
60580,Center Drive,0.0,0.0,0.0,0,(),0.0,0.0
60585,Center Drive,0.0,0.0,0.0,0,(),0.0,0.0
60590,Center Drive,0.0,0.0,0.0,0,(),0.0,0.0
60595,Center Drive,0.0,0.0,0.0,0,(),0.0,0.0
60600,Center Drive,0.0,0.0,0.0,0,(),0.0,0.0
60605,Center Drive,0.0,0.0,0.0,0,(),0.0,0.0
60610,Center Drive,0.0,0.0,0.0,0,(),0.0,0.0
60615,Center Drive,0.0,0.0,0.0,0,(),0.0,0.0
60620,Center Drive,0.0,0.0,0.0,0,(),0.0,0.0
60625,Center Drive,0.0,0.0,0.0,0,(),0.0,0.0
60630,Center Drive,0.0,0.0,0.0,0,(),0.0,0.0
60635,Center Drive,0.0,0.0,0.0,0,(),0.0,0.0
60640,Center Drive,0.0,0.0,0.0,0,(),0.0,0.0
60645,Center Drive,0.0,0.0,0.0,0,(),0.0,0.0
60650,Center Drive,0.0,0.0,0.0,0,(),0.0,0.0
60655,Center Drive,0.0,0.0,0.0,0,(),0.0,0.0
60660,Center Drive,0.0,0.0,0.0,0,(),0.0,0.0
60665,Center Drive,0.0,0.0,0.0,0,(),0.0,0.0
60670,Center Drive,0.0,0.0,0.0,0,(),0.0,0.0
60675,Center Drive,0.0,0.0,0.0,0,(),0.0,0.0
60680,Center Drive,0.0,0.0,0.0,0,(),0.0,0.0
60685,Center Drive,0.0,0.0,0.0,0,(),0.0,0.0
60690,Center Drive,0.0,0.0,0.0,0,(),0.0,0.0
60695,Center Drive,0.0,0.0,0.0,0,(),0.0,0.0
60700,Center Drive,0.0,0.0,0.0,0,(),0.0,0.0
60705,Center Drive,0.0,0.0,0.0,0,(),0.0,0.0
60710,Center Drive,0.0,0.0,0.0,0,(),0.0,0.0
60715,Center Drive,0.0,0.0,0.0,0,(),0.0,0.0
60720,Center Drive,0.0,0.0,0.0,0,(),0.0,0.0
60725,Center Drive,0.0,0.0,0.0,0,(),0.0,0.0
60730,Center Drive,0.0,0.0,0.0,0,(),0.0,0.0
60735,Center Drive,0.0,0.0,0.0,0,(),0.0,0.0
60740,Center Drive,0.0,0.0,0.0,0,(),0.0,0.0
60745,Center Drive,0.0,0.0,0.0,0,(),0.0,0.0
60750,Center Drive,0.0,0.0,0.0,0,(),0.0,0.0
60755,Center Drive,0.0,0.0,0.0,0,(),0.0,0.0
60760,Center Drive,0.0,0.0,0.0,0,(),0.0,0.0
60765,Center Drive,0.0,0.0,0.0,0,(),0.0,0.0
60770,Center Drive,0.0,0.0,0.0,0,(),0.0,0.0
60775,Center Drive,0.0,0.0,0.0,0,(),0.0,0.0
60780,Center Drive,0.0,0.0,0.0,0,(),0.0,0.0
60785,Center Drive,0.0,0.0,0.0,0,(),0.0,0.0
60790,Center Drive,0.0,0.0,0.0,0,(),0.0,0.0
60795,Center Drive,0.0,0.0,0.0,0,(),0.0,0.0
60800,Center Drive,0.0,0.0,0.0,0,(),0.0,0.0
60805,Center Drive,0.0,0.0,0.0,0,(),0.0,0.0
60810,Center Drive,0.0,0.0,0.0,0,(),0.0,0.0
60815,Center Drive,0.0,0.0,0.0,0,(),0.0,0.0
60820,Center Drive,0.0,0.0,0.0,0,(),0.0,0.0
60825,Center Drive,0.0,0.0,0.0,0,(),0.0,0.0
60830,Center Drive,0.0,0.0,0.0,0,(),0.0,0.0
60835,Center Drive,0.0,0.0,0.0,0,(),0.0,0.0
60840,Center Drive,0.0,0.0,0.0,0,(),0.0,0.0
60845,Center Drive,0.0,0.0,0.0,0,(),0.0,0.0
60850,Center Drive,0.0,0.0,0.0,0,(),0.0,0.0
60855,Center Drive,0.0,0.0,0.0,0,(),0.0,0.0
60860,Center Drive,0.0,0.0,0.0,0,(),0.0,0.0
60865,Center Drive,0.0,0.0,0.0,0,(),0.0,0.0
60870,Center Drive,0.0,0.0,0.0,0,(),0.0,0.0
60875,Center Drive,0.0,0.0,0.0,0,(),0.0,0.0
60880,Center Drive,0.0,0.0,0.0,0,(),0.0,0.0
60885,Center Drive,0.0,0.0,0.0,0,(),0.0,0.0
60890,Center Drive,0.0,0.0,0.0,0,(),0.0,0.0
60895,Center Drive,0.0,0.0,0.0,0,(),0.0,0.0
60900,Center Drive,0.0,0.0,0.0,0,(),0.0,0.0
60905,Center Drive,0.0,0.0,0.0,0,(),0.0,0.0
60910,Center Drive,0.0,0.0,0.0,0,(),0.0,0.0
60915,Center Drive,0.0,0.0,0.0,0,(),0.0,0.0
60920,Center Drive,0.0,0.0,0.0,0,(),0.0,0.0
60925,Center Drive,0.0,0.0,0.0,0,(),0.0,0.0
60930,Center Drive,0.0,0.0,0.0,0,(),0.0,0.0
60935,Center Drive,0.0,0.0,0.0,0,(),0.0,0.0
60940,Center Drive,0.0,0.0,0.0,0,(),0.0,0.0
60945,Center Drive,0.0,0.0,0.0,0,(),0.0,0.0
60950,Center Drive,0.0,0.0,0.0,0,(),0.0,0.0
60955,Center Drive,0.0,0.0,0.0,0,(),0.0,0.0
60960,Center Drive,0.0,0.0,0.0,0,(),0.0,0.0
60965,Center Drive,0.0,0.0,0.0,0,(),0.0,0.0
60970,Center Drive,0.0,0.0,0.0,0,(),0.0,0.0
60975,Center Drive,0.0,0.0,0.0,0,(),0.0,0.0
60980,Center Drive,0.0,0.0,0.0,0,(),0.0,0.0
60985,Center Drive,0.0,0.0,0.0,0,(),0.0,0.0
60990,Center Drive,0.0,0.0,0.0,0,(),0.0,0.0
60995,Center Drive,0.0,0.0,0.0,0,(),0.0,0.0
61000,Center Drive,0.0,0.0,0.0,0,(),0.0,0.0
61005,Center Drive,0.0,0.0,0.0,0,(),0.0,0.0
61010,Center Drive,0.0,0.0,0.0,0,(),0.0,0.0
61015,Center Drive,0.0,0.0,0.0,0,(),0.0,0.0
61020,Center Drive,0.0,0.0,0.0,0,(),0.0,0.0
61025,Center Drive,0.0,0.0,0.0,0,(),0.0,0.0
61030,Center Drive,0.0,0.0,0.0,0,(),0.0,0.0
61035,Center Drive,0.0,0.0,0.0,0,(),0.0,0.0
61040,Center Drive,0.0,0.0,0.0,0,(),0.0,0.0
61045,Center Drive,0.0,0.0,0.0,0,(),0.0,0.0
61050,Center Drive,0.0,0.0,0.0,0,(),0.0,0.0
61055,Center Drive,0.0,0.0,0.0,0,(),0.0,0.0
61060,Center Drive,0.0,0.0,0.0,0,(),0.0,0.0
61065,Center Drive,0.0,0.0,0.0,0,(),0.0,0.0
61070,Center Drive,0.0,0.0,0.0,0,(),0.0,0.0
61075,Center Drive,0.0,0.0,0.0,0,(),0.0,0.0
61080,Center Drive,0.0,0.0,0.0,0,(),0.0,0.0
61085,Center Drive,0.0,0.0,0.0,0,(),0.0,0.0
61090,Center Drive,0.0,0.0,0.0,0,(),0.0,0.0
61095,Center Drive,0.0,0.0,0.0,0,(),0.0,0.0
61100,Center Drive,0.0,0.0,0.0,0,(),0.0,0.0
61105,Center Drive,0.0,0.0,0.0,0,(),0.0,0.0
61110,Center Drive,0.0,0.0,0.0,0,(),0.0,0.0
61115,Center Drive,0.0,0.0,0.0,0,(),0.0,0.0
61120,Center Drive,0.0,0.0,0.0,0,(),0.0,0.0
61125,Center Drive,0.0,0.0,0.0,0,(),0.0,0.0
61130,Center Drive,0.0,0.0,0.0,0,(),0.0,0.0
61135,Center Drive,0.0,0.0,0.0,0,(),0.0,0.0
61140,Center Drive,0.0,0.0,0.0,0,(),0.0,0.0
61145,Center Drive,0.0,0.0,0.0,0,(),0.0,0.0
61150,Center Drive,0.0,0.0,0.0,0,(),0.0,0.0
61155,Center Drive,0.0,0.0,0.0,0,(),0.0,0.0
61160,Center Drive,0.0,0.0,0.0,0,(),0.0,0.0
61165,Center Drive,0.0,0.0,0.0,0,(),0.0,0.0
61170,Center Drive,0.0,0.0,0.0,0,(),0.0,0.0
61175,Center Drive,0.0,0.0,0.0,0,(),0.0,0.0
61180,Center Drive,0.0,0.0,0.0,0,(),0.0,0.0
61185,Center Drive,0.0,0.0,0.0,0,(),0.0,0.0
61190,Center Drive,0.0,0.0,0.0,0,(),0.0,0.0
61195,Center Drive,0.0,0.0,0.0,0,(),0.0,0.0
61200,Center Drive,0.0,0.0,0.0,0,(),0.0,0.0
61205,Center Drive,0.0,0.0,0.0,0,(),0.0,0.0
61210,Center Drive,0.0,0.0,0.0,0,(),0.0,0.0
61215,Center Drive,0.0,0.0,0.0,0,(),0.0,0.0
61220,Center Drive,0.0,0.0,0.0,0,(),0.0,0.0
61225,Center Drive,0.0,0.0,0.0,0,(),0.0,0.0
61230,Center Drive,0.0,0.0,0.0,0,(),0.0,0.0
61235,Center Drive,0.0,0.0,0.0,0,(),0.0,0.0
61240,Center Drive,0.0,0.0,0.0,0,(),0.0,0.0
61245,Center Drive,0.0,0.0,0.0,0,(),0.0,0.0
61250,Center Drive,0.0,0.0,0.0,0,(),0.0,0.0
61255,Center Drive,0.0,0.0,0.0,0,(),0.0,0.0
61260,Center Drive,0.0,0.0,0.0,0,(),0.0,0.0
61265,Center Drive,0.0,0.0,0.0,0,(),0.0,0.0
61270,Center Drive,0.0,0.0,0.0,0,(),0.0,0.0
61275,Center Drive,0.0,0.0,0.0,0,(),0.0,0.0
61280,Center Drive,0.0,0.0,0.0,0,(),0.0,0.0
61285,Center Drive,0.0,0.0,0.0,0,(),0.0,0.0
61290,Center Drive,0.0,0.0,0.0,0,(),0.0,0.0
61295,Center Drive,0.0,0.0,0.0,0,(),0.0,0.0
61300,Center Drive,0.0,0.0,0.0,0,(),0.0,0.0
61305,Center Drive,0.0,0.0,0.0,0,(),0.0,0.0
61310,Center Drive,0.0,0.0,0.0,0,(),0.0,0.0
61315,Center Drive,0.0,0.0,0.0,0,(),0.0,0.0
61320,Center Drive,0.0,0.0,0.0,0,(),0.0,0.0
61325,Center Drive,0.0,0.0,0.0,0,(),0.0,0.0
61330,Center Drive,0.0,0.0,0.0,0,(),0.0,0.0
61335,Center Drive,0.0,0.0,0.0,0,(),0.0,0.0
61340,Center Drive,0.0,0.0,0.0,0,(),0.0,0.0
61345,Center Drive,0.0,0.0,0.0,0,(),0.0,0.0
61350,Center Drive,0.0,0.0,0.0,0,(),0.0,0.0
61355,Center Drive,0.0,0.0,0.0,0,(),0.0,0.0
61360,Center Drive,0.0,0.0,0.0,0,(),0.0,0.0
61365,Center Drive,0.0,0.0,0.0,0,(),0.0,0.0
61370,Center Drive,0.0,0.0,0.0,0,(),0.0,0.0
61375,Center Drive,0.0,0.0,0.0,0,(),0.0,0.0
61380,Center Drive,0.0,0.0,0.0,0,(),0.0,0.0
61385,Center Drive,0.0,0.0,0.0,0,(),0.0,0.0
61390,Center Drive,0.0,0.0,0.0,0,(),0.0,0.0
61395,Center Drive,0.0,0.0,0.0,0,(),0.0,0.0
61400,Center Drive,0.0,0.0,0.0,0,(),0.0,0.0
61405,Center Drive,0.0,0.0,0.0,0,(),0.0,0.0
61410,Center Drive,0.0,0.0,0.0,0,(),0.0,0.0
61415,Center Drive,0.0,0.0,0.0,0,(),0.0,0.0
61420,Center Drive,0.0,0.0,0.0,0,(),0.0,0.0
61425,Center Drive,0.0,0.0,0.0,0,(),0.0,0.0
61430,Center Drive,0.0,0.0,0.0,0,(),0.0,0.0
61435,Center Drive,0.0,0.0,0.0,0,(),0.0,0.0
61440,Center Drive,0.0,0.0,0.0,0,(),0.0,0.0
61445,Center Drive,0.0,0.0,0.0,0,(),0.0,0.0
61450,Center Drive,0.0,0.0,0.0,0,(),0.0,0.0
61455,Center Drive,0.0,0.0,0.0,0,(),0.0,0.0
61460,Center Drive,0.0,0.0,0.0,0,(),0.0,0.0
61465,Center Drive,0.0,0.0,0.0,0,(),0.0,0.0
61470,Center Drive,0.0,0.0,0.0,0,(),0.0,0.0
61475,Center Drive,0.0,0.0,0.0,0,(),0.0,0.0
61480,Center Drive,0.0,0.0,0.0,0,(),0.0,0.0
61485,Center Drive,0.0,0.0,0.0,0,(),0.0,0.0
61490,Center Drive,0.0,0.0,0.0,0,(),0.0,0.0
61495,Center Drive,0.0,0.0,0.0,0,(),0.0,0.0
61500,Center Drive,0.0,0.0,0.0,0,(),0.0,0.0
61505,Center Drive,0.0,0.0,0.0,0,(),0.0,0.0
61510,Center Drive,0.0,0.0,0.0,0,(),0.0,0.0
61515,Center Drive,0.0,0.0,0.0,0,(),0.0,0.0
61520,Center Drive,0.0,0.0,0.0,0,(),0.0,0.0
61525,Center Drive,0.0,0.0,0.0,0,(),0.0,0.0
61530,Center Drive,0.0,0.0,0.0,0,(),0.0,0.0
61535,Center Drive,0.0,0.0,0.0,0,(),0.0,0.0
61540,Center Drive,0.0,0.0,0.0,0,(),0.0,0.0
61545,Center Drive,0.0,0.0,0.0,0,(),0.0,0.0
61550,Center Drive,0.0,0.0,0.0,0,(),0.0,0.0
61555,Center Drive,0.0,0.0,0.0,0,(),0.0,0.0
61560,Center Drive,0.0,0.0,0.0,0,(),0.0,0.0
61565,Center Drive,0.0,0.0,0.0,0,(),0.0,0.0
61570,Center Drive,0.0,0.0,0.0,0,(),0.0,0.0
61575,Center Drive,0.0,0.0,0.0,0,(),0.0,0.0
61580,Center Drive,0.0,0.0,0.0,0,(),0.0,0.0
61585,Center Drive,0.0,0.0,0.0,0,(),0.0,0.0
61590,Center Drive,0.0,0.0,0.0,0,(),0.0,0.0
61595,Center Drive,0.0,0.0,0.0,0,(),0.0,0.0
61600,Center Drive,0.0,0.0,0.0,0,(),0.0,0.0
61605,Center Drive,0.0,0.0,0.0,0,(),0.0,0.0
61610,Center Drive,0.0,0.0,0.0,0,(),0.0,0.0
61615,Center Drive,0.0,0.0,0.0,0,(),0.0,0.0
61620,Center Drive,0.0,0.0,0.0,0,(),0.0,0.0
61625,Center Drive,0.0,0.0,0.0,0,(),0.0,0.0
61630,Center Drive,0.0,0.0,0.0,0,(),0.0,0.0
61635,Center Drive,0.0,0.0,0.0,0,(),0.0,0.0
61640,Center Drive,0.0,0.0,0.0,0,(),0.0,0.0
61645,Center Drive,0.0,0.0,0.0,0,(),0.0,0.0
61650,Center Drive,0.0,0.0,0.0,0,(),0.0,0.0
61655,Center Drive,0.0,0.0,0.0,0,(),0.0,0.0
61660,Center Drive,0.0,0.0,0.0,0,(),0.0,0.0
61665,Center Drive,0.0,0.0,0.0,0,(),0.0,0.0
61670,Center Drive,0.0,0.0,0.0,0,(),0.0,0.0
61675,Center Drive,0.0,0.0,0.0,0,(),0.0,0.0
61680,Center Drive,0.0,0.0,0.0,0,(),0.0,0.0
61685,Center Drive,0.0,0.0,0.0,0,(),0.0,0.0
61690,Center Drive,0.0,0.0,0.0,0,(),0.0,0.0
61695,Center Drive,0.0,0.0,0.0,0,(),0.0,0.0
61700,Center Drive,0.0,0.0,0.0,0,(),0.0,0.0
61705,Center Drive,0.0,0.0,0.0,0,(),0.0,0.0
61710,Center Drive,0.0,0.0,0.0,0,(),0.0,0.0
61715,Center Drive,0.0,0.0,0.0,0,(),0.0,0.0
61720,Center Drive,0.0,0.0,0.0,0,(),0.0,0.0
61725,Center Drive,0.0,0.0,0.0,0,(),0.0,0.0
61730,Center Drive,0.0,0.0,0.0,0,(),0.0,0.0
61735,Center Drive,0.0,0.0,0.0,0,(),0.0,0.0
61740,Center Drive,0.0,0.0,0.0,0,(),0.0,0.0
61745,Center Drive,0.0,0.0,0.0,0,(),0.0,0.0
61750,Center Drive,0.0,0.0,0.0,0,(),0.0,0.0
61755,Center Drive,0.0,0.0,0.0,0,(),0.0,0.0
61760,Center Drive,0.0,0.0,0.0,0,(),0.0,0.0
61765,Center Drive,0.0,0.0,0.0,0,(),0.0,0.0
61770,Center Drive,0.0,0.0,0.0,0,(),0.0,0.0
61775,Center Drive,0.0,0.0,0.0,0,(),0.0,0.0
61780,Center Drive,0.0,0.0,0.0,0,(),0.0,0.0
61785,Center Drive,0.0,0.0,0.0,0,(),0.0,0.0
61790,Center Drive,0.0,0.0,0.0,0,(),0.0,0.0
61795,Center Drive,0.0,0.0,0.0,0,(),0.0,0.0
61800,Center Drive,0.0,0.0,0.0,0,(),0.0,0.0
61805,Center Drive,0.0,0.0,0.0,0,(),0.0,0.0
61810,Center Drive,0.0,0.0,0.0,0,(),0.0,0.0
61815,Center Drive,0.0,0.0,0.0,0,(),0.0,0.0
61820,Center Drive,0.0,0.0,0.0,0,(),0.0,0.0
61825,Center Drive,0.0,0.0,0.0,0,(),0.0,0.0
61830,Center Drive,0.0,0.0,0.0,0,(),0.0,0.0
61835,Center Drive,0.0,0.0,0.0,0,(),0.0,0.0
61840,Center Drive,0.0,0.0,0.0,0,(),0.0,0.0
61845,Center Drive,0.0,0.0,0.0,0,(),0.0,0.0
61850,Center Drive,0.0,0.0,0.0,0,(),0.0,0.0
61855,Center Drive,0.0,0.0,0.0,0,(),0.0,0.0
61860,Center Drive,0.0,0.0,0.0,0,(),0.0,0.0
61865,Center Drive,0.0,0.0,0.0,0,(),0.0,0.0
61870,Center Drive,0.0,0.0,0.0,0,(),0.0,0.0
61875,Center Drive,0.0,0.0,0.0,0,(),0.0,0.0
61880,Center Drive,0.0,0.0,0.0,0,(),0.0,0.0
61885,Center Drive,0.0,0.0,0.0,0,(),0.0,0.0
61890,Center Drive,0.0,0.0,0.0,0,(),0.0,0.0
61895,Center Drive,0.0,0.0,0.0,0,(),0.0,0.0
61900,Center Drive,0.0,0.0,0.0,0,(),0.0,0.0
61905,Center Drive,0.0,0.0,0.0,0,(),0.0,0.0
61910,Center Drive,0.0,0.0,0.0,0,(),0.0,0.0
61915,Center Drive,0.0,0.0,0.0,0,(),0.0,0.0
61920,Center Drive,0.0,0.0,0.0,0,(),0.0,0.0
61925,Center Drive,0.0,0.0,0.0,0,(),0.0,0.0
61930,Center Drive,0.0,0.0,0.0,0,(),0.0,0.0
61935,Center Drive,0.0,0.0,0.0,0,(),0.0,0.0
61940,Center Drive,0.0,0.0,0.0,0,(),0.0,0.0
61945,Center Drive,0.0,0.0,0.0,0,(),0.0,0.0
61950,Center Drive,0.0,0.0,0.0,0,(),0.0,0.0
61955,Center Drive,0.0,0.0,0.0,0,(),0.0,0.0
61960,Center Drive,0.0,0.0,0.0,0,(),0.0,0.0
61965,Center Drive,0.0,0.0,0.0,0,(),0.0,0.0
61970,Center Drive,0.0,0.0,0.0,0,(),0.0,0.0
61975,Center Drive,0.0,0.0,0.0,0,(),0.0,0.0
61980,Center Drive,0.0,0.0,0.0,0,(),0.0,0.0
61985,Center Drive,0.0,0.0,0.0,0,(),0.0,0.0
61990,Center Drive,0.0,0.0,0.0,0,(),0.0,0.0
61995,Center Drive,0.0,0.0,0.0,0,(),0.0,0.0
62000,Center Drive,0.0,0.0,0.0,0,(),0.0,0.0
62005,Center Drive,0.0,0.0,0.0,0,(),0.0,0.0
62010,Center Drive,0.0,0.0,0.0,0,(),0.0,0.0
62015,Center Drive,0.0,0.0,0.0,0,(),0.0,0.0
62020,Center Drive,0.0,0.0,0.0,0,(),0.0,0.0
62025,Center Drive,0.0,0.0,0.0,0,(),0.0,0.0
62030,Center Drive,0.0,0.0,0.0,0,(),0.0,0.0
62035,Center Drive,0.0,0.0,0.0,0,(),0.0,0.0
62040,Center Drive,0.0,0.0,0.0,0,(),0.0,0.0
62045,Center Drive,0.0,0.0,0.0,0,(),0.0,0.0
62050,Center Drive,0.0,0.0,0.0,0,(),0.0,0.0
62055,Center Drive,0.0,0.0,0.0,0,(),0.0,0.0
62060,Center Drive,0.0,0.0,0.0,0,(),0.0,0.0
62065,Center Drive,0.0,0.0,0.0,0,(),0.0,0.0
62070,Center Drive,0.0,0.0,0.0,0,(),0.0,0.0
62075,Center Drive,0.0,0.0,0.0,0,(),0.0,0.0
62080,Center Drive,0.0,0.0,0.0,0,(),0.0,0.0
62085,Center Drive,0.0,0.0,0.0,0,(),0.0,0.0
62090,Center Drive,0.0,0.0,0.0,0,(),0.0,0.0
62095,Center Drive,0.0,0.0,0.0,0,(),0.0,0.0
62100,Center Drive,0.0,0.0,0.0,0,(),0.0,0.0
62105,Center Drive,0.0,0.0,0.0,0,(),0.0,0.0
62110,Center Drive,0.0,0.0,0.0,0,(),0.0,0.0
62115,Center Drive,0.0,0.0,0.0,0,(),0.0,0.0
62120,Center Drive,0.0,0.0,0.0,0,(),0.0,0.0
62125,Center Drive,0.0,0.0,0.0,0,(),0.0,0.0
62130,Center Drive,0.0,0.0,0.0,0,(),0.0,0.0
62135,Center Drive,0.0,0.0,0.0,0,(),0.0,0.0
62140,Center Drive,0.0,0.0,0.0,0,(),0.0,0.0
62145,Center Drive,0.0,0.0,0.0,0,(),0.0,0.0
62150,Center Drive,0.0,0.0,0.0,0,(),0.0,0.0
62155,Center Drive,0.0,0.0,0.0,0,(),0.0,0.0
62160,Center Drive,0.0,0.0,0.0,0,(),0.0,0.0
62165,Center Drive,0.0,0.0,0.0,0,(),0.0,0.0
62170,Center Drive,0.0,0.0,0.0,0,(),0.0,0.0
62175,Center Drive,0.0,0.0,0.0,0,(),0.0,0.0
62180,Center Drive,0.0,0.0,0.0,0,(),0.0,0.0
62185,Center Drive,0.0,0.0,0.0,0,(),0.0,0.0
62190,Center Drive,0.0,0.0,0.0,0,(),0.0,0.0
62195,Center Drive,0.0,0.0,0.0,0,(),0.0,0.0
62200,Center Drive,0.0,0.0,0.0,0,(),0.0,0.0
62205,Center Drive,0.0,0.0,0.0,0,(),0.0,0.0
62210,Center Drive,0.0,0.0,0.0,0,(),0.0,0.0
62215,Center Drive,0.0,0.0,0.0,0,(),0.0,0.0
62220,Center Drive,0.0,0.0,0.0,0,(),0.0,0.0
62225,Center Drive,0.0,0.0,0.0,0,(),0.0,0.0
62230,Center Drive,0.0,0.0,0.0,0,(),0.0,0.0
62235,Center Drive,0.0,0.0,0.0,0,(),0.0,0.0
62240,Center Drive,0.0,0.0,0.0,0,(),0.0,0.0
62245,Center Drive,0.0,0.0,0.0,0,(),0.0,0.0
62250,Center Drive,0.0,0.0,0.0,0,(),0.0,0.0
62255,Center Drive,0.0,0.0,0.0,0,(),0.0,0.0
62260,Center Drive,0.0,0.0,0.0,0,(),0.0,0.0
62265,Center Drive,0.0,0.0,0.0,0,(),0.0,0.0
62270,Center Drive,0.0,0.0,0.0,0,(),0.0,0.0
62275,Center Drive,0.0,0.0,0.0,0,(),0.0,0.0
62280,Center Drive,0.0,0.0,0.0,0,(),0.0,0.0
62285,Center Drive,0.0,0.0,0.0,0,(),0.0,0.0
62290,Center Drive,0.0,0.0,0.0,0,(),0.0,0.0
62295,Center Drive,0.0,0.0,0.0,0,(),0.0,0.0
62300,Center Drive,0.0,0.0,0.0,0,(),0.0,0.0
62305,Center Drive,0.0,0.0,0.0,0,(),0.0,0.0
62310,Center Drive,0.0,0.0,0.0,0,(),0.0,0.0
62315,Center Drive,0.0,0.0,0.0,0,(),0.0,0.0
62320,Center Drive,0.0,0.0,0.0,0,(),0.0,0.0
62325,Center Drive,0.0,0.0,0.0,0,(),0.0,0.0
62330,Center Drive,0.0,0.0,0.0,0,(),0.0,0.0
62335,Center Drive,0.0,0.0,0.0,0,(),0.0,0.0
62340,Center Drive,0.0,0.0,0.0,0,(),0.0,0.0
62345,Center Drive,0.0,0.0,0.0,0,(),0.0,0.0
62350,Center Drive,0.0,0.0,0.0,0,(),0.0,0.0
62355,Center Drive,0.0,0.0,0.0,0,(),0.0,0.0
62360,Center Drive,0.0,0.0,0.0,0,(),0.0,0.0
62365,Center Drive,0.0,0.0,0.0,0,(),0.0,0.0
62370,Center Drive,0.0,0.0,0.0,0,(),0.0,0.0
62375,Center Drive,0.0,0.0,0.0,0,(),0.0,0.0
62380,Center Drive,0.0,0.0,0.0,0,(),0.0,0.0
62385,Center Drive,0.0,0.0,0.0,0,(),0.0,0.0
62390,Center Drive,0.0,0.0,0.0,0,(),0.0,0.0
62395,Center Drive,0.0,0.0,0.0,0,(),0.0,0.0
62400,Center Drive,0.0,0.0,0.0,0,(),0.0,0.0
62405,Center Drive,0.0,0.0,0.0,0,(),0.0,0.0
62410,Center Drive,0.0,0.0,0.0,0,(),0.0,0.0
62415,Center Drive,0.0,0.0,0.0,0,(),0.0,0.0
62420,Center Drive,0.0,0.0,0.0,0,(),0.0,0.0
62425,Center Drive,0.0,0.0,0.0,0,(),0.0,0.0
62430,Center Drive,0.0,0.0,0.0,0,(),0.0,0.0
62435,Center Drive,0.0,0.0,0.0,0,(),0.0,0.0
62440,Center Drive,0.0,0.0,0.0,0,(),0.0,0.0
62445,Center Drive,0.0,0.0,0.0,0,(),0.0,0.0
62450,Center Drive,0.0,0.0,0.0,0,(),0.0,0.0
62455,Center Drive,0.0,0.0,0.0,0,(),0.0,0.0
62460,Center Drive,0.0,0.0,0.0,0,(),0.0,0.0
62465,Center Drive,0.0,0.0,0.0,0,(),0.0,0.0
62470,Center Drive,0.0,0.0,0.0,0,(),0.0,0.0
62475,Center Drive,0.0,0.0,0.0,0,(),0.0,0.0
62480,Center Drive,0.0,0.0,0.0,0,(),0.0,0.0
62485,Center Drive,0.0,0.0,0.0,0,(),0.0,0.0
62490,Center Drive,0.0,0.0,0.0,0,(),0.0,0.0
62495,Center Drive,0.0,0.0,0.0,0,(),0.0,0.0
62500,Center Drive,0.0,0.0,0.0,0,(),0.0,0.0
62505,Center Drive,0.0,0.0,0.0,0,(),0.0,0.0
62510,Center Drive,0.0,0.0,0.0,0,(),0.0,0.0
62515,Center Drive,0.0,0.0,0.0,0,(),0.0,0.0
62520,Center Drive,0.0,0.0,0.0,0,(),0.0,0.0
62525,Center Drive,0.0,0.0,0.0,0,(),0.0,0.0
62530,Center Drive,0.0,0.0,0.0,0,(),0.0,0.0
62535,Center Drive,0.0,0.0,0.0,0,(),0.0,0.0
62540,Center Drive,0.0,0.0,0.0,0,(),0.0,0.0
62545,Center Drive,0.0,0.0,0.0,0,(),0.0,0.0
62550,Center Drive,0.0,0.0,0.0,0,(),0.0,0.0
62555,Center Drive,0.0,0.0,0.0,0,(),0.0,0.0
62560,Center Drive,0.0,0.0,0.0,0,(),0.0,0.0
62565,Center Drive,0.0,0.0,0.0,0,(),0.0,0.0
62570,Center Drive,0.0,0.0,0.0,0,(),0.0,0.0
62575,Center Drive,0.0,0.0,0.0,0,(),0.0,0.0
62580,Center Drive,0.0,0.0,0.0,0,(),0.0,0.0
62585,Center Drive,0.0,0.0,0.0,0,(),0.0,0.0
62590,Center Drive,0.0,0.0,0.0,0,(),0.0,0.0
62595,Center Drive,0.0,0.0,0.0,0,(),0.0,0.0
62600,Center Drive,0.0,0.0,0.0,0,(),0.0,0.0
62605,Center Drive,0.0,0.0,0.0,0,(),0.0,0.0
62610,Center Drive,0.0,0.0,0.0,0,(),0.0,0.0
62615,Center Drive,0.0,0.0,0.0,0,(),0.0,0.0
62620,Center Drive,0.0,0.0,0.0,0,(),0.0,0.0
62625,Center Drive,0.0,0.0,0.0,0,(),0.0,0.0
62630,Center Drive,0.0,0.0,0.0,0,(),0.0,0.0
62635,Center Drive,0.0,0.0,0.0,0,(),0.0,0.0
62640,Center Drive,0.0,0.0,0.0,0,(),0.0,0.0
62645,Center Drive,0.0,0.0,0.0,0,(),0.0,0.0
62650,Center Drive,0.0,0.0,0.0,0,(),0.0,0.0
62655,Center Drive,0.0,0.0,0.0,0,(),0.0,0.0
62660,Center Drive,0.0,0.0,0.0,0,(),0.0,0.0
62665,Center Drive,0.0,0.0,0.0,0,(),0.0,0.0
62670,Center Drive,0.0,0.0,0.0,0,(),0.0,0.0
62675,Center Drive,0.0,0.0,0.0,0,(),0.0,0.0
62680,Center Drive,0.0,0.0,0.0,0,(),0.0,0.0
62685,Center Drive,0.0,0.0,0.0,0,(),0.0,0.0
62690,Center Drive,0.0,0.0,0.0,0,(),0.0,0.0
62695,Center Drive,0.0,0.0,0.0,0,(),0.0,0.0
62700,Center Drive,0.0,0.0,0.0,0,(),0.0,0.0
62705,Center Drive,0.0,0.0,0.0,0,(),0.0,0.0
62710,Center Drive,0.0,0.0,0.0,0,(),0.0,0.0
62715,Center Drive,0.0,0.0,0.0,0,(),0.0,0.0
62720,Center Drive,0.0,0.0,0.0,0,(),0.0,0.0
62725,Center Drive,0.0,0.0,0.0,0,(),0.0,0.0
62730,Center Drive,0.0,0.0,0.0,0,(),0.0,0.0
62735,Center Drive,0.0,0.0,0.0,0,(),0.0,0.0
62740,Center Drive,0.0,0.0,0.0,0,(),0.0,0.0
62745,Center Drive,0.0,0.0,0.0,0,(),0.0,0.0
62750,Center Drive,0.0,0.0,0.0,0,(),0.0,0.0
62755,Center Drive,0.0,0.0,0.0,0,(),0.0,0.0
62760,Center Drive,0.0,0.0,0.0,0,(),0.0,0.0
62765,Center Drive,0.0,0.0,0.0,0,(),0.0,0.0
62770,Center Drive,0.0,0.0,0.0,0,(),0.0,0.0
62775,Center Drive,0.0,0.0,0.0,0,(),0.0,0.0
62780,Center Drive,0.0,0.0,0.0,0,(),0.0,0.0
62785,Center Drive,0.0,0.0,0.0,0,(),0.0,0.0
62790,Center Drive,0.0,0.0,0.0,0,(),0.0,0.0
62795,Center Drive,0.0,0.0,0.0,0,(),0.0,0.0
62800,Center Drive,0.0,0.0,0.0,0,(),0.0,0.0
62805,Center Drive,0.0,0.0,0.0,0,(),0.0,0.0
62810,Center Drive,0.0,0.0,0.0,0,(),0.0,0.0
62815,Center Drive,0.0,0.0,0.0,0,(),0.0,0.0
62820,Center Drive,0.0,0.0,0.0,0,(),0.0,0.0
62825,Center Drive,0.0,0.0,0.0,0,(),0.0,0.0
62830,Center Drive,0.0,0.0,0.0,0,(),0.0,0.0
62835,Center Drive,0.0,0.0,0.0,0,(),0.0,0.0
62840,Center Drive,0.0,0.0,0.0,0,(),0.0,0.0
62845,Center Drive,0.0,0.0,0.0,0,(),0.0,0.0
62850,Center Drive,0.0,0.0,0.0,0,(),0.0,0.0
62855,Center Drive,0.0,0.0,0.0,0,(),0.0,0.0
62860,Center Drive,0.0,0.0,0.0,0,(),0.0,0.0
62865,Center Drive,0.0,0.0,0.0,0,(),0.0,0.0
62870,Center Drive,0.0,0.0,0.0,0,(),0.0,0.0
62875,Center Drive,0.0,0.0,0.0,0,(),0.0,0.0
62880,Center Drive,0.0,0.0,0.0,0,(),0.0,0.0
62885,Center Drive,0.0,0.0,0.0,0,(),0.0,0.0
62890,Center Drive,0.0,0.0,0.0,0,(),0.0,0.0
62895,Center Drive,0.0,0.0,0.0,0,(),0.0,0.0
62900,Center Drive,0.0,0.0,0.0,0,(),0.0,0.0
62905,Center Drive,0.0,0.0,0.0,0,(),0.0,0.0
62910,Center Drive,0.0,0.0,0.0,0,(),0.0,0.0
62915,Center Drive,0.0,0.0,0.0,0,(),0.0,0.0
62920,Center Drive,0.0,0.0,0.0,0,(),0.0,0.0
62925,Center Drive,0.0,0.0,0.0,0,(),0.0,0.0
62930,Center Drive,0.0,0.0,0.0,0,(),0.0,0.0
62935,Center Drive,0.0,0.0,0.0,0,(),0.0,0.0
62940,Center Drive,0.0,0.0,0.0,0,(),0.0,0.0
62945,Center Drive,0.0,0.0,0.0,0,(),0.0,0.0
62950,Center Drive,0.0,0.0,0.0,0,(),0.0,0.0
62955,Center Drive,0.0,0.0,0.0,0,(),0.0,0.0
62960,Center Drive,0.0,0.0,0.0,0,(),0.0,0.0
62965,Center Drive,0.0,0.0,0.0,0,(),0.0,0.0
62970,Center Drive,0.0,0.0,0.0,0,(),0.0,0.0
62975,Center Drive,0.0,0.0,0.0,0,(),0.0,0.0
62980,Center Drive,0.0,0.0,0.0,0,(),0.0,0.0
62985,Center Drive,0.0,0.0,0.0,0,(),0.0,0.0
62990,Center Drive,0.0,0.0,0.0,0,(),0.0,0.0
62995,Center Drive,0.0,0.0,0.0,0,(),0.0,0.0
63000,Center Drive,0.0,0.0,0.0,0,(),0.0,0.0
63005,Center Drive,0.0,0.0,0.0,0,(),0.0,0.0
63010,Center Drive,0.0,0.0,0.0,0,(),0.0,0.0
63015,Center Drive,0.0,0.0,0.0,0,(),0.0,0.0
63020,Center Drive,0.0,0.0,0.0,0,(),0.0,0.0
63025,Center Drive,0.0,0.0,0.0,0,(),0.0,0.0
63030,Center Drive,0.0,0.0,0.0,0,(),0.0,0.0
63035,Center Drive,0.0,0.0,0.0,0,(),0.0,0.0
63040,Center Drive,0.0,0.0,0.0,0,(),0.0,0.0
63045,Center Drive,0.0,0.0,0.0,0,(),0.0,0.0
63050,Center Drive,0.0,0.0,0.0,0,(),0.0,0.0
63055,Center Drive,0.0,0.0,0.0,0,(),0.0,0.0
63060,Center Drive,0.0,0.0,0.0,0,(),0.0,0.0
63065,Center Drive,0.0,0.0,0.0,0,(),0.0,0.0
63070,Center Drive,0.0,0.0,0.0,0,(),0.0,0.0
63075,Center Drive,0.0,0.0,0.0,0,(),0.0,0.0
63080,Center Drive,0.0,0.0,0.0,0,(),0.0,0.0
63085,Center Drive,0.0,0.0,0.0,0,(),0.0,0.0
63090,Center Drive,0.0,0.0,0.0,0,(),0.0,0.0
63095,Center Drive,0.0,0.0,0.0,0,(),0.0,0.0
63100,Center Drive,0.0,0.0,0.0,0,(),0.0,0.0
63105,Center Drive,0.0,0.0,0.0,0,(),0.0,0.0
63110,Center Drive,0.0,0.0,0.0,0,(),0.0,0.0
63115,Center Drive,0.0,0.0,0.0,0,(),0.0,0.0
63120,Center Drive,0.0,0.0,0.0,0,(),0.0,0.0
63125,Center Drive,0.0,0.0,0.0,0,(),0.0,0.0
63130,Center Drive,0.0,0.0,0.0,0,(),0.0,0.0
63135,Center Drive,0.0,0.0,0.0,0,(),0.0,0.0
63140,Center Drive,0.0,0.0,0.0,0,(),0.0,0.0
63145,Center Drive,0.0,0.0,0.0,0,(),0.0,0.0
63150,Center Drive,0.0,0.0,0.0,0,(),0.0,0.0
63155,Center Drive,0.0,0.0,0.0,0,(),0.0,0.0
63160,Center Drive,0.0,0.0,0.0,0,(),0.0,0.0
63165,Center Drive,0.0,0.0,0.0,0,(),0.0,0.0
63170,Center Drive,0.0,0.0,0.0,0,(),0.0,0.0
63175,Center Drive,0.0,0.0,0.0,0,(),0.0,0.0
63180,Center Drive,0.0,0.0,0.0,0,(),0.0,0.0
63185,Center Drive,0.0,0.0,0.0,0,(),0.0,0.0
63190,Center Drive,0.0,0.0,0.0,0,(),0.0,0.0
63195,Center Drive,0.0,0.0,0.0,0,(),0.0,0.0
63200,Center Drive,0.0,0.0,0.0,0,(),0.0,0.0
63205,Center Drive,0.0,0.0,0.0,0,(),0.0,0.0
63210,Center Drive,0.0,0.0,0.0,0,(),0.0,0.0
63215,Center Drive,0.0,0.0,0.0,0,(),0.0,0.0
63220,Center Drive,0.0,0.0,0.0,0,(),0.0,0.0
63225,Center Drive,0.0,0.0,0.0,0,(),0.0,0.0
63230,Center Drive,0.0,0.0,0.0,0,(),0.0,0.0
63235,Center Drive,0.0,0.0,0.0,0,(),0.0,0.0
63240,Center Drive,0.0,0.0,0.0,0,(),0.0,0.0
63245,Center Drive,0.0,0.0,0.0,0,(),0.0,0.0
63250,Center Drive,0.0,0.0,0.0,0,(),0.0,0.0
63255,Center Drive,0.0,0.0,0.0,0,(),0.0,0.0
63260,Center Drive,0.0,0.0,0.0,0,(),0.0,0.0
63265,Center Drive,0.0,0.0,0.0,0,(),0.0,0.0
63270,Center Drive,0.0,0.0,0.0,0,(),0.0,0.0
63275,Center Drive,0.0,0.0,0.0,0,(),0.0,0.0
63280,Center Drive,0.0,0.0,0.0,0,(),0.0,0.0
63285,Center Drive,0.0,0.0,0.0,0,(),0.0,0.0
63290,Center Drive,0.0,0.0,0.0,0,(),0.0,0.0
63295,Center Drive,0.0,0.0,0.0,0,(),0.0,0.0
63300,Center Drive,0.0,0.0,0.0,0,(),0.0,0.0
63305,Center Drive,0.0,0.0,0.0,0,(),0.0,0.0
63310,Center Drive,0.0,0.0,0.0,0,(),0.0,0.0
63315,Center Drive,0.0,0.0,0.0,0,(),0.0,0.0
63320,Center Drive,0.0,0.0,0.0,0,(),0.0,0.0
63325,Center Drive,0.0,0.0,0.0,0,(),0.0,0.0
63330,Center Drive,0.0,0.0,0.0,0,(),0.0,0.0
63335,Center Drive,0.0,0.0,0.0,0,(),0.0,0.0
63340,Center Drive,0.0,0.0,0.0,0,(),0.0,0.0
63345,Center Drive,0.0,0.0,0.0,0,(),0.0,0.0
63350,Center Drive,0.0,0.0,0.0,0,(),0.0,0.0
63355,Center Drive,0.0,0.0,0.0,0,(),0.0,0.0
63360,Center Drive,0.0,0.0,0.0,0,(),0.0,0.0
63365,Center Drive,0.0,0.0,0.0,0,(),0.0,0.0
63370,Center Drive,0.0,0.0,0.0,0,(),0.0,0.0
63375,Center Drive,0.0,0.0,0.0,0,(),0.0,0.0
63380,Center Drive,0.0,0.0,0.0,0,(),0.0,0.0
63385,Center Drive,0.0,0.0,0.0,0,(),0.0,0.0
63390,Center Drive,0.0,0.0,0.0,0,(),0.0,0.0
63395,Center Drive,0.0,0.0,0.0,0,(),0.0,0.0
63400,Center Drive,0.0,0.0,0.0,0,(),0.0,0.0
63405,Center Drive,0.0,0.0,0.0,0,(),0.0,0.0
63410,Center Drive,0.0,0.0,0.0,0,(),0.0,0.0
63415,Center Drive,0.0,0.0,0.0,0,(),0.0,0.0
63420,Center Drive,0.0,0.0,0.0,0,(),0.0,0.0
63425,Center Drive,0.0,0.0,0.0,0,(),0.0,0.0
63430,Center Drive,0.0,0.0,0.0,0,(),0.0,0.0
63435,Center Drive,0.0,0.0,0.0,0,(),0.0,0.0
63440,Center Drive,0.0,0.0,0.0,0,(),0.0,0.0
63445,Center Drive,0.0,0.0,0.0,0,(),0.0,0.0
63450,Center Drive,0.0,0.0,0.0,0,(),0.0,0.0
63455,Center Drive,0.0,0.0,0.0,0,(),0.0,0.0
63460,Center Drive,0.0,0.0,0.0,0,(),0.0,0.0
63465,Center Drive,0.0,0.0,0.0,0,(),0.0,0.0
63470,Center Drive,0.0,0.0,0.0,0,(),0.0,0.0
63475,Center Drive,0.0,0.0,0.0,0,(),0.0,0.0
63480,Center Drive,0.0,0.0,0.0,0,(),0.0,0.0
63485,Center Drive,0.0,0.0,0.0,0,(),0.0,0.0
63490,Center Drive,0.0,0.0,0.0,0,(),0.0,0.0
63495,Center Drive,0.0,0.0,0.0,0,(),0.0,0.0
63500,Center Drive,0.0,0.0,0.0,0,(),0.0,0.0
63505,Center Drive,0.0,0.0,0.0,0,(),0.0,0.0
63510,Center Drive,0.0,0.0,0.0,0,(),0.0,0.0
63515,Center Drive,0.0,0.0,0.0,0,(),0.0,0.0
63520,Center Drive,0.0,0.0,0.0,0,(),0.0,0.0
63525,Center Drive,0.0,0.0,0.0,0,(),0.0,0.0
63530,Center Drive,0.0,0.0,0.0,0,(),0.0,0.0
63535,Center Drive,0.0,0.0,0.0,0,(),0.0,0.0
63540,Center Drive,0.0,0.0,0.0,0,(),0.0,0.0
63545,Center Drive,0.0,0.0,0.0,0,(),0.0,0.0
63550,Center Drive,0.0,0.0,0.0,0,(),0.0,0.0
63555,Center Drive,0.0,0.0,0.0,0,(),0.0,0.0
63560,Center Drive,0.0,0.0,0.0,0,(),0.0,0.0
63565,Center Drive,0.0,0.0,0.0,0,(),0.0,0.0
63570,Center Drive,0.0,0.0,0.0,0,(),0.0,0.0
63575,Center Drive,0.0,0.0,0.0,0,(),0.0,0.0
63580,Center Drive,0.0,0.0,0.0,0,(),0.0,0.0
63585,Center Drive,0.0,0.0,0.0,0,(),0.0,0.0
63590,Center Drive,0.0,0.0,0.0,0,(),0.0,0.0
63595,Center Drive,0.0,0.0,0.0,0,(),0.0,0.0
63600,Center Drive,0.0,0.0,0.0,0,(),0.0,0.0
63605,Center Drive,0.0,0.0,0.0,0,(),0.0,0.0
63610,Center Drive,0.0,0.0,0.0,0,(),0.0,0.0
63615,Center Drive,0.0,0.0,0.0,0,(),0.0,0.0
63620,Center Drive,0.0,0.0,0.0,0,(),0.0,0.0
63625,Center Drive,0.0,0.0,0.0,0,(),0.0,0.0
63630,Center Drive,0.0,0.0,0.0,0,(),0.0,0.0
63635,Center Drive,0.0,0.0,0.0,0,(),0.0,0.0
63640,Center Drive,0.0,0.0,0.0,0,(),0.0,0.0
63645,Center Drive,0.0,0.0,0.0,0,(),0.0,0.0
63650,Center Drive,0.0,0.0,0.0,0,(),0.0,0.0
63655,Center Drive,0.0,0.0,0.0,0,(),0.0,0.0
63660,Center Drive,0.0,0.0,0.0,0,(),0.0,0.0
63665,Center Drive,0.0,0.0,0.0,0,(),0.0,0.0
63670,Center Drive,0.0,0.0,0.0,0,(),0.0,0.0
63675,Center Drive,0.0,0.0,0.0,0,(),0.0,0.0
63680,Center Drive,0.0,0.0,0.0,0,(),0.0,0.0
63685,Center Drive,0.0,0.0,0.0,0,(),0.0,0.0
63690,Center Drive,0.0,0.0,0.0,0,(),0.0,0.0
63695,Center Drive,0.0,0.0,0.0,0,(),0.0,0.0
63700,Center Drive,0.0,0.0,0.0,0,(),0.0,0.0
63705,Center Drive,0.0,0.0,0.0,0,(),0.0,0.0
63710,Center Drive,0.0,0.0,0.0,0,(),0.0,0.0
63715,Center Drive,0.0,0.0,0.0,0,(),0.0,0.0
63720,Center Drive,0.0,0.0,0.0,0,(),0.0,0.0
63725,Center Drive,0.0,0.0,0.0,0,(),0.0,0.0
63730,Center Drive,0.0,0.0,0.0,0,(),0.0,0.0
63735,Center Drive,0.0,0.0,0.0,0,(),0.0,0.0
63740,Center Drive,0.0,0.0,0.0,0,(),0.0,0.0
63745,Center Drive,0.0,0.0,0.0,0,(),0.0,0.0
63750,Center Drive,0.0,0.0,0.0,0,(),0.0,0.0
63755,Center Drive,0.0,0.0,0.0,0,(),0.0,0.0
63760,Center Drive,0.0,0.0,0.0,0,(),0.0,0.0
63765,Center Drive,0.0,0.0,0.0,0,(),0.0,0.0
63770,Center Drive,0.0,0.0,0.0,0,(),0.0,0.0
63775,Center Drive,0.0,0.0,0.0,0,(),0.0,0.0
63780,Center Drive,0.0,0.0,0.0,0,(),0.0,0.0
63785,Center Drive,0.0,0.0,0.0,0,(),0.0,0.0
63790,Center Drive,0.0,0.0,0.0,0,(),0.0,0.0
63795,Center Drive,0.0,0.0,0.0,0,(),0.0,0.0
63800,Center Drive,0.0,0.0,0.0,0,(),0.0,0.0
63805,Center Drive,0.0,0.0,0.0,0,(),0.0,0.0
63810,Center Drive,0.0,0.0,0.0,0,(),0.0,0.0
63815,Center Drive,0.0,0.0,0.0,0,(),0.0,0.0
63820,Center Drive,0.0,0.0,0.0,0,(),0.0,0.0
63825,Center Drive,0.0,0.0,0.0,0,(),0.0,0.0
63830,Center Drive,0.0,0.0,0.0,0,(),0.0,0.0
63835,Center Drive,0.0,0.0,0.0,0,(),0.0,0.0
63840,Center Drive,0.0,0.0,0.0,0,(),0.0,0.0
63845,Center Drive,0.0,0.0,0.0,0,(),0.0,0.0
63850,Center Drive,0.0,0.0,0.0,0,(),0.0,0.0
63855,Center Drive,0.0,0.0,0.0,0,(),0.0,0.0
63860,Center Drive,0.0,0.0,0.0,0,(),0.0,0.0
63865,Center Drive,0.0,0.0,0.0,0,(),0.0,0.0
63870,Center Drive,0.0,0.0,0.0,0,(),0.0,0.0
63875,Center Drive,0.0,0.0,0.0,0,(),0.0,0.0
63880,Center Drive,0.0,0.0,0.0,0,(),0.0,0.0
63885,Center Drive,0.0,0.0,0.0,0,(),0.0,0.0
63890,Center Drive,0.0,0.0,0.0,0,(),0.0,0.0
63895,Center Drive,0.0,0.0,0.0,0,(),0.0,0.0
63900,Center Drive,0.0,0.0,0.0,0,(),0.0,0.0
63905,Center Drive,0.0,0.0,0.0,0,(),0.0,0.0
63910,Center Drive,0.0,0.0,0.0,0,(),0.0,0.0
63915,Center Drive,0.0,0.0,0.0,0,(),0.0,0.0
63920,Center Drive,0.0,0.0,0.0,0,(),0.0,0.0
63925,Center Drive,0.0,0.0,0.0,0,(),0.0,0.0
63930,Center Drive,0.0,0.0,0.0,0,(),0.0,0.0
63935,Center Drive,0.0,0.0,0.0,0,(),0.0,0.0
63940,Center Drive,0.0,0.0,0.0,0,(),0.0,0.0
63945,Center Drive,0.0,0.0,0.0,0,(),0.0,0.0
63950,Center Drive,0.0,0.0,0.0,0,(),0.0,0.0
63955,Center Drive,0.0,0.0,0.0,0,(),0.0,0.0
63960,Center Drive,0.0,0.0,0.0,0,(),0.0,0.0
63965,Center Drive,0.0,0.0,0.0,0,(),0.0,0.0
63970,Center Drive,0.0,0.0,0.0,0,(),0.0,0.0
63975,Center Drive,0.0,0.0,0.0,0,(),0.0,0.0
63980,Center Drive,0.0,0.0,0.0,0,(),0.0,0.0
63985,Center Drive,0.0,0.0,0.0,0,(),0.0,0.0
63990,Center Drive,0.0,0.0,0.0,0,(),0.0,0.0
63995,Center Drive,0.0,0.0,0.0,0,(),0.0,0.0
64000,Center Drive,0.0,0.0,0.0,0,(),0.0,0.0
64005,Center Drive,0.0,0.0,0.0,0,(),0.0,0.0
64010,Center Drive,0.0,0.0,0.0,0,(),0.0,0.0
64015,Center Drive,0.0,0.0,0.0,0,(),0.0,0.0
64020,Center Drive,0.0,0.0,0.0,0,(),0.0,0.0
64025,Center Drive,0.0,0.0,0.0,0,(),0.0,0.0
64030,Center Drive,0.0,0.0,0.0,0,(),0.0,0.0
64035,Center Drive,0.0,0.0,0.0,0,(),0.0,0.0
64040,Center Drive,0.0,0.0,0.0,0,(),0.0,0.0
64045,Center Drive,0.0,0.0,0.0,0,(),0.0,0.0
64050,Center Drive,0.0,0.0,0.0,0,(),0.0,0.0
64055,Center Drive,0.0,0.0,0.0,0,(),0.0,0.0
64060,Center Drive,0.0,0.0,0.0,0,(),0.0,0.0
64065,Center Drive,0.0,0.0,0.0,0,(),0.0,0.0
64070,Center Drive,0.0,0.0,0.0,0,(),0.0,0.0
64075,Center Drive,0.0,0.0,0.0,0,(),0.0,0.0
64080,Center Drive,0.0,0.0,0.0,0,(),0.0,0.0
64085,Center Drive,0.0,0.0,0.0,0,(),0.0,0.0
64090,Center Drive,0.0,0.0,0.0,0,(),0.0,0.0
64095,Center Drive,0.0,0.0,0.0,0,(),0.0,0.0
64100,Center Drive,0.0,0.0,0.0,0,(),0.0,0.0
64105,Center Drive,0.0,0.0,0.0,0,(),0.0,0.0
64110,Center Drive,0.0,0.0,0.0,0,(),0.0,0.0
64115,Center Drive,0.0,0.0,0.0,0,(),0.0,0.0
64120,Center Drive,0.0,0.0,0.0,0,(),0.0,0.0
64125,Center Drive,0.0,0.0,0.0,0,(),0.0,0.0
64130,Center Drive,0.0,0.0,0.0,0,(),0.0,0.0
64135,Center Drive,0.0,0.0,0.0,0,(),0.0,0.0
64140,Center Drive,0.0,0.0,0.0,0,(),0.0,0.0
64145,Center Drive,0.0,0.0,0.0,0,(),0.0,0.0
64150,Center Drive,0.0,0.0,0.0,0,(),0.0,0.0
64155,Center Drive,0.0,0.0,0.0,0,(),0.0,0.0
64160,Center Drive,0.0,0.0,0.0,0,(),0.0,0.0
64165,Center Drive,0.0,0.0,0.0,0,(),0.0,0.0
64170,Center Drive,0.0,0.0,0.0,0,(),0.0,0.0
64175,Center Drive,0.0,0.0,0.0,0,(),0.0,0.0
64180,Center Drive,0.0,0.0,0.0,0,(),0.0,0.0
64185,Center Drive,0.0,0.0,0.0,0,(),0.0,0.0
64190,Center Drive,0.0,0.0,0.0,0,(),0.0,0.0
64195,Center Drive,0.0,0.0,0.0,0,(),0.0,0.0
64200,Center Drive,0.0,0.0,0.0,0,(),0.0,0.0
64205,Center Drive,0.0,0.0,0.0,0,(),0.0,0.0
64210,Center Drive,0.0,0.0,0.0,0,(),0.0,0.0
64215,Center Drive,0.0,0.0,0.0,0,(),0.0,0.0
64220,Center Drive,0.0,0.0,0.0,0,(),0.0,0.0
64225,Center Drive,0.0,0.0,0.0,0,(),0.0,0.0
64230,Center Drive,0.0,0.0,0.0,0,(),0.0,0.0
64235,Center Drive,0.0,0.0,0.0,0,(),0.0,0.0
64240,Center Drive,0.0,0.0,0.0,0,(),0.0,0.0
64245,Center Drive,0.0,0.0,0.0,0,(),0.0,0.0
64250,Center Drive,0.0,0.0,0.0,0,(),0.0,0.0
64255,Center Drive,0.0,0.0,0.0,0,(),0.0,0.0
64260,Center Drive,0.0,0.0,0.0,0,(),0.0,0.0
64265,Center Drive,0.0,0.0,0.0,0,(),0.0,0.0
64270,Center Drive,0.0,0.0,0.0,0,(),0.0,0.0
64275,Center Drive,0.0,0.0,0.0,0,(),0.0,0.0
64280,Center Drive,0.0,0.0,0.0,0,(),0.0,0.0
64285,Center Drive,0.0,0.0,0.0,0,(),0.0,0.0
64290,Center Drive,0.0,0.0,0.0,0,(),0.0,0.0
64295,Center Drive,0.0,0.0,0.0,0,(),0.0,0.0
64300,Center Drive,0.0,0.0,0.0,0,(),0.0,0.0
64305,Center Drive,0.0,0.0,0.0,0,(),0.0,0.0
64310,Center Drive,0.0,0.0,0.0,0,(),0.0,0.0
64315,Center Drive,0.0,0.0,0.0,0,(),0.0,0.0
64320,Center Drive,0.0,0.0,0.0,0,(),0.0,0.0
64325,Center Drive,0.0,0.0,0.0,0,(),0.0,0.0
64330,Center Drive,0.0,0.0,0.0,0,(),0.0,0.0
64335,Center Drive,0.0,0.0,0.0,0,(),0.0,0.0
64340,Center Drive,0.0,0.0,0.0,0,(),0.0,0.0
64345,Center Drive,0.0,0.0,0.0,0,(),0.0,0.0
64350,Center Drive,0.0,0.0,0.0,0,(),0.0,0.0
64355,Center Drive,0.0,0.0,0.0,0,(),0.0,0.0
64360,Center Drive,0.0,0.0,0.0,0,(),0.0,0.0
64365,Center Drive,0.0,0.0,0.0,0,(),0.0,0.0
64370,Center Drive,0.0,0.0,0.0,0,(),0.0,0.0
64375,Center Drive,0.0,0.0,0.0,0,(),0.0,0.0
64380,Center Drive,0.0,0.0,0.0,0,(),0.0,0.0
64385,Center Drive,0.0,0.0,0.0,0,(),0.0,0.0
64390,Center Drive,0.0,0.0,0.0,0,(),0.0,0.0
64395,Center Drive,0.0,0.0,0.0,0,(),0.0,0.0
64400,Center Drive,0.0,0.0,0.0,0,(),0.0,0.0
64405,Center Drive,0.0,0.0,0.0,0,(),0.0,0.0
64410,Center Drive,0.0,0.0,0.0,0,(),0.0,0.0
64415,Center Drive,0.0,0.0,0.0,0,(),0.0,0.0
64420,Center Drive,0.0,0.0,0.0,0,(),0.0,0.0
64425,Center Drive,0.0,0.0,0.0,0,(),0.0,0.0
64430,Center Drive,0.0,0.0,0.0,0,(),0.0,0.0
64435,Center Drive,0.0,0.0,0.0,0,(),0.0,0.0
64440,Center Drive,0.0,0.0,0.0,0,(),0.0,0.0
64445,Center Drive,0.0,0.0,0.0,0,(),0.0,0.0
64450,Center Drive,0.0,0.0,0.0,0,(),0.0,0.0
64455,Center Drive,0.0,0.0,0.0,0,(),0.0,0.0
64460,Center Drive,0.0,0.0,0.0,0,(),0.0,0.0
64465,Center Drive,0.0,0.0,0.0,0,(),0.0,0.0
64470,Center Drive,0.0,0.0,0.0,0,(),0.0,0.0
64475,Center Drive,0.0,0.0,0.0,0,(),0.0,0.0
64480,Center Drive,0.0,0.0,0.0,0,(),0.0,0.0
64485,Center Drive,0.0,0.0,0.0,0,(),0.0,0.0
64490,Center Drive,0.0,0.0,0.0,0,(),0.0,0.0
64495,Center Drive,0.0,0.0,0.0,0,(),0.0,0.0
64500,Center Drive,0.0,0.0,0.0,0,(),0.0,0.0
64505,Center Drive,0.0,0.0,0.0,0,(),0.0,0.0
64510,Center Drive,0.0,0.0,0.0,0,(),0.0,0.0
64515,Center Drive,0.0,0.0,0.0,0,(),0.0,0.0
64520,Center Drive,0.0,0.0,0.0,0,(),0.0,0.0
64525,Center Drive,0.0,0.0,0.0,0,(),0.0,0.0
64530,Center Drive,0.0,0.0,0.0,0,(),0.0,0.0
64535,Center Drive,0.0,0.0,0.0,0,(),0.0,0.0
64540,Center Drive,0.0,0.0,0.0,0,(),0.0,0.0
64545,Center Drive,0.0,0.0,0.0,0,(),0.0,0.0
64550,Center Drive,0.0,0.0,0.0,0,(),0.0,0.0
64555,Center Drive,0.0,0.0,0.0,0,(),0.0,0.0
64560,Center Drive,0.0,0.0,0.0,0,(),0.0,0.0
64565,Center Drive,0.0,0.0,0.0,0,(),0.0,0.0
64570,Center Drive,0.0,0.0,0.0,0,(),0.0,0.0
64575,Center Drive,0.0,0.0,0.0,0,(),0.0,0.0
64580,Center Drive,0.0,0.0,0.0,0,(),0.0,0.0
64585,Center Drive,0.0,0.0,0.0,0,(),0.0,0.0
64590,Center Drive,0.0,0.0,0.0,0,(),0.0,0.0
64595,Center Drive,0.0,0.0,0.0,0,(),0.0,0.0
64600,Center Drive,0.0,0.0,0.0,0,(),0.0,0.0
64605,Center Drive,0.0,0.0,0.0,0,(),0.0,0.0
64610,Center Drive,0.0,0.0,0.0,0,(),0.0,0.0
64615,Center Drive,0.0,0.0,0.0,0,(),0.0,0.0
64620,Center Drive,0.0,0.0,0.0,0,(),0.0,0.0
64625,Center Drive,0.0,0.0,0.0,0,(),0.0,0.0
64630,Center Drive,0.0,0.0,0.0,0,(),0.0,0.0
64635,Center Drive,0.0,0.0,0.0,0,(),0.0,0.0
64640,Center Drive,0.0,0.0,0.0,0,(),0.0,0.0
64645,Center Drive,0.0,0.0,0.0,0,(),0.0,0.0
64650,Center Drive,0.0,0.0,0.0,0,(),0.0,0.0
64655,Center Drive,0.0,0.0,0.0,0,(),0.0,0.0
64660,Center Drive,0.0,0.0,0.0,0,(),0.0,0.0
64665,Center Drive,0.0,0.0,0.0,0,(),0.0,0.0
64670,Center Drive,0.0,0.0,0.0,0,(),0.0,0.0
64675,Center Drive,0.0,0.0,0.0,0,(),0.0,0.0
64680,Center Drive,0.0,0.0,0.0,0,(),0.0,0.0
64685,Center Drive,0.0,0.0,0.0,0,(),0.0,0.0
64690,Center Drive,0.0,0.0,0.0,0,(),0.0,0.0
64695,Center Drive,0.0,0.0,0.0,0,(),0.0,0.0
64700,Center Drive,0.0,0.0,0.0,0,(),0.0,0.0
64705,Center Drive,0.0,0.0,0.0,0,(),0.0,0.0
64710,Center Drive,0.0,0.0,0.0,0,(),0.0,0.0
64715,Center Drive,0.0,0.0,0.0,0,(),0.0,0.0
64720,Center Drive,0.0,0.0,0.0,0,(),0.0,0.0
64725,Center Drive,0.0,0.0,0.0,0,(),0.0,0.0
64730,Center Drive,0.0,0.0,0.0,0,(),0.0,0.0
64735,Center Drive,0.0,0.0,0.0,0,(),0.0,0.0
64740,Center Drive,0.0,0.0,0.0,0,(),0.0,0.0
64745,Center Drive,0.0,0.0,0.0,0,(),0.0,0.0
64750,Center Drive,0.0,0.0,0.0,0,(),0.0,0.0
64755,Center Drive,0.0,0.0,0.0,0,(),0.0,0.0
64760,Center Drive,0.0,0.0,0.0,0,(),0.0,0.0
64765,Center Drive,0.0,0.0,0.0,0,(),0.0,0.0
64770,Center Drive,0.0,0.0,0.0,0,(),0.0,0.0
64775,Center Drive,0.0,0.0,0.0,0,(),0.0,0.0
64780,Center Drive,0.0,0.0,0.0,0,(),0.0,0.0
64785,Center Drive,0.0,0.0,0.0,0,(),0.0,0.0
64790,Center Drive,0.0,0.0,0.0,0,(),0.0,0.0
64795,Center Drive,0.0,0.0,0.0,0,(),0.0,0.0
64800,Center Drive,0.0,0.0,0.0,0,(),0.0,0.0
64805,Center Drive,0.0,0.0,0.0,0,(),0.0,0.0
64810,Center Drive,0.0,0.0,0.0,0,(),0.0,0.0
64815,Center Drive,0.0,0.0,0.0,0,(),0.0,0.0
64820,Center Drive,0.0,0.0,0.0,0,(),0.0,0.0
64825,Center Drive,0.0,0.0,0.0,0,(),0.0,0.0
64830,Center Drive,0.0,0.0,0.0,0,(),0.0,0.0
64835,Center Drive,0.0,0.0,0.0,0,(),0.0,0.0
64840,Center Drive,0.0,0.0,0.0,0,(),0.0,0.0
64845,Center Drive,0.0,0.0,0.0,0,(),0.0,0.0
64850,Center Drive,0.0,0.0,0.0,0,(),0.0,0.0
64855,Center Drive,0.0,0.0,0.0,0,(),0.0,0.0
64860,Center Drive,0.0,0.0,0.0,0,(),0.0,0.0
64865,Center Drive,0.0,0.0,0.0,0,(),0.0,0.0
64870,Center Drive,0.0,0.0,0.0,0,(),0.0,0.0
64875,Center Drive,0.0,0.0,0.0,0,(),0.0,0.0
64880,Center Drive,0.0,0.0,0.0,0,(),0.0,0.0
64885,Center Drive,0.0,0.0,0.0,0,(),0.0,0.0
64890,Center Drive,0.0,0.0,0.0,0,(),0.0,0.0
64895,Center Drive,0.0,0.0,0.0,0,(),0.0,0.0
64900,Center Drive,0.0,0.0,0.0,0,(),0.0,0.0
64905,Center Drive,0.0,0.0,0.0,0,(),0.0,0.0
64910,Center Drive,0.0,0.0,0.0,0,(),0.0,0.0
64915,Center Drive,0.0,0.0,0.0,0,(),0.0,0.0
64920,Center Drive,0.0,0.0,0.0,0,(),0.0,0.0
64925,Center Drive,0.0,0.0,0.0,0,(),0.0,0.0
64930,Center Drive,0.0,0.0,0.0,0,(),0.0,0.0
64935,Center Drive,0.0,0.0,0.0,0,(),0.0,0.0
64940,Center Drive,0.0,0.0,0.0,0,(),0.0,0.0
64945,Center Drive,0.0,0.0,0.0,0,(),0.0,0.0
64950,Center Drive,0.0,0.0,0.0,0,(),0.0,0.0
64955,Center Drive,0.0,0.0,0.0,0,(),0.0,0.0
64960,Center Drive,0.0,0.0,0.0,0,(),0.0,0.0
64965,Center Drive,0.0,0.0,0.0,0,(),0.0,0.0
64970,Center Drive,0.0,0.0,0.0,0,(),0.0,0.0
64975,Center Drive,0.0,0.0,0.0,0,(),0.0,0.0
64980,Center Drive,0.0,0.0,0.0,0,(),0.0,0.0
64985,Center Drive,0.0,0.0,0.0,0,(),0.0,0.0
64990,Center Drive,0.0,0.0,0.0,0,(),0.0,0.0
64995,Center Drive,0.0,0.0,0.0,0,(),0.0,0.0
65000,Center Drive,0.0,0.0,0.0,0,(),0.0,0.0
65005,Center Drive,0.0,0.0,0.0,0,(),0.0,0.0
65010,Center Drive,0.0,0.0,0.0,0,(),0.0,0.0
65015,Center Drive,0.0,0.0,0.0,0,(),0.0,0.0
65020,Center Drive,0.0,0.0,0.0,0,(),0.0,0.0
65025,Center Drive,0.0,0.0,0.0,0,(),0.0,0.0
65030,Center Drive,0.0,0.0,0.0,0,(),0.0,0.0
65035,Center Drive,0.0,0.0,0.0,0,(),0.0,0.0
65040,Center Drive,0.0,0.0,0.0,0,(),0.0,0.0
65045,Center Drive,0.0,0.0,0.0,0,(),0.0,0.0
65050,Center Drive,0.0,0.0,0.0,0,(),0.0,0.0
65055,Center Drive,0.0,0.0,0.0,0,(),0.0,0.0
65060,Center Drive,0.0,0.0,0.0,0,(),0.0,0.0
65065,Center Drive,0.0,0.0,0.0,0,(),0.0,0.0
65070,Center Drive,0.0,0.0,0.0,0,(),0.0,0.0
65075,Center Drive,0.0,0.0,0.0,0,(),0.0,0.0
65080,Center Drive,0.0,0.0,0.0,0,(),0.0,0.0
65085,Center Drive,0.0,0.0,0.0,0,(),0.0,0.0
65090,Center Drive,0.0,0.0,0.0,0,(),0.0,0.0
65095,Center Drive,0.0,0.0,0.0,0,(),0.0,0.0
65100,Center Drive,0.0,0.0,0.0,0,(),0.0,0.0
65105,Center Drive,0.0,0.0,0.0,0,(),0.0,0.0
65110,Center Drive,0.0,0.0,0.0,0,(),0.0,0.0
65115,Center Drive,0.0,0.0,0.0,0,(),0.0,0.0
65120,Center Drive,0.0,0.0,0.0,0,(),0.0,0.0
65125,Center Drive,0.0,0.0,0.0,0,(),0.0,0.0
65130,Center Drive,0.0,0.0,0.0,0,(),0.0,0.0
65135,Center Drive,0.0,0.0,0.0,0,(),0.0,0.0
65140,Center Drive,0.0,0.0,0.0,0,(),0.0,0.0
65145,Center Drive,0.0,0.0,0.0,0,(),0.0,0.0
65150,Center Drive,0.0,0.0,0.0,0,(),0.0,0.0
65155,Center Drive,0.0,0.0,0.0,0,(),0.0,0.0
65160,Center Drive,0.0,0.0,0.0,0,(),0.0,0.0
65165,Center Drive,0.0,0.0,0.0,0,(),0.0,0.0
65170,Center Drive,0.0,0.0,0.0,0,(),0.0,0.0
65175,Center Drive,0.0,0.0,0.0,0,(),0.0,0.0
65180,Center Drive,0.0,0.0,0.0,0,(),0.0,0.0
65185,Center Drive,0.0,0.0,0.0,0,(),0.0,0.0
65190,Center Drive,0.0,0.0,0.0,0,(),0.0,0.0
65195,Center Drive,0.0,0.0,0.0,0,(),0.0,0.0
65200,Center Drive,0.0,0.0,0.0,0,(),0.0,0.0
65205,Center Drive,0.0,0.0,0.0,0,(),0.0,0.0
65210,Center Drive,0.0,0.0,0.0,0,(),0.0,0.0
65215,Center Drive,0.0,0.0,0.0,0,(),0.0,0.0
65220,Center Drive,0.0,0.0,0.0,0,(),0.0,0.0
65225,Center Drive,0.0,0.0,0.0,0,(),0.0,0.0
65230,Center Drive,0.0,0.0,0.0,0,(),0.0,0.0
65235,Center Drive,0.0,0.0,0.0,0,(),0.0,0.0
65240,Center Drive,0.0,0.0,0.0,0,(),0.0,0.0
65245,Center Drive,0.0,0.0,0.0,0,(),0.0,0.0
65250,Center Drive,0.0,0.0,0.0,0,(),0.0,0.0
65255,Center Drive,0.0,0.0,0.0,0,(),0.0,0.0
65260,Center Drive,0.0,0.0,0.0,0,(),0.0,0.0
65265,Center Drive,0.0,0.0,0.0,0,(),0.0,0.0
65270,Center Drive,0.0,0.0,0.0,0,(),0.0,0.0
65275,Center Drive,0.0,0.0,0.0,0,(),0.0,0.0
65280,Center Drive,0.0,0.0,0.0,0,(),0.0,0.0
65285,Center Drive,0.0,0.0,0.0,0,(),0.0,0.0
65290,Center Drive,0.0,0.0,0.0,0,(),0.0,0.0
65295,Center Drive,0.0,0.0,0.0,0,(),0.0,0.0
65300,Center Drive,0.0,0.0,0.0,0,(),0.0,0.0
65305,Center Drive,0.0,0.0,0.0,0,(),0.0,0.0
65310,Center Drive,0.0,0.0,0.0,0,(),0.0,0.0
65315,Center Drive,0.0,0.0,0.0,0,(),0.0,0.0
65320,Center Drive,0.0,0.0,0.0,0,(),0.0,0.0
65325,Center Drive,0.0,0.0,0.0,0,(),0.0,0.0
65330,Center Drive,0.0,0.0,0.0,0,(),0.0,0.0
65335,Center Drive,0.0,0.0,0.0,0,(),0.0,0.0
65340,Center Drive,0.0,0.0,0.0,0,(),0.0,0.0
65345,Center Drive,0.0,0.0,0.0,0,(),0.0,0.0
65350,Center Drive,0.0,0.0,0.0,0,(),0.0,0.0
65355,Center Drive,0.0,0.0,0.0,0,(),0.0,0.0
65360,Center Drive,0.0,0.0,0.0,0,(),0.0,0.0
65365,Center Drive,0.0,0.0,0.0,0,(),0.0,0.0
65370,Center Drive,0.0,0.0,0.0,0,(),0.0,0.0
65375,Center Drive,0.0,0.0,0.0,0,(),0.0,0.0
65380,Center Drive,0.0,0.0,0.0,0,(),0.0,0.0
65385,Center Drive,0.0,0.0,0.0,0,(),0.0,0.0
65390,Center Drive,0.0,0.0,0.0,0,(),0.0,0.0
65395,Center Drive,0.0,0.0,0.0,0,(),0.0,0.0
65400,Center Drive,0.0,0.0,0.0,0,(),0.0,0.0
65405,Center Drive,0.0,0.0,0.0,0,(),0.0,0.0
65410,Center Drive,0.0,0.0,0.0,0,(),0.0,0.0
65415,Center Drive,0.0,0.0,0.0,0,(),0.0,0.0
65420,Center Drive,0.0,0.0,0.0,0,(),0.0,0.0
65425,Center Drive,0.0,0.0,0.0,0,(),0.0,0.0
65430,Center Drive,0.0,0.0,0.0,0,(),0.0,0.0
65435,Center Drive,0.0,0.0,0.0,0,(),0.0,0.0
65440,Center Drive,0.0,0.0,0.0,0,(),0.0,0.0
65445,Center Drive,0.0,0.0,0.0,0,(),0.0,0.0
65450,Center Drive,0.0,0.0,0.0,0,(),0.0,0.0
65455,Center Drive,0.0,0.0,0.0,0,(),0.0,0.0
65460,Center Drive,0.0,0.0,0.0,0,(),0.0,0.0
65465,Center Drive,0.0,0.0,0.0,0,(),0.0,0.0
65470,Center Drive,0.0,0.0,0.0,0,(),0.0,0.0
65475,Center Drive,0.0,0.0,0.0,0,(),0.0,0.0
65480,Center Drive,0.0,0.0,0.0,0,(),0.0,0.0
65485,Center Drive,0.0,0.0,0.0,0,(),0.0,0.0
65490,Center Drive,0.0,0.0,0.0,0,(),0.0,0.0
65495,Center Drive,0.0,0.0,0.0,0,(),0.0,0.0
65500,Center Drive,0.0,0.0,0.0,0,(),0.0,0.0
65505,Center Drive,0.0,0.0,0.0,0,(),0.0,0.0
65510,Center Drive,0.0,0.0,0.0,0,(),0.0,0.0
65515,Center Drive,0.0,0.0,0.0,0,(),0.0,0.0
65520,Center Drive,0.0,0.0,0.0,0,(),0.0,0.0
65525,Center Drive,0.0,0.0,0.0,0,(),0.0,0.0
65530,Center Drive,0.0,0.0,0.0,0,(),0.0,0.0
65535,Center Drive,0.0,0.0,0.0,0,(),0.0,0.0
65540,Center Drive,0.0,0.0,0.0,0,(),0.0,0.0
65545,Center Drive,0.0,0.0,0.0,0,(),0.0,0.0
65550,Center Drive,0.0,0.0,0.0,0,(),0.0,0.0
65555,Center Drive,0.0,0.0,0.0,0,(),0.0,0.0
65560,Center Drive,0.0,0.0,0.0,0,(),0.0,0.0
65565,Center Drive,0.0,0.0,0.0,0,(),0.0,0.0
65570,Center Drive,0.0,0.0,0.0,0,(),0.0,0.0
65575,Center Drive,0.0,0.0,0.0,0,(),0.0,0.0
65580,Center Drive,0.0,0.0,0.0,0,(),0.0,0.0
65585,Center Drive,0.0,0.0,0.0,0,(),0.0,0.0
65590,Center Drive,0.0,0.0,0.0,0,(),0.0,0.0
65595,Center Drive,0.0,0.0,0.0,0,(),0.0,0.0
65600,Center Drive,0.0,0.0,0.0,0,(),0.0,0.0
65605,Center Drive,0.0,0.0,0.0,0,(),0.0,0.0
65610,Center Drive,0.0,0.0,0.0,0,(),0.0,0.0
65615,Center Drive,0.0,0.0,0.0,0,(),0.0,0.0
65620,Center Drive,0.0,0.0,0.0,0,(),0.0,0.0
65625,Center Drive,0.0,0.0,0.0,0,(),0.0,0.0
65630,Center Drive,0.0,0.0,0.0,0,(),0.0,0.0
65635,Center Drive,0.0,0.0,0.0,0,(),0.0,0.0
65640,Center Drive,0.0,0.0,0.0,0,(),0.0,0.0
65645,Center Drive,0.0,0.0,0.0,0,(),0.0,0.0
65650,Center Drive,0.0,0.0,0.0,0,(),0.0,0.0
65655,Center Drive,0.0,0.0,0.0,0,(),0.0,0.0
65660,Center Drive,0.0,0.0,0.0,0,(),0.0,0.0
65665,Center Drive,0.0,0.0,0.0,0,(),0.0,0.0
65670,Center Drive,0.0,0.0,0.0,0,(),0.0,0.0
65675,Center Drive,0.0,0.0,0.0,0,(),0.0,0.0
65680,Center Drive,0.0,0.0,0.0,0,(),0.0,0.0
65685,Center Drive,0.0,0.0,0.0,0,(),0.0,0.0
65690,Center Drive,0.0,0.0,0.0,0,(),0.0,0.0
65695,Center Drive,0.0,0.0,0.0,0,(),0.0,0.0
65700,Center Drive,0.0,0.0,0.0,0,(),0.0,0.0
65705,Center Drive,0.0,0.0,0.0,0,(),0.0,0.0
65710,Center Drive,0.0,0.0,0.0,0,(),0.0,0.0
65715,Center Drive,0.0,0.0,0.0,0,(),0.0,0.0
65720,Center Drive,0.0,0.0,0.0,0,(),0.0,0.0
65725,Center Drive,0.0,0.0,0.0,0,(),0.0,0.0
65730,Center Drive,0.0,0.0,0.0,0,(),0.0,0.0
65735,Center Drive,0.0,0.0,0.0,0,(),0.0,0.0
65740,Center Drive,0.0,0.0,0.0,0,(),0.0,0.0
65745,Center Drive,0.0,0.0,0.0,0,(),0.0,0.0
65750,Center Drive,0.0,0.0,0.0,0,(),0.0,0.0
65755,Center Drive,0.0,0.0,0.0,0,(),0.0,0.0
65760,Center Drive,0.0,0.0,0.0,0,(),0.0,0.0
65765,Center Drive,0.0,0.0,0.0,0,(),0.0,0.0
65770,Center Drive,0.0,0.0,0.0,0,(),0.0,0.0
65775,Center Drive,0.0,0.0,0.0,0,(),0.0,0.0
65780,Center Drive,0.0,0.0,0.0,0,(),0.0,0.0
65785,Center Drive,0.0,0.0,0.0,0,(),0.0,0.0
65790,Center Drive,0.0,0.0,0.0,0,(),0.0,0.0
65795,Center Drive,0.0,0.0,0.0,0,(),0.0,0.0
65800,Center Drive,0.0,0.0,0.0,0,(),0.0,0.0
65805,Center Drive,0.0,0.0,0.0,0,(),0.0,0.0
65810,Center Drive,0.0,0.0,0.0,0,(),0.0,0.0
65815,Center Drive,0.0,0.0,0.0,0,(),0.0,0.0
65820,Center Drive,0.0,0.0,0.0,0,(),0.0,0.0
65825,Center Drive,0.0,0.0,0.0,0,(),0.0,0.0
65830,Center Drive,0.0,0.0,0.0,0,(),0.0,0.0
65835,Center Drive,0.0,0.0,0.0,0,(),0.0,0.0
65840,Center Drive,0.0,0.0,0.0,0,(),0.0,0.0
65845,Center Drive,0.0,0.0,0.0,0,(),0.0,0.0
65850,Center Drive,0.0,0.0,0.0,0,(),0.0,0.0
65855,Center Drive,0.0,0.0,0.0,0,(),0.0,0.0
65860,Center Drive,0.0,0.0,0.0,0,(),0.0,0.0
65865,Center Drive,0.0,0.0,0.0,0,(),0.0,0.0
65870,Center Drive,0.0,0.0,0.0,0,(),0.0,0.0
65875,Center Drive,0.0,0.0,0.0,0,(),0.0,0.0
65880,Center Drive,0.0,0.0,0.0,0,(),0.0,0.0
65885,Center Drive,0.0,0.0,0.0,0,(),0.0,0.0
65890,Center Drive,0.0,0.0,0.0,0,(),0.0,0.0
65895,Center Drive,0.0,0.0,0.0,0,(),0.0,0.0
65900,Center Drive,0.0,0.0,0.0,0,(),0.0,0.0
65905,Center Drive,0.0,0.0,0.0,0,(),0.0,0.0
65910,Center Drive,0.0,0.0,0.0,0,(),0.0,0.0
65915,Center Drive,0.0,0.0,0.0,0,(),0.0,0.0
65920,Center Drive,0.0,0.0,0.0,0,(),0.0,0.0
65925,Center Drive,0.0,0.0,0.0,0,(),0.0,0.0
65930,Center Drive,0.0,0.0,0.0,0,(),0.0,0.0
65935,Center Drive,0.0,0.0,0.0,0,(),0.0,0.0
65940,Center Drive,0.0,0.0,0.0,0,(),0.0,0.0
65945,Center Drive,0.0,0.0,0.0,0,(),0.0,0.0
65950,Center Drive,0.0,0.0,0.0,0,(),0.0,0.0
65955,Center Drive,0.0,0.0,0.0,0,(),0.0,0.0
65960,Center Drive,0.0,0.0,0.0,0,(),0.0,0.0
65965,Center Drive,0.0,0.0,0.0,0,(),0.0,0.0
65970,Center Drive,0.0,0.0,0.0,0,(),0.0,0.0
65975,Center Drive,0.0,0.0,0.0,0,(),0.0,0.0
65980,Center Drive,0.0,0.0,0.0,0,(),0.0,0.0
65985,Center Drive,0.0,0.0,0.0,0,(),0.0,0.0
65990,Center Drive,0.0,0.0,0.0,0,(),0.0,0.0
65995,Center Drive,0.0,0.0,0.0,0,(),0.0,0.0
66000,Center Drive,0.0,0.0,0.0,0,(),0.0,0.0
66005,Center Drive,0.0,0.0,0.0,0,(),0.0,0.0
66010,Center Drive,0.0,0.0,0.0,0,(),0.0,0.0
66015,Center Drive,0.0,0.0,0.0,0,(),0.0,0.0
66020,Center Drive,0.0,0.0,0.0,0,(),0.0,0.0
66025,Center Drive,0.0,0.0,0.0,0,(),0.0,0.0
66030,Center Drive,0.0,0.0,0.0,0,(),0.0,0.0
66035,Center Drive,0.0,0.0,0.0,0,(),0.0,0.0
66040,Center Drive,0.0,0.0,0.0,0,(),0.0,0.0
66045,Center Drive,0.0,0.0,0.0,0,(),0.0,0.0
66050,Center Drive,0.0,0.0,0.0,0,(),0.0,0.0
66055,Center Drive,0.0,0.0,0.0,0,(),0.0,0.0
66060,Center Drive,0.0,0.0,0.0,0,(),0.0,0.0
66065,Center Drive,0.0,0.0,0.0,0,(),0.0,0.0
66070,Center Drive,0.0,0.0,0.0,0,(),0.0,0.0
66075,Center Drive,0.0,0.0,0.0,0,(),0.0,0.0
66080,Center Drive,0.0,0.0,0.0,0,(),0.0,0.0
66085,Center Drive,0.0,0.0,0.0,0,(),0.0,0.0
66090,Center Drive,0.0,0.0,0.0,0,(),0.0,0.0
66095,Center Drive,0.0,0.0,0.0,0,(),0.0,0.0
66100,Center Drive,0.0,0.0,0.0,0,(),0.0,0.0
66105,Center Drive,0.0,0.0,0.0,0,(),0.0,0.0
66110,Center Drive,0.0,0.0,0.0,0,(),0.0,0.0
66115,Center Drive,0.0,0.0,0.0,0,(),0.0,0.0
66120,Center Drive,0.0,0.0,0.0,0,(),0.0,0.0
66125,Center Drive,0.0,0.0,0.0,0,(),0.0,0.0
66130,Center Drive,0.0,0.0,0.0,0,(),0.0,0.0
66135,Center Drive,0.0,0.0,0.0,0,(),0.0,0.0
66140,Center Drive,0.0,0.0,0.0,0,(),0.0,0.0
66145,Center Drive,0.0,0.0,0.0,0,(),0.0,0.0
66150,Center Drive,0.0,0.0,0.0,0,(),0.0,0.0
66155,Center Drive,0.0,0.0,0.0,0,(),0.0,0.0
66160,Center Drive,0.0,0.0,0.0,0,(),0.0,0.0
66165,Center Drive,0.0,0.0,0.0,0,(),0.0,0.0
66170,Center Drive,0.0,0.0,0.0,0,(),0.0,0.0
66175,Center Drive,0.0,0.0,0.0,0,(),0.0,0.0
66180,Center Drive,0.0,0.0,0.0,0,(),0.0,0.0
66185,Center Drive,0.0,0.0,0.0,0,(),0.0,0.0
66190,Center Drive,0.0,0.0,0.0,0,(),0.0,0.0
66195,Center Drive,0.0,0.0,0.0,0,(),0.0,0.0
66200,Center Drive,0.0,0.0,0.0,0,(),0.0,0.0
66205,Center Drive,0.0,0.0,0.0,0,(),0.0,0.0
66210,Center Drive,0.0,0.0,0.0,0,(),0.0,0.0
66215,Center Drive,0.0,0.0,0.0,0,(),0.0,0.0
66220,Center Drive,0.0,0.0,0.0,0,(),0.0,0.0
66225,Center Drive,0.0,0.0,0.0,0,(),0.0,0.0
66230,Center Drive,0.0,0.0,0.0,0,(),0.0,0.0
66235,Center Drive,0.0,0.0,0.0,0,(),0.0,0.0
66240,Center Drive,0.0,0.0,0.0,0,(),0.0,0.0
66245,Center Drive,0.0,0.0,0.0,0,(),0.0,0.0
66250,Center Drive,0.0,0.0,0.0,0,(),0.0,0.0
66255,Center Drive,0.0,0.0,0.0,0,(),0.0,0.0
66260,Center Drive,0.0,0.0,0.0,0,(),0.0,0.0
66265,Center Drive,0.0,0.0,0.0,0,(),0.0,0.0
66270,Center Drive,0.0,0.0,0.0,0,(),0.0,0.0
66275,Center Drive,0.0,0.0,0.0,0,(),0.0,0.0
66280,Center Drive,0.0,0.0,0.0,0,(),0.0,0.0
66285,Center Drive,0.0,0.0,0.0,0,(),0.0,0.0
66290,Center Drive,0.0,0.0,0.0,0,(),0.0,0.0
66295,Center Drive,0.0,0.0,0.0,0,(),0.0,0.0
66300,Center Drive,0.0,0.0,0.0,0,(),0.0,0.0
66305,Center Drive,0.0,0.0,0.0,0,(),0.0,0.0
66310,Center Drive,0.0,0.0,0.0,0,(),0.0,0.0
66315,Center Drive,0.0,0.0,0.0,0,(),0.0,0.0
66320,Center Drive,0.0,0.0,0.0,0,(),0.0,0.0
66325,Center Drive,0.0,0.0,0.0,0,(),0.0,0.0
66330,Center Drive,0.0,0.0,0.0,0,(),0.0,0.0
66335,Center Drive,0.0,0.0,0.0,0,(),0.0,0.0
66340,Center Drive,0.0,0.0,0.0,0,(),0.0,0.0
66345,Center Drive,0.0,0.0,0.0,0,(),0.0,0.0
66350,Center Drive,0.0,0.0,0.0,0,(),0.0,0.0
66355,Center Drive,0.0,0.0,0.0,0,(),0.0,0.0
66360,Center Drive,0.0,0.0,0.0,0,(),0.0,0.0
66365,Center Drive,0.0,0.0,0.0,0,(),0.0,0.0
66370,Center Drive,0.0,0.0,0.0,0,(),0.0,0.0
66375,Center Drive,0.0,0.0,0.0,0,(),0.0,0.0
66380,Center Drive,0.0,0.0,0.0,0,(),0.0,0.0
66385,Center Drive,0.0,0.0,0.0,0,(),0.0,0.0
66390,Center Drive,0.0,0.0,0.0,0,(),0.0,0.0
66395,Center Drive,0.0,0.0,0.0,0,(),0.0,0.0
66400,Center Drive,0.0,0.0,0.0,0,(),0.0,0.0
66405,Center Drive,0.0,0.0,0.0,0,(),0.0,0.0
66410,Center Drive,0.0,0.0,0.0,0,(),0.0,0.0
66415,Center Drive,0.0,0.0,0.0,0,(),0.0,0.0
66420,Center Drive,0.0,0.0,0.0,0,(),0.0,0.0
66425,Center Drive,0.0,0.0,0.0,0,(),0.0,0.0
66430,Center Drive,0.0,0.0,0.0,0,(),0.0,0.0
66435,Center Drive,0.0,0.0,0.0,0,(),0.0,0.0
66440,Center Drive,0.0,0.0,0.0,0,(),0.0,0.0
66445,Center Drive,0.0,0.0,0.0,0,(),0.0,0.0
66450,Center Drive,0.0,0.0,0.0,0,(),0.0,0.0
66455,Center Drive,0.0,0.0,0.0,0,(),0.0,0.0
66460,Center Drive,0.0,0.0,0.0,0,(),0.0,0.0
66465,Center Drive,0.0,0.0,0.0,0,(),0.0,0.0
66470,Center Drive,0.0,0.0,0.0,0,(),0.0,0.0
66475,Center Drive,0.0,0.0,0.0,0,(),0.0,0.0
66480,Center Drive,0.0,0.0,0.0,0,(),0.0,0.0
66485,Center Drive,0.0,0.0,0.0,0,(),0.0,0.0
66490,Center Drive,0.0,0.0,0.0,0,(),0.0,0.0
66495,Center Drive,0.0,0.0,0.0,0,(),0.0,0.0
66500,Center Drive,0.0,0.0,0.0,0,(),0.0,0.0
66505,Center Drive,0.0,0.0,0.0,0,(),0.0,0.0
66510,Center Drive,0.0,0.0,0.0,0,(),0.0,0.0
66515,Center Drive,0.0,0.0,0.0,0,(),0.0,0.0
66520,Center Drive,0.0,0.0,0.0,0,(),0.0,0.0
66525,Center Drive,0.0,0.0,0.0,0,(),0.0,0.0
66530,Center Drive,0.0,0.0,0.0,0,(),0.0,0.0
66535,Center Drive,0.0,0.0,0.0,0,(),0.0,0.0
66540,Center Drive,0.0,0.0,0.0,0,(),0.0,0.0
66545,Center Drive,0.0,0.0,0.0,0,(),0.0,0.0
66550,Center Drive,0.0,0.0,0.0,0,(),0.0,0.0
66555,Center Drive,0.0,0.0,0.0,0,(),0.0,0.0
66560,Center Drive,0.0,0.0,0.0,0,(),0.0,0.0
66565,Center Drive,0.0,0.0,0.0,0,(),0.0,0.0
66570,Center Drive,0.0,0.0,0.0,0,(),0.0,0.0
66575,Center Drive,0.0,0.0,0.0,0,(),0.0,0.0
66580,Center Drive,0.0,0.0,0.0,0,(),0.0,0.0
66585,Center Drive,0.0,0.0,0.0,0,(),0.0,0.0
66590,Center Drive,0.0,0.0,0.0,0,(),0.0,0.0
66595,Center Drive,0.0,0.0,0.0,0,(),0.0,0.0
66600,Center Drive,0.0,0.0,0.0,0,(),0.0,0.0
66605,Center Drive,0.0,0.0,0.0,0,(),0.0,0.0
66610,Center Drive,0.0,0.0,0.0,0,(),0.0,0.0
66615,Center Drive,0.0,0.0,0.0,0,(),0.0,0.0
66620,Center Drive,0.0,0.0,0.0,0,(),0.0,0.0
66625,Center Drive,0.0,0.0,0.0,0,(),0.0,0.0
66630,Center Drive,0.0,0.0,0.0,0,(),0.0,0.0
66635,Center Drive,0.0,0.0,0.0,0,(),0.0,0.0
66640,Center Drive,0.0,0.0,0.0,0,(),0.0,0.0
66645,Center Drive,0.0,0.0,0.0,0,(),0.0,0.0
66650,Center Drive,0.0,0.0,0.0,0,(),0.0,0.0
66655,Center Drive,0.0,0.0,0.0,0,(),0.0,0.0
66660,Center Drive,0.0,0.0,0.0,0,(),0.0,0.0
66665,Center Drive,0.0,0.0,0.0,0,(),0.0,0.0
66670,Center Drive,0.0,0.0,0.0,0,(),0.0,0.0
66675,Center Drive,0.0,0.0,0.0,0,(),0.0,0.0
66680,Center Drive,0.0,0.0,0.0,0,(),0.0,0.0
66685,Center Drive,0.0,0.0,0.0,0,(),0.0,0.0
66690,Center Drive,0.0,0.0,0.0,0,(),0.0,0.0
66695,Center Drive,0.0,0.0,0.0,0,(),0.0,0.0
66700,Center Drive,0.0,0.0,0.0,0,(),0.0,0.0
66705,Center Drive,0.0,0.0,0.0,0,(),0.0,0.0
66710,Center Drive,0.0,0.0,0.0,0,(),0.0,0.0
66715,Center Drive,0.0,0.0,0.0,0,(),0.0,0.0
66720,Center Drive,0.0,0.0,0.0,0,(),0.0,0.0
66725,Center Drive,0.0,0.0,0.0,0,(),0.0,0.0
66730,Center Drive,0.0,0.0,0.0,0,(),0.0,0.0
66735,Center Drive,0.0,0.0,0.0,0,(),0.0,0.0
66740,Center Drive,0.0,0.0,0.0,0,(),0.0,0.0
66745,Center Drive,0.0,0.0,0.0,0,(),0.0,0.0
66750,Center Drive,0.0,0.0,0.0,0,(),0.0,0.0
66755,Center Drive,0.0,0.0,0.0,0,(),0.0,0.0
66760,Center Drive,0.0,0.0,0.0,0,(),0.0,0.0
66765,Center Drive,0.0,0.0,0.0,0,(),0.0,0.0
66770,Center Drive,0.0,0.0,0.0,0,(),0.0,0.0
66775,Center Drive,0.0,0.0,0.0,0,(),0.0,0.0
66780,Center Drive,0.0,0.0,0.0,0,(),0.0,0.0
66785,Center Drive,0.0,0.0,0.0,0,(),0.0,0.0
66790,Center Drive,0.0,0.0,0.0,0,(),0.0,0.0
66795,Center Drive,0.0,0.0,0.0,0,(),0.0,0.0
66800,Center Drive,0.0,0.0,0.0,0,(),0.0,0.0
66805,Center Drive,0.0,0.0,0.0,0,(),0.0,0.0
66810,Center Drive,0.0,0.0,0.0,0,(),0.0,0.0
66815,Center Drive,0.0,0.0,0.0,0,(),0.0,0.0
66820,Center Drive,0.0,0.0,0.0,0,(),0.0,0.0
66825,Center Drive,0.0,0.0,0.0,0,(),0.0,0.0
66830,Center Drive,0.0,0.0,0.0,0,(),0.0,0.0
66835,Center Drive,0.0,0.0,0.0,0,(),0.0,0.0
66840,Center Drive,0.0,0.0,0.0,0,(),0.0,0.0
66845,Center Drive,0.0,0.0,0.0,0,(),0.0,0.0
66850,Center Drive,0.0,0.0,0.0,0,(),0.0,0.0
66855,Center Drive,0.0,0.0,0.0,0,(),0.0,0.0
66860,Center Drive,0.0,0.0,0.0,0,(),0.0,0.0
66865,Center Drive,0.0,0.0,0.0,0,(),0.0,0.0
66870,Center Drive,0.0,0.0,0.0,0,(),0.0,0.0
66875,Center Drive,0.0,0.0,0.0,0,(),0.0,0.0
66880,Center Drive,0.0,0.0,0.0,0,(),0.0,0.0
66885,Center Drive,0.0,0.0,0.0,0,(),0.0,0.0
66890,Center Drive,0.0,0.0,0.0,0,(),0.0,0.0
66895,Center Drive,0.0,0.0,0.0,0,(),0.0,0.0
66900,Center Drive,0.0,0.0,0.0,0,(),0.0,0.0
66905,Center Drive,0.0,0.0,0.0,0,(),0.0,0.0
66910,Center Drive,0.0,0.0,0.0,0,(),0.0,0.0
66915,Center Drive,0.0,0.0,0.0,0,(),0.0,0.0
66920,Center Drive,0.0,0.0,0.0,0,(),0.0,0.0
66925,Center Drive,0.0,0.0,0.0,0,(),0.0,0.0
66930,Center Drive,0.0,0.0,0.0,0,(),0.0,0.0
66935,Center Drive,0.0,0.0,0.0,0,(),0.0,0.0
66940,Center Drive,0.0,0.0,0.0,0,(),0.0,0.0
66945,Center Drive,0.0,0.0,0.0,0,(),0.0,0.0
66950,Center Drive,0.0,0.0,0.0,0,(),0.0,0.0
66955,Center Drive,0.0,0.0,0.0,0,(),0.0,0.0
66960,Center Drive,0.0,0.0,0.0,0,(),0.0,0.0
66965,Center Drive,0.0,0.0,0.0,0,(),0.0,0.0
66970,Center Drive,0.0,0.0,0.0,0,(),0.0,0.0
66975,Center Drive,0.0,0.0,0.0,0,(),0.0,0.0
66980,Center Drive,0.0,0.0,0.0,0,(),0.0,0.0
66985,Center Drive,0.0,0.0,0.0,0,(),0.0,0.0
66990,Center Drive,0.0,0.0,0.0,0,(),0.0,0.0
66995,Center Drive,0.0,0.0,0.0,0,(),0.0,0.0
67000,Center Drive,0.0,0.0,0.0,0,(),0.0,0.0
67005,Center Drive,0.0,0.0,0.0,0,(),0.0,0.0
67010,Center Drive,0.0,0.0,0.0,0,(),0.0,0.0
67015,Center Drive,0.0,0.0,0.0,0,(),0.0,0.0
67020,Center Drive,0.0,0.0,0.0,0,(),0.0,0.0
67025,Center Drive,0.0,0.0,0.0,0,(),0.0,0.0
67030,Center Drive,0.0,0.0,0.0,0,(),0.0,0.0
67035,Center Drive,0.0,0.0,0.0,0,(),0.0,0.0
67040,Center Drive,0.0,0.0,0.0,0,(),0.0,0.0
67045,Center Drive,0.0,0.0,0.0,0,(),0.0,0.0
67050,Center Drive,0.0,0.0,0.0,0,(),0.0,0.0
67055,Center Drive,0.0,0.0,0.0,0,(),0.0,0.0
67060,Center Drive,0.0,0.0,0.0,0,(),0.0,0.0
67065,Center Drive,0.0,0.0,0.0,0,(),0.0,0.0
67070,Center Drive,0.0,0.0,0.0,0,(),0.0,0.0
67075,Center Drive,0.0,0.0,0.0,0,(),0.0,0.0
67080,Center Drive,0.0,0.0,0.0,0,(),0.0,0.0
67085,Center Drive,0.0,0.0,0.0,0,(),0.0,0.0
67090,Center Drive,0.0,0.0,0.0,0,(),0.0,0.0
67095,Center Drive,0.0,0.0,0.0,0,(),0.0,0.0
67100,Center Drive,0.0,0.0,0.0,0,(),0.0,0.0
67105,Center Drive,0.0,0.0,0.0,0,(),0.0,0.0
67110,Center Drive,0.0,0.0,0.0,0,(),0.0,0.0
67115,Center Drive,0.0,0.0,0.0,0,(),0.0,0.0
67120,Center Drive,0.0,0.0,0.0,0,(),0.0,0.0
67125,Center Drive,0.0,0.0,0.0,0,(),0.0,0.0
67130,Center Drive,0.0,0.0,0.0,0,(),0.0,0.0
67135,Center Drive,0.0,0.0,0.0,0,(),0.0,0.0
67140,Center Drive,0.0,0.0,0.0,0,(),0.0,0.0
67145,Center Drive,0.0,0.0,0.0,0,(),0.0,0.0
67150,Center Drive,0.0,0.0,0.0,0,(),0.0,0.0
67155,Center Drive,0.0,0.0,0.0,0,(),0.0,0.0
67160,Center Drive,0.0,0.0,0.0,0,(),0.0,0.0
67165,Center Drive,0.0,0.0,0.0,0,(),0.0,0.0
67170,Center Drive,0.0,0.0,0.0,0,(),0.0,0.0
67175,Center Drive,0.0,0.0,0.0,0,(),0.0,0.0
67180,Center Drive,0.0,0.0,0.0,0,(),0.0,0.0
67185,Center Drive,0.0,0.0,0.0,0,(),0.0,0.0
67190,Center Drive,0.0,0.0,0.0,0,(),0.0,0.0
67195,Center Drive,0.0,0.0,0.0,0,(),0.0,0.0
67200,Center Drive,0.0,0.0,0.0,0,(),0.0,0.0
67205,Center Drive,0.0,0.0,0.0,0,(),0.0,0.0
67210,Center Drive,0.0,0.0,0.0,0,(),0.0,0.0
67215,Center Drive,0.0,0.0,0.0,0,(),0.0,0.0
67220,Center Drive,0.0,0.0,0.0,0,(),0.0,0.0
67225,Center Drive,0.0,0.0,0.0,0,(),0.0,0.0
67230,Center Drive,0.0,0.0,0.0,0,(),0.0,0.0
67235,Center Drive,0.0,0.0,0.0,0,(),0.0,0.0
67240,Center Drive,0.0,0.0,0.0,0,(),0.0,0.0
67245,Center Drive,0.0,0.0,0.0,0,(),0.0,0.0
67250,Center Drive,0.0,0.0,0.0,0,(),0.0,0.0
67255,Center Drive,0.0,0.0,0.0,0,(),0.0,0.0
67260,Center Drive,0.0,0.0,0.0,0,(),0.0,0.0
67265,Center Drive,0.0,0.0,0.0,0,(),0.0,0.0
67270,Center Drive,0.0,0.0,0.0,0,(),0.0,0.0
67275,Center Drive,0.0,0.0,0.0,0,(),0.0,0.0
67280,Center Drive,0.0,0.0,0.0,0,(),0.0,0.0
67285,Center Drive,0.0,0.0,0.0,0,(),0.0,0.0
67290,Center Drive,0.0,0.0,0.0,0,(),0.0,0.0
67295,Center Drive,0.0,0.0,0.0,0,(),0.0,0.0
67300,Center Drive,0.0,0.0,0.0,0,(),0.0,0.0
67305,Center Drive,0.0,0.0,0.0,0,(),0.0,0.0
67310,Center Drive,0.0,0.0,0.0,0,(),0.0,0.0
67315,Center Drive,0.0,0.0,0.0,0,(),0.0,0.0
67320,Center Drive,0.0,0.0,0.0,0,(),0.0,0.0
67325,Center Drive,0.0,0.0,0.0,0,(),0.0,0.0
67330,Center Drive,0.0,0.0,0.0,0,(),0.0,0.0
67335,Center Drive,0.0,0.0,0.0,0,(),0.0,0.0
67340,Center Drive,0.0,0.0,0.0,0,(),0.0,0.0
67345,Center Drive,0.0,0.0,0.0,0,(),0.0,0.0
67350,Center Drive,0.0,0.0,0.0,0,(),0.0,0.0
67355,Center Drive,0.0,0.0,0.0,0,(),0.0,0.0
67360,Center Drive,0.0,0.0,0.0,0,(),0.0,0.0
67365,Center Drive,0.0,0.0,0.0,0,(),0.0,0.0
67370,Center Drive,0.0,0.0,0.0,0,(),0.0,0.0
67375,Center Drive,0.0,0.0,0.0,0,(),0.0,0.0
67380,Center Drive,0.0,0.0,0.0,0,(),0.0,0.0
67385,Center Drive,0.0,0.0,0.0,0,(),0.0,0.0
67390,Center Drive,0.0,0.0,0.0,0,(),0.0,0.0
67395,Center Drive,0.0,0.0,0.0,0,(),0.0,0.0
67400,Center Drive,0.0,0.0,0.0,0,(),0.0,0.0
67405,Center Drive,0.0,0.0,0.0,0,(),0.0,0.0
67410,Center Drive,0.0,0.0,0.0,0,(),0.0,0.0
67415,Center Drive,0.0,0.0,0.0,0,(),0.0,0.0
67420,Center Drive,0.0,0.0,0.0,0,(),0.0,0.0
67425,Center Drive,0.0,0.0,0.0,0,(),0.0,0.0
67430,Center Drive,0.0,0.0,0.0,0,(),0.0,0.0
67435,Center Drive,0.0,0.0,0.0,0,(),0.0,0.0
67440,Center Drive,0.0,0.0,0.0,0,(),0.0,0.0
67445,Center Drive,0.0,0.0,0.0,0,(),0.0,0.0
67450,Center Drive,0.0,0.0,0.0,0,(),0.0,0.0
67455,Center Drive,0.0,0.0,0.0,0,(),0.0,0.0
67460,Center Drive,0.0,0.0,0.0,0,(),0.0,0.0
67465,Center Drive,0.0,0.0,0.0,0,(),0.0,0.0
67470,Center Drive,0.0,0.0,0.0,0,(),0.0,0.0
67475,Center Drive,0.0,0.0,0.0,0,(),0.0,0.0
67480,Center Drive,0.0,0.0,0.0,0,(),0.0,0.0
67485,Center Drive,0.0,0.0,0.0,0,(),0.0,0.0
67490,Center Drive,0.0,0.0,0.0,0,(),0.0,0.0
67495,Center Drive,0.0,0.0,0.0,0,(),0.0,0.0
67500,Center Drive,0.0,0.0,0.0,0,(),0.0,0.0
67505,Center Drive,0.0,0.0,0.0,0,(),0.0,0.0
67510,Center Drive,0.0,0.0,0.0,0,(),0.0,0.0
67515,Center Drive,0.0,0.0,0.0,0,(),0.0,0.0
67520,Center Drive,0.0,0.0,0.0,0,(),0.0,0.0
67525,Center Drive,0.0,0.0,0.0,0,(),0.0,0.0
67530,Center Drive,0.0,0.0,0.0,0,(),0.0,0.0
67535,Center Drive,0.0,0.0,0.0,0,(),0.0,0.0
67540,Center Drive,0.0,0.0,0.0,0,(),0.0,0.0
67545,Center Drive,0.0,0.0,0.0,0,(),0.0,0.0
67550,Center Drive,0.0,0.0,0.0,0,(),0.0,0.0
67555,Center Drive,0.0,0.0,0.0,0,(),0.0,0.0
67560,Center Drive,0.0,0.0,0.0,0,(),0.0,0.0
67565,Center Drive,0.0,0.0,0.0,0,(),0.0,0.0
67570,Center Drive,0.0,0.0,0.0,0,(),0.0,0.0
67575,Center Drive,0.0,0.0,0.0,0,(),0.0,0.0
67580,Center Drive,0.0,0.0,0.0,0,(),0.0,0.0
67585,Center Drive,0.0,0.0,0.0,0,(),0.0,0.0
67590,Center Drive,0.0,0.0,0.0,0,(),0.0,0.0
67595,Center Drive,0.0,0.0,0.0,0,(),0.0,0.0
67600,Center Drive,0.0,0.0,0.0,0,(),0.0,0.0
67605,Center Drive,0.0,0.0,0.0,0,(),0.0,0.0
67610,Center Drive,0.0,0.0,0.0,0,(),0.0,0.0
67615,Center Drive,0.0,0.0,0.0,0,(),0.0,0.0
67620,Center Drive,0.0,0.0,0.0,0,(),0.0,0.0
67625,Center Drive,0.0,0.0,0.0,0,(),0.0,0.0
67630,Center Drive,0.0,0.0,0.0,0,(),0.0,0.0
67635,Center Drive,0.0,0.0,0.0,0,(),0.0,0.0
67640,Center Drive,0.0,0.0,0.0,0,(),0.0,0.0
67645,Center Drive,0.0,0.0,0.0,0,(),0.0,0.0
67650,Center Drive,0.0,0.0,0.0,0,(),0.0,0.0
67655,Center Drive,0.0,0.0,0.0,0,(),0.0,0.0
67660,Center Drive,0.0,0.0,0.0,0,(),0.0,0.0
67665,Center Drive,0.0,0.0,0.0,0,(),0.0,0.0
67670,Center Drive,0.0,0.0,0.0,0,(),0.0,0.0
67675,Center Drive,0.0,0.0,0.0,0,(),0.0,0.0
67680,Center Drive,0.0,0.0,0.0,0,(),0.0,0.0
67685,Center Drive,0.0,0.0,0.0,0,(),0.0,0.0
67690,Center Drive,0.0,0.0,0.0,0,(),0.0,0.0
67695,Center Drive,0.0,0.0,0.0,0,(),0.0,0.0
67700,Center Drive,0.0,0.0,0.0,0,(),0.0,0.0
67705,Center Drive,0.0,0.0,0.0,0,(),0.0,0.0
67710,Center Drive,0.0,0.0,0.0,0,(),0.0,0.0
67715,Center Drive,0.0,0.0,0.0,0,(),0.0,0.0
67720,Center Drive,0.0,0.0,0.0,0,(),0.0,0.0
67725,Center Drive,0.0,0.0,0.0,0,(),0.0,0.0
67730,Center Drive,0.0,0.0,0.0,0,(),0.0,0.0
67735,Center Drive,0.0,0.0,0.0,0,(),0.0,0.0
67740,Center Drive,0.0,0.0,0.0,0,(),0.0,0.0
67745,Center Drive,0.0,0.0,0.0,0,(),0.0,0.0
67750,Center Drive,0.0,0.0,0.0,0,(),0.0,0.0
67755,Center Drive,0.0,0.0,0.0,0,(),0.0,0.0
67760,Center Drive,0.0,0.0,0.0,0,(),0.0,0.0
67765,Center Drive,0.0,0.0,0.0,0,(),0.0,0.0
67770,Center Drive,0.0,0.0,0.0,0,(),0.0,0.0
67775,Center Drive,0.0,0.0,0.0,0,(),0.0,0.0
67780,Center Drive,0.0,0.0,0.0,0,(),0.0,0.0
67785,Center Drive,0.0,0.0,0.0,0,(),0.0,0.0
67790,Center Drive,0.0,0.0,0.0,0,(),0.0,0.0
67795,Center Drive,0.0,0.0,0.0,0,(),0.0,0.0
67800,Center Drive,0.0,0.0,0.0,0,(),0.0,0.0
67805,Center Drive,0.0,0.0,0.0,0,(),0.0,0.0
67810,Center Drive,0.0,0.0,0.0,0,(),0.0,0.0
67815,Center Drive,0.0,0.0,0.0,0,(),0.0,0.0
67820,Center Drive,0.0,0.0,0.0,0,(),0.0,0.0
67825,Center Drive,0.0,0.0,0.0,0,(),0.0,0.0
67830,Center Drive,0.0,0.0,0.0,0,(),0.0,0.0
67835,Center Drive,0.0,0.0,0.0,0,(),0.0,0.0
67840,Center Drive,0.0,0.0,0.0,0,(),0.0,0.0
67845,Center Drive,0.0,0.0,0.0,0,(),0.0,0.0
67850,Center Drive,0.0,0.0,0.0,0,(),0.0,0.0
67855,Center Drive,0.0,0.0,0.0,0,(),0.0,0.0
67860,Center Drive,0.0,0.0,0.0,0,(),0.0,0.0
67865,Center Drive,0.0,0.0,0.0,0,(),0.0,0.0
67870,Center Drive,0.0,0.0,0.0,0,(),0.0,0.0
67875,Center Drive,0.0,0.0,0.0,0,(),0.0,0.0
67880,Center Drive,0.0,0.0,0.0,0,(),0.0,0.0
67885,Center Drive,0.0,0.0,0.0,0,(),0.0,0.0
67890,Center Drive,0.0,0.0,0.0,0,(),0.0,0.0
67895,Center Drive,0.0,0.0,0.0,0,(),0.0,0.0
67900,Center Drive,0.0,0.0,0.0,0,(),0.0,0.0
67905,Center Drive,0.0,0.0,0.0,0,(),0.0,0.0
67910,Center Drive,0.0,0.0,0.0,0,(),0.0,0.0
67915,Center Drive,0.0,0.0,0.0,0,(),0.0,0.0
67920,Center Drive,0.0,0.0,0.0,0,(),0.0,0.0
67925,Center Drive,0.0,0.0,0.0,0,(),0.0,0.0
67930,Center Drive,0.0,0.0,0.0,0,(),0.0,0.0
67935,Center Drive,0.0,0.0,0.0,0,(),0.0,0.0
67940,Center Drive,0.0,0.0,0.0,0,(),0.0,0.0
67945,Center Drive,0.0,0.0,0.0,0,(),0.0,0.0
67950,Center Drive,0.0,0.0,0.0,0,(),0.0,0.0
67955,Center Drive,0.0,0.0,0.0,0,(),0.0,0.0
67960,Center Drive,0.0,0.0,0.0,0,(),0.0,0.0
67965,Center Drive,0.0,0.0,0.0,0,(),0.0,0.0
67970,Center Drive,0.0,0.0,0.0,0,(),0.0,0.0
67975,Center Drive,0.0,0.0,0.0,0,(),0.0,0.0
67980,Center Drive,0.0,0.0,0.0,0,(),0.0,0.0
67985,Center Drive,0.0,0.0,0.0,0,(),0.0,0.0
67990,Center Drive,0.0,0.0,0.0,0,(),0.0,0.0
67995,Center Drive,0.0,0.0,0.0,0,(),0.0,0.0
68000,Center Drive,0.0,0.0,0.0,0,(),0.0,0.0
68005,Center Drive,0.0,0.0,0.0,0,(),0.0,0.0
68010,Center Drive,0.0,0.0,0.0,0,(),0.0,0.0
68015,Center Drive,0.0,0.0,0.0,0,(),0.0,0.0
68020,Center Drive,0.0,0.0,0.0,0,(),0.0,0.0
68025,Center Drive,0.0,0.0,0.0,0,(),0.0,0.0
68030,Center Drive,0.0,0.0,0.0,0,(),0.0,0.0
68035,Center Drive,0.0,0.0,0.0,0,(),0.0,0.0
68040,Center Drive,0.0,0.0,0.0,0,(),0.0,0.0
68045,Center Drive,0.0,0.0,0.0,0,(),0.0,0.0
68050,Center Drive,0.0,0.0,0.0,0,(),0.0,0.0
68055,Center Drive,0.0,0.0,0.0,0,(),0.0,0.0
68060,Center Drive,0.0,0.0,0.0,0,(),0.0,0.0
68065,Center Drive,0.0,0.0,0.0,0,(),0.0,0.0
68070,Center Drive,0.0,0.0,0.0,0,(),0.0,0.0
68075,Center Drive,0.0,0.0,0.0,0,(),0.0,0.0
68080,Center Drive,0.0,0.0,0.0,0,(),0.0,0.0
68085,Center Drive,0.0,0.0,0.0,0,(),0.0,0.0
68090,Center Drive,0.0,0.0,0.0,0,(),0.0,0.0
68095,Center Drive,0.0,0.0,0.0,0,(),0.0,0.0
68100,Center Drive,0.0,0.0,0.0,0,(),0.0,0.0
68105,Center Drive,0.0,0.0,0.0,0,(),0.0,0.0
68110,Center Drive,0.0,0.0,0.0,0,(),0.0,0.0
68115,Center Drive,0.0,0.0,0.0,0,(),0.0,0.0
68120,Center Drive,0.0,0.0,0.0,0,(),0.0,0.0
68125,Center Drive,0.0,0.0,0.0,0,(),0.0,0.0
68130,Center Drive,0.0,0.0,0.0,0,(),0.0,0.0
68135,Center Drive,0.0,0.0,0.0,0,(),0.0,0.0
68140,Center Drive,0.0,0.0,0.0,0,(),0.0,0.0
68145,Center Drive,0.0,0.0,0.0,0,(),0.0,0.0
68150,Center Drive,0.0,0.0,0.0,0,(),0.0,0.0
68155,Center Drive,0.0,0.0,0.0,0,(),0.0,0.0
68160,Center Drive,0.0,0.0,0.0,0,(),0.0,0.0
68165,Center Drive,0.0,0.0,0.0,0,(),0.0,0.0
68170,Center Drive,0.0,0.0,0.0,0,(),0.0,0.0
68175,Center Drive,0.0,0.0,0.0,0,(),0.0,0.0
68180,Center Drive,0.0,0.0,0.0,0,(),0.0,0.0
68185,Center Drive,0.0,0.0,0.0,0,(),0.0,0.0
68190,Center Drive,0.0,0.0,0.0,0,(),0.0,0.0
68195,Center Drive,0.0,0.0,0.0,0,(),0.0,0.0
68200,Center Drive,0.0,0.0,0.0,0,(),0.0,0.0
68205,Center Drive,0.0,0.0,0.0,0,(),0.0,0.0
68210,Center Drive,0.0,0.0,0.0,0,(),0.0,0.0
68215,Center Drive,0.0,0.0,0.0,0,(),0.0,0.0
68220,Center Drive,0.0,0.0,0.0,0,(),0.0,0.0
68225,Center Drive,0.0,0.0,0.0,0,(),0.0,0.0
68230,Center Drive,0.0,0.0,0.0,0,(),0.0,0.0
68235,Center Drive,0.0,0.0,0.0,0,(),0.0,0.0
68240,Center Drive,0.0,0.0,0.0,0,(),0.0,0.0
68245,Center Drive,0.0,0.0,0.0,0,(),0.0,0.0
68250,Center Drive,0.0,0.0,0.0,0,(),0.0,0.0
68255,Center Drive,0.0,0.0,0.0,0,(),0.0,0.0
68260,Center Drive,0.0,0.0,0.0,0,(),0.0,0.0
68265,Center Drive,0.0,0.0,0.0,0,(),0.0,0.0
68270,Center Drive,0.0,0.0,0.0,0,(),0.0,0.0
68275,Center Drive,0.0,0.0,0.0,0,(),0.0,0.0
68280,Center Drive,0.0,0.0,0.0,0,(),0.0,0.0
68285,Center Drive,0.0,0.0,0.0,0,(),0.0,0.0
68290,Center Drive,0.0,0.0,0.0,0,(),0.0,0.0
68295,Center Drive,0.0,0.0,0.0,0,(),0.0,0.0
68300,Center Drive,0.0,0.0,0.0,0,(),0.0,0.0
68305,Center Drive,0.0,0.0,0.0,0,(),0.0,0.0
68310,Center Drive,0.0,0.0,0.0,0,(),0.0,0.0
68315,Center Drive,0.0,0.0,0.0,0,(),0.0,0.0
68320,Center Drive,0.0,0.0,0.0,0,(),0.0,0.0
68325,Center Drive,0.0,0.0,0.0,0,(),0.0,0.0
68330,Center Drive,0.0,0.0,0.0,0,(),0.0,0.0
68335,Center Drive,0.0,0.0,0.0,0,(),0.0,0.0
68340,Center Drive,0.0,0.0,0.0,0,(),0.0,0.0
68345,Center Drive,0.0,0.0,0.0,0,(),0.0,0.0
68350,Center Drive,0.0,0.0,0.0,0,(),0.0,0.0
68355,Center Drive,0.0,0.0,0.0,0,(),0.0,0.0
68360,Center Drive,0.0,0.0,0.0,0,(),0.0,0.0
68365,Center Drive,0.0,0.0,0.0,0,(),0.0,0.0
68370,Center Drive,0.0,0.0,0.0,0,(),0.0,0.0
68375,Center Drive,0.0,0.0,0.0,0,(),0.0,0.0
68380,Center Drive,0.0,0.0,0.0,0,(),0.0,0.0
68385,Center Drive,0.0,0.0,0.0,0,(),0.0,0.0
68390,Center Drive,0.0,0.0,0.0,0,(),0.0,0.0
68395,Center Drive,0.0,0.0,0.0,0,(),0.0,0.0
68400,Center Drive,0.0,0.0,0.0,0,(),0.0,0.0
68405,Center Drive,0.0,0.0,0.0,0,(),0.0,0.0
68410,Center Drive,0.0,0.0,0.0,0,(),0.0,0.0
68415,Center Drive,0.0,0.0,0.0,0,(),0.0,0.0
68420,Center Drive,0.0,0.0,0.0,0,(),0.0,0.0
68425,Center Drive,0.0,0.0,0.0,0,(),0.0,0.0
68430,Center Drive,0.0,0.0,0.0,0,(),0.0,0.0
68435,Center Drive,0.0,0.0,0.0,0,(),0.0,0.0
68440,Center Drive,0.0,0.0,0.0,0,(),0.0,0.0
68445,Center Drive,0.0,0.0,0.0,0,(),0.0,0.0
68450,Center Drive,0.0,0.0,0.0,0,(),0.0,0.0
68455,Center Drive,0.0,0.0,0.0,0,(),0.0,0.0
68460,Center Drive,0.0,0.0,0.0,0,(),0.0,0.0
68465,Center Drive,0.0,0.0,0.0,0,(),0.0,0.0
68470,Center Drive,0.0,0.0,0.0,0,(),0.0,0.0
68475,Center Drive,0.0,0.0,0.0,0,(),0.0,0.0
68480,Center Drive,0.0,0.0,0.0,0,(),0.0,0.0
68485,Center Drive,0.0,0.0,0.0,0,(),0.0,0.0
68490,Center Drive,0.0,0.0,0.0,0,(),0.0,0.0
68495,Center Drive,0.0,0.0,0.0,0,(),0.0,0.0
68500,Center Drive,0.0,0.0,0.0,0,(),0.0,0.0
68505,Center Drive,0.0,0.0,0.0,0,(),0.0,0.0
68510,Center Drive,0.0,0.0,0.0,0,(),0.0,0.0
68515,Center Drive,0.0,0.0,0.0,0,(),0.0,0.0
68520,Center Drive,0.0,0.0,0.0,0,(),0.0,0.0
68525,Center Drive,0.0,0.0,0.0,0,(),0.0,0.0
68530,Center Drive,0.0,0.0,0.0,0,(),0.0,0.0
68535,Center Drive,0.0,0.0,0.0,0,(),0.0,0.0
68540,Center Drive,0.0,0.0,0.0,0,(),0.0,0.0
68545,Center Drive,0.0,0.0,0.0,0,(),0.0,0.0
68550,Center Drive,0.0,0.0,0.0,0,(),0.0,0.0
68555,Center Drive,0.0,0.0,0.0,0,(),0.0,0.0
68560,Center Drive,0.0,0.0,0.0,0,(),0.0,0.0
68565,Center Drive,0.0,0.0,0.0,0,(),0.0,0.0
68570,Center Drive,0.0,0.0,0.0,0,(),0.0,0.0
68575,Center Drive,0.0,0.0,0.0,0,(),0.0,0.0
68580,Center Drive,0.0,0.0,0.0,0,(),0.0,0.0
68585,Center Drive,0.0,0.0,0.0,0,(),0.0,0.0
68590,Center Drive,0.0,0.0,0.0,0,(),0.0,0.0
68595,Center Drive,0.0,0.0,0.0,0,(),0.0,0.0
68600,Center Drive,0.0,0.0,0.0,0,(),0.0,0.0
68605,Center Drive,0.0,0.0,0.0,0,(),0.0,0.0
68610,Center Drive,0.0,0.0,0.0,0,(),0.0,0.0
68615,Center Drive,0.0,0.0,0.0,0,(),0.0,0.0
68620,Center Drive,0.0,0.0,0.0,0,(),0.0,0.0
68625,Center Drive,0.0,0.0,0.0,0,(),0.0,0.0
68630,Center Drive,0.0,0.0,0.0,0,(),0.0,0.0
68635,Center Drive,0.0,0.0,0.0,0,(),0.0,0.0
68640,Center Drive,0.0,0.0,0.0,0,(),0.0,0.0
68645,Center Drive,0.0,0.0,0.0,0,(),0.0,0.0
68650,Center Drive,0.0,0.0,0.0,0,(),0.0,0.0
68655,Center Drive,0.0,0.0,0.0,0,(),0.0,0.0
68660,Center Drive,0.0,0.0,0.0,0,(),0.0,0.0
68665,Center Drive,0.0,0.0,0.0,0,(),0.0,0.0
68670,Center Drive,0.0,0.0,0.0,0,(),0.0,0.0
68675,Center Drive,0.0,0.0,0.0,0,(),0.0,0.0
68680,Center Drive,0.0,0.0,0.0,0,(),0.0,0.0
68685,Center Drive,0.0,0.0,0.0,0,(),0.0,0.0
68690,Center Drive,0.0,0.0,0.0,0,(),0.0,0.0
68695,Center Drive,0.0,0.0,0.0,0,(),0.0,0.0
68700,Center Drive,0.0,0.0,0.0,0,(),0.0,0.0
68705,Center Drive,0.0,0.0,0.0,0,(),0.0,0.0
68710,Center Drive,0.0,0.0,0.0,0,(),0.0,0.0
68715,Center Drive,0.0,0.0,0.0,0,(),0.0,0.0
68720,Center Drive,0.0,0.0,0.0,0,(),0.0,0.0
68725,Center Drive,0.0,0.0,0.0,0,(),0.0,0.0
68730,Center Drive,0.0,0.0,0.0,0,(),0.0,0.0
68735,Center Drive,0.0,0.0,0.0,0,(),0.0,0.0
68740,Center Drive,0.0,0.0,0.0,0,(),0.0,0.0
68745,Center Drive,0.0,0.0,0.0,0,(),0.0,0.0
68750,Center Drive,0.0,0.0,0.0,0,(),0.0,0.0
68755,Center Drive,0.0,0.0,0.0,0,(),0.0,0.0
68760,Center Drive,0.0,0.0,0.0,0,(),0.0,0.0
68765,Center Drive,0.0,0.0,0.0,0,(),0.0,0.0
68770,Center Drive,0.0,0.0,0.0,0,(),0.0,0.0
68775,Center Drive,0.0,0.0,0.0,0,(),0.0,0.0
68780,Center Drive,0.0,0.0,0.0,0,(),0.0,0.0
68785,Center Drive,0.0,0.0,0.0,0,(),0.0,0.0
68790,Center Drive,0.0,0.0,0.0,0,(),0.0,0.0
68795,Center Drive,0.0,0.0,0.0,0,(),0.0,0.0
68800,Center Drive,0.0,0.0,0.0,0,(),0.0,0.0
68805,Center Drive,0.0,0.0,0.0,0,(),0.0,0.0
68810,Center Drive,0.0,0.0,0.0,0,(),0.0,0.0
68815,Center Drive,0.0,0.0,0.0,0,(),0.0,0.0
68820,Center Drive,0.0,0.0,0.0,0,(),0.0,0.0
68825,Center Drive,0.0,0.0,0.0,0,(),0.0,0.0
68830,Center Drive,0.0,0.0,0.0,0,(),0.0,0.0
68835,Center Drive,0.0,0.0,0.0,0,(),0.0,0.0
68840,Center Drive,0.0,0.0,0.0,0,(),0.0,0.0
68845,Center Drive,0.0,0.0,0.0,0,(),0.0,0.0
68850,Center Drive,0.0,0.0,0.0,0,(),0.0,0.0
68855,Center Drive,0.0,0.0,0.0,0,(),0.0,0.0
68860,Center Drive,0.0,0.0,0.0,0,(),0.0,0.0
68865,Center Drive,0.0,0.0,0.0,0,(),0.0,0.0
68870,Center Drive,0.0,0.0,0.0,0,(),0.0,0.0
68875,Center Drive,0.0,0.0,0.0,0,(),0.0,0.0
68880,Center Drive,0.0,0.0,0.0,0,(),0.0,0.0
68885,Center Drive,0.0,0.0,0.0,0,(),0.0,0.0
68890,Center Drive,0.0,0.0,0.0,0,(),0.0,0.0
68895,Center Drive,0.0,0.0,0.0,0,(),0.0,0.0
68900,Center Drive,0.0,0.0,0.0,0,(),0.0,0.0
68905,Center Drive,0.0,0.0,0.0,0,(),0.0,0.0
68910,Center Drive,0.0,0.0,0.0,0,(),0.0,0.0
68915,Center Drive,0.0,0.0,0.0,0,(),0.0,0.0
68920,Center Drive,0.0,0.0,0.0,0,(),0.0,0.0
68925,Center Drive,0.0,0.0,0.0,0,(),0.0,0.0
68930,Center Drive,0.0,0.0,0.0,0,(),0.0,0.0
68935,Center Drive,0.0,0.0,0.0,0,(),0.0,0.0
68940,Center Drive,0.0,0.0,0.0,0,(),0.0,0.0
68945,Center Drive,0.0,0.0,0.0,0,(),0.0,0.0
68950,Center Drive,0.0,0.0,0.0,0,(),0.0,0.0
68955,Center Drive,0.0,0.0,0.0,0,(),0.0,0.0
68960,Center Drive,0.0,0.0,0.0,0,(),0.0,0.0
68965,Center Drive,0.0,0.0,0.0,0,(),0.0,0.0
68970,Center Drive,0.0,0.0,0.0,0,(),0.0,0.0
68975,Center Drive,0.0,0.0,0.0,0,(),0.0,0.0
68980,Center Drive,0.0,0.0,0.0,0,(),0.0,0.0
68985,Center Drive,0.0,0.0,0.0,0,(),0.0,0.0
68990,Center Drive,0.0,0.0,0.0,0,(),0.0,0.0
68995,Center Drive,0.0,0.0,0.0,0,(),0.0,0.0
69000,Center Drive,0.0,0.0,0.0,0,(),0.0,0.0
69005,Center Drive,0.0,0.0,0.0,0,(),0.0,0.0
69010,Center Drive,0.0,0.0,0.0,0,(),0.0,0.0
69015,Center Drive,0.0,0.0,0.0,0,(),0.0,0.0
69020,Center Drive,0.0,0.0,0.0,0,(),0.0,0.0
69025,Center Drive,0.0,0.0,0.0,0,(),0.0,0.0
69030,Center Drive,0.0,0.0,0.0,0,(),0.0,0.0
69035,Center Drive,0.0,0.0,0.0,0,(),0.0,0.0
69040,Center Drive,0.0,0.0,0.0,0,(),0.0,0.0
69045,Center Drive,0.0,0.0,0.0,0,(),0.0,0.0
69050,Center Drive,0.0,0.0,0.0,0,(),0.0,0.0
69055,Center Drive,0.0,0.0,0.0,0,(),0.0,0.0
69060,Center Drive,0.0,0.0,0.0,0,(),0.0,0.0
69065,Center Drive,0.0,0.0,0.0,0,(),0.0,0.0
69070,Center Drive,0.0,0.0,0.0,0,(),0.0,0.0
69075,Center Drive,0.0,0.0,0.0,0,(),0.0,0.0
69080,Center Drive,0.0,0.0,0.0,0,(),0.0,0.0
69085,Center Drive,0.0,0.0,0.0,0,(),0.0,0.0
69090,Center Drive,0.0,0.0,0.0,0,(),0.0,0.0
69095,Center Drive,0.0,0.0,0.0,0,(),0.0,0.0
69100,Center Drive,0.0,0.0,0.0,0,(),0.0,0.0
69105,Center Drive,0.0,0.0,0.0,0,(),0.0,0.0
69110,Center Drive,0.0,0.0,0.0,0,(),0.0,0.0
69115,Center Drive,0.0,0.0,0.0,0,(),0.0,0.0
69120,Center Drive,0.0,0.0,0.0,0,(),0.0,0.0
69125,Center Drive,0.0,0.0,0.0,0,(),0.0,0.0
69130,Center Drive,0.0,0.0,0.0,0,(),0.0,0.0
69135,Center Drive,0.0,0.0,0.0,0,(),0.0,0.0
69140,Center Drive,0.0,0.0,0.0,0,(),0.0,0.0
69145,Center Drive,0.0,0.0,0.0,0,(),0.0,0.0
69150,Center Drive,0.0,0.0,0.0,0,(),0.0,0.0
69155,Center Drive,0.0,0.0,0.0,0,(),0.0,0.0
69160,Center Drive,0.0,0.0,0.0,0,(),0.0,0.0
69165,Center Drive,0.0,0.0,0.0,0,(),0.0,0.0
69170,Center Drive,0.0,0.0,0.0,0,(),0.0,0.0
69175,Center Drive,0.0,0.0,0.0,0,(),0.0,0.0
69180,Center Drive,0.0,0.0,0.0,0,(),0.0,0.0
69185,Center Drive,0.0,0.0,0.0,0,(),0.0,0.0
69190,Center Drive,0.0,0.0,0.0,0,(),0.0,0.0
69195,Center Drive,0.0,0.0,0.0,0,(),0.0,0.0
69200,Center Drive,0.0,0.0,0.0,0,(),0.0,0.0
69205,Center Drive,0.0,0.0,0.0,0,(),0.0,0.0
69210,Center Drive,0.0,0.0,0.0,0,(),0.0,0.0
69215,Center Drive,0.0,0.0,0.0,0,(),0.0,0.0
69220,Center Drive,0.0,0.0,0.0,0,(),0.0,0.0
69225,Center Drive,0.0,0.0,0.0,0,(),0.0,0.0
69230,Center Drive,0.0,0.0,0.0,0,(),0.0,0.0
69235,Center Drive,0.0,0.0,0.0,0,(),0.0,0.0
69240,Center Drive,0.0,0.0,0.0,0,(),0.0,0.0
69245,Center Drive,0.0,0.0,0.0,0,(),0.0,0.0
69250,Center Drive,0.0,0.0,0.0,0,(),0.0,0.0
69255,Center Drive,0.0,0.0,0.0,0,(),0.0,0.0
69260,Center Drive,0.0,0.0,0.0,0,(),0.0,0.0
69265,Center Drive,0.0,0.0,0.0,0,(),0.0,0.0
69270,Center Drive,0.0,0.0,0.0,0,(),0.0,0.0
69275,Center Drive,0.0,0.0,0.0,0,(),0.0,0.0
69280,Center Drive,0.0,0.0,0.0,0,(),0.0,0.0
69285,Center Drive,0.0,0.0,0.0,0,(),0.0,0.0
69290,Center Drive,0.0,0.0,0.0,0,(),0.0,0.0
69295,Center Drive,0.0,0.0,0.0,0,(),0.0,0.0
69300,Center Drive,0.0,0.0,0.0,0,(),0.0,0.0
69305,Center Drive,0.0,0.0,0.0,0,(),0.0,0.0
69310,Center Drive,0.0,0.0,0.0,0,(),0.0,0.0
69315,Center Drive,0.0,0.0,0.0,0,(),0.0,0.0
69320,Center Drive,0.0,0.0,0.0,0,(),0.0,0.0
69325,Center Drive,0.0,0.0,0.0,0,(),0.0,0.0
69330,Center Drive,0.0,0.0,0.0,0,(),0.0,0.0
69335,Center Drive,0.0,0.0,0.0,0,(),0.0,0.0
69340,Center Drive,0.0,0.0,0.0,0,(),0.0,0.0
69345,Center Drive,0.0,0.0,0.0,0,(),0.0,0.0
69350,Center Drive,0.0,0.0,0.0,0,(),0.0,0.0
69355,Center Drive,0.0,0.0,0.0,0,(),0.0,0.0
69360,Center Drive,0.0,0.0,0.0,0,(),0.0,0.0
69365,Center Drive,0.0,0.0,0.0,0,(),0.0,0.0
69370,Center Drive,0.0,0.0,0.0,0,(),0.0,0.0
69375,Center Drive,0.0,0.0,0.0,0,(),0.0,0.0
69380,Center Drive,0.0,0.0,0.0,0,(),0.0,0.0
69385,Center Drive,0.0,0.0,0.0,0,(),0.0,0.0
69390,Center Drive,0.0,0.0,0.0,0,(),0.0,0.0
69395,Center Drive,0.0,0.0,0.0,0,(),0.0,0.0
69400,Center Drive,0.0,0.0,0.0,0,(),0.0,0.0
69405,Center Drive,0.0,0.0,0.0,0,(),0.0,0.0
69410,Center Drive,0.0,0.0,0.0,0,(),0.0,0.0
69415,Center Drive,0.0,0.0,0.0,0,(),0.0,0.0
69420,Center Drive,0.0,0.0,0.0,0,(),0.0,0.0
69425,Center Drive,0.0,0.0,0.0,0,(),0.0,0.0
69430,Center Drive,0.0,0.0,0.0,0,(),0.0,0.0
69435,Center Drive,0.0,0.0,0.0,0,(),0.0,0.0
69440,Center Drive,0.0,0.0,0.0,0,(),0.0,0.0
69445,Center Drive,0.0,0.0,0.0,0,(),0.0,0.0
69450,Center Drive,0.0,0.0,0.0,0,(),0.0,0.0
69455,Center Drive,0.0,0.0,0.0,0,(),0.0,0.0
69460,Center Drive,0.0,0.0,0.0,0,(),0.0,0.0
69465,Center Drive,0.0,0.0,0.0,0,(),0.0,0.0
69470,Center Drive,0.0,0.0,0.0,0,(),0.0,0.0
69475,Center Drive,0.0,0.0,0.0,0,(),0.0,0.0
69480,Center Drive,0.0,0.0,0.0,0,(),0.0,0.0
69485,Center Drive,0.0,0.0,0.0,0,(),0.0,0.0
69490,Center Drive,0.0,0.0,0.0,0,(),0.0,0.0
69495,Center Drive,0.0,0.0,0.0,0,(),0.0,0.0
69500,Center Drive,0.0,0.0,0.0,0,(),0.0,0.0
69505,Center Drive,0.0,0.0,0.0,0,(),0.0,0.0
69510,Center Drive,0.0,0.0,0.0,0,(),0.0,0.0
69515,Center Drive,0.0,0.0,0.0,0,(),0.0,0.0
69520,Center Drive,0.0,0.0,0.0,0,(),0.0,0.0
69525,Center Drive,0.0,0.0,0.0,0,(),0.0,0.0
69530,Center Drive,0.0,0.0,0.0,0,(),0.0,0.0
69535,Center Drive,0.0,0.0,0.0,0,(),0.0,0.0
69540,Center Drive,0.0,0.0,0.0,0,(),0.0,0.0
69545,Center Drive,0.0,0.0,0.0,0,(),0.0,0.0
69550,Center Drive,0.0,0.0,0.0,0,(),0.0,0.0
69555,Center Drive,0.0,0.0,0.0,0,(),0.0,0.0
69560,Center Drive,0.0,0.0,0.0,0,(),0.0,0.0
69565,Center Drive,0.0,0.0,0.0,0,(),0.0,0.0
69570,Center Drive,0.0,0.0,0.0,0,(),0.0,0.0
69575,Center Drive,0.0,0.0,0.0,0,(),0.0,0.0
69580,Center Drive,0.0,0.0,0.0,0,(),0.0,0.0
69585,Center Drive,0.0,0.0,0.0,0,(),0.0,0.0
69590,Center Drive,0.0,0.0,0.0,0,(),0.0,0.0
69595,Center Drive,0.0,0.0,0.0,0,(),0.0,0.0
69600,Center Drive,0.0,0.0,0.0,0,(),0.0,0.0
69605,Center Drive,0.0,0.0,0.0,0,(),0.0,0.0
69610,Center Drive,0.0,0.0,0.0,0,(),0.0,0.0
69615,Center Drive,0.0,0.0,0.0,0,(),0.0,0.0
69620,Center Drive,0.0,0.0,0.0,0,(),0.0,0.0
69625,Center Drive,0.0,0.0,0.0,0,(),0.0,0.0
69630,Center Drive,0.0,0.0,0.0,0,(),0.0,0.0
69635,Center Drive,0.0,0.0,0.0,0,(),0.0,0.0
69640,Center Drive,0.0,0.0,0.0,0,(),0.0,0.0
69645,Center Drive,0.0,0.0,0.0,0,(),0.0,0.0
69650,Center Drive,0.0,0.0,0.0,0,(),0.0,0.0
69655,Center Drive,0.0,0.0,0.0,0,(),0.0,0.0
69660,Center Drive,0.0,0.0,0.0,0,(),0.0,0.0
69665,Center Drive,0.0,0.0,0.0,0,(),0.0,0.0
69670,Center Drive,0.0,0.0,0.0,0,(),0.0,0.0
69675,Center Drive,0.0,0.0,0.0,0,(),0.0,0.0
69680,Center Drive,0.0,0.0,0.0,0,(),0.0,0.0
69685,Center Drive,0.0,0.0,0.0,0,(),0.0,0.0
69690,Center Drive,0.0,0.0,0.0,0,(),0.0,0.0
69695,Center Drive,0.0,0.0,0.0,0,(),0.0,0.0
69700,Center Drive,0.0,0.0,0.0,0,(),0.0,0.0
69705,Center Drive,0.0,0.0,0.0,0,(),0.0,0.0
69710,Center Drive,0.0,0.0,0.0,0,(),0.0,0.0
69715,Center Drive,0.0,0.0,0.0,0,(),0.0,0.0
69720,Center Drive,0.0,0.0,0.0,0,(),0.0,0.0
69725,Center Drive,0.0,0.0,0.0,0,(),0.0,0.0
69730,Center Drive,0.0,0.0,0.0,0,(),0.0,0.0
69735,Center Drive,0.0,0.0,0.0,0,(),0.0,0.0
69740,Center Drive,0.0,0.0,0.0,0,(),0.0,0.0
69745,Center Drive,0.0,0.0,0.0,0,(),0.0,0.0
69750,Center Drive,0.0,0.0,0.0,0,(),0.0,0.0
69755,Center Drive,0.0,0.0,0.0,0,(),0.0,0.0
69760,Center Drive,0.0,0.0,0.0,0,(),0.0,0.0
69765,Center Drive,0.0,0.0,0.0,0,(),0.0,0.0
69770,Center Drive,0.0,0.0,0.0,0,(),0.0,0.0
69775,Center Drive,0.0,0.0,0.0,0,(),0.0,0.0
69780,Center Drive,0.0,0.0,0.0,0,(),0.0,0.0
69785,Center Drive,0.0,0.0,0.0,0,(),0.0,0.0
69790,Center Drive,0.0,0.0,0.0,0,(),0.0,0.0
69795,Center Drive,0.0,0.0,0.0,0,(),0.0,0.0
69800,Center Drive,0.0,0.0,0.0,0,(),0.0,0.0
69805,Center Drive,0.0,0.0,0.0,0,(),0.0,0.0
69810,Center Drive,0.0,0.0,0.0,0,(),0.0,0.0
69815,Center Drive,0.0,0.0,0.0,0,(),0.0,0.0
69820,Center Drive,0.0,0.0,0.0,0,(),0.0,0.0
69825,Center Drive,0.0,0.0,0.0,0,(),0.0,0.0
69830,Center Drive,0.0,0.0,0.0,0,(),0.0,0.0
69835,Center Drive,0.0,0.0,0.0,0,(),0.0,0.0
69840,Center Drive,0.0,0.0,0.0,0,(),0.0,0.0
69845,Center Drive,0.0,0.0,0.0,0,(),0.0,0.0
69850,Center Drive,0.0,0.0,0.0,0,(),0.0,0.0
69855,Center Drive,0.0,0.0,0.0,0,(),0.0,0.0
69860,Center Drive,0.0,0.0,0.0,0,(),0.0,0.0
69865,Center Drive,0.0,0.0,0.0,0,(),0.0,0.0
69870,Center Drive,0.0,0.0,0.0,0,(),0.0,0.0
69875,Center Drive,0.0,0.0,0.0,0,(),0.0,0.0
69880,Center Drive,0.0,0.0,0.0,0,(),0.0,0.0
69885,Center Drive,0.0,0.0,0.0,0,(),0.0,0.0
69890,Center Drive,0.0,0.0,0.0,0,(),0.0,0.0
69895,Center Drive,0.0,0.0,0.0,0,(),0.0,0.0
69900,Center Drive,0.0,0.0,0.0,0,(),0.0,0.0
69905,Center Drive,0.0,0.0,0.0,0,(),0.0,0.0
69910,Center Drive,0.0,0.0,0.0,0,(),0.0,0.0
69915,Center Drive,0.0,0.0,0.0,0,(),0.0,0.0
69920,Center Drive,0.0,0.0,0.0,0,(),0.0,0.0
69925,Center Drive,0.0,0.0,0.0,0,(),0.0,0.0
69930,Center Drive,0.0,0.0,0.0,0,(),0.0,0.0
69935,Center Drive,0.0,0.0,0.0,0,(),0.0,0.0
69940,Center Drive,0.0,0.0,0.0,0,(),0.0,0.0
69945,Center Drive,0.0,0.0,0.0,0,(),0.0,0.0
69950,Center Drive,0.0,0.0,0.0,0,(),0.0,0.0
69955,Center Drive,0.0,0.0,0.0,0,(),0.0,0.0
69960,Center Drive,0.0,0.0,0.0,0,(),0.0,0.0
69965,Center Drive,0.0,0.0,0.0,0,(),0.0,0.0
69970,Center Drive,0.0,0.0,0.0,0,(),0.0,0.0
69975,Center Drive,0.0,0.0,0.0,0,(),0.0,0.0
69980,Center Drive,0.0,0.0,0.0,0,(),0.0,0.0
69985,Center Drive,0.0,0.0,0.0,0,(),0.0,0.0
69990,Center Drive,0.0,0.0,0.0,0,(),0.0,0.0
69995,Center Drive,0.0,0.0,0.0,0,(),0.0,0.0
70000,Center Drive,0.0,0.0,0.0,0,(),0.0,0.0
70005,Center Drive,0.0,0.0,0.0,0,(),0.0,0.0
70010,Center Drive,0.0,0.0,0.0,0,(),0.0,0.0
70015,Center Drive,0.0,0.0,0.0,0,(),0.0,0.0
70020,Center Drive,0.0,0.0,0.0,0,(),0.0,0.0
70025,Center Drive,0.0,0.0,0.0,0,(),0.0,0.0
70030,Center Drive,0.0,0.0,0.0,0,(),0.0,0.0
70035,Center Drive,0.0,0.0,0.0,0,(),0.0,0.0
70040,Center Drive,0.0,0.0,0.0,0,(),0.0,0.0
70045,Center Drive,0.0,0.0,0.0,0,(),0.0,0.0
70050,Center Drive,0.0,0.0,0.0,0,(),0.0,0.0
70055,Center Drive,0.0,0.0,0.0,0,(),0.0,0.0
70060,Center Drive,0.0,0.0,0.0,0,(),0.0,0.0
70065,Center Drive,0.0,0.0,0.0,0,(),0.0,0.0
70070,Center Drive,0.0,0.0,0.0,0,(),0.0,0.0
70075,Center Drive,0.0,0.0,0.0,0,(),0.0,0.0
70080,Center Drive,0.0,0.0,0.0,0,(),0.0,0.0
70085,Center Drive,0.0,0.0,0.0,0,(),0.0,0.0
70090,Center Drive,0.0,0.0,0.0,0,(),0.0,0.0
70095,Center Drive,0.0,0.0,0.0,0,(),0.0,0.0
70100,Center Drive,0.0,0.0,0.0,0,(),0.0,0.0
70105,Center Drive,0.0,0.0,0.0,0,(),0.0,0.0
70110,Center Drive,0.0,0.0,0.0,0,(),0.0,0.0
70115,Center Drive,0.0,0.0,0.0,0,(),0.0,0.0
70120,Center Drive,0.0,0.0,0.0,0,(),0.0,0.0
70125,Center Drive,0.0,0.0,0.0,0,(),0.0,0.0
70130,Center Drive,0.0,0.0,0.0,0,(),0.0,0.0
70135,Center Drive,0.0,0.0,0.0,0,(),0.0,0.0
70140,Center Drive,0.0,0.0,0.0,0,(),0.0,0.0
70145,Center Drive,0.0,0.0,0.0,0,(),0.0,0.0
70150,Center Drive,0.0,0.0,0.0,0,(),0.0,0.0
70155,Center Drive,0.0,0.0,0.0,0,(),0.0,0.0
70160,Center Drive,0.0,0.0,0.0,0,(),0.0,0.0
70165,Center Drive,0.0,0.0,0.0,0,(),0.0,0.0
70170,Center Drive,0.0,0.0,0.0,0,(),0.0,0.0
70175,Center Drive,0.0,0.0,0.0,0,(),0.0,0.0
70180,Center Drive,0.0,0.0,0.0,0,(),0.0,0.0
70185,Center Drive,0.0,0.0,0.0,0,(),0.0,0.0
70190,Center Drive,0.0,0.0,0.0,0,(),0.0,0.0
70195,Center Drive,0.0,0.0,0.0,0,(),0.0,0.0
70200,Center Drive,0.0,0.0,0.0,0,(),0.0,0.0
70205,Center Drive,0.0,0.0,0.0,0,(),0.0,0.0
70210,Center Drive,0.0,0.0,0.0,0,(),0.0,0.0
70215,Center Drive,0.0,0.0,0.0,0,(),0.0,0.0
70220,Center Drive,0.0,0.0,0.0,0,(),0.0,0.0
70225,Center Drive,0.0,0.0,0.0,0,(),0.0,0.0
70230,Center Drive,0.0,0.0,0.0,0,(),0.0,0.0
70235,Center Drive,0.0,0.0,0.0,0,(),0.0,0.0
70240,Center Drive,0.0,0.0,0.0,0,(),0.0,0.0
70245,Center Drive,0.0,0.0,0.0,0,(),0.0,0.0
70250,Center Drive,0.0,0.0,0.0,0,(),0.0,0.0
70255,Center Drive,0.0,0.0,0.0,0,(),0.0,0.0
70260,Center Drive,0.0,0.0,0.0,0,(),0.0,0.0
70265,Center Drive,0.0,0.0,0.0,0,(),0.0,0.0
70270,Center Drive,0.0,0.0,0.0,0,(),0.0,0.0
70275,Center Drive,0.0,0.0,0.0,0,(),0.0,0.0
70280,Center Drive,0.0,0.0,0.0,0,(),0.0,0.0
70285,Center Drive,0.0,0.0,0.0,0,(),0.0,0.0
70290,Center Drive,0.0,0.0,0.0,0,(),0.0,0.0
70295,Center Drive,0.0,0.0,0.0,0,(),0.0,0.0
70300,Center Drive,0.0,0.0,0.0,0,(),0.0,0.0
70305,Center Drive,0.0,0.0,0.0,0,(),0.0,0.0
70310,Center Drive,0.0,0.0,0.0,0,(),0.0,0.0
70315,Center Drive,0.0,0.0,0.0,0,(),0.0,0.0
70320,Center Drive,0.0,0.0,0.0,0,(),0.0,0.0
70325,Center Drive,0.0,0.0,0.0,0,(),0.0,0.0
70330,Center Drive,0.0,0.0,0.0,0,(),0.0,0.0
70335,Center Drive,0.0,0.0,0.0,0,(),0.0,0.0
70340,Center Drive,0.0,0.0,0.0,0,(),0.0,0.0
70345,Center Drive,0.0,0.0,0.0,0,(),0.0,0.0
70350,Center Drive,0.0,0.0,0.0,0,(),0.0,0.0
70355,Center Drive,0.0,0.0,0.0,0,(),0.0,0.0
70360,Center Drive,0.0,0.0,0.0,0,(),0.0,0.0
70365,Center Drive,0.0,0.0,0.0,0,(),0.0,0.0
70370,Center Drive,0.0,0.0,0.0,0,(),0.0,0.0
70375,Center Drive,0.0,0.0,0.0,0,(),0.0,0.0
70380,Center Drive,0.0,0.0,0.0,0,(),0.0,0.0
70385,Center Drive,0.0,0.0,0.0,0,(),0.0,0.0
70390,Center Drive,0.0,0.0,0.0,0,(),0.0,0.0
70395,Center Drive,0.0,0.0,0.0,0,(),0.0,0.0
70400,Center Drive,0.0,0.0,0.0,0,(),0.0,0.0
70405,Center Drive,0.0,0.0,0.0,0,(),0.0,0.0
70410,Center Drive,0.0,0.0,0.0,0,(),0.0,0.0
70415,Center Drive,0.0,0.0,0.0,0,(),0.0,0.0
70420,Center Drive,0.0,0.0,0.0,0,(),0.0,0.0
70425,Center Drive,0.0,0.0,0.0,0,(),0.0,0.0
70430,Center Drive,0.0,0.0,0.0,0,(),0.0,0.0
70435,Center Drive,0.0,0.0,0.0,0,(),0.0,0.0
70440,Center Drive,0.0,0.0,0.0,0,(),0.0,0.0
70445,Center Drive,0.0,0.0,0.0,0,(),0.0,0.0
70450,Center Drive,0.0,0.0,0.0,0,(),0.0,0.0
70455,Center Drive,0.0,0.0,0.0,0,(),0.0,0.0
70460,Center Drive,0.0,0.0,0.0,0,(),0.0,0.0
70465,Center Drive,0.0,0.0,0.0,0,(),0.0,0.0
70470,Center Drive,0.0,0.0,0.0,0,(),0.0,0.0
70475,Center Drive,0.0,0.0,0.0,0,(),0.0,0.0
70480,Center Drive,0.0,0.0,0.0,0,(),0.0,0.0
70485,Center Drive,0.0,0.0,0.0,0,(),0.0,0.0
70490,Center Drive,0.0,0.0,0.0,0,(),0.0,0.0
70495,Center Drive,0.0,0.0,0.0,0,(),0.0,0.0
70500,Center Drive,0.0,0.0,0.0,0,(),0.0,0.0
70505,Center Drive,0.0,0.0,0.0,0,(),0.0,0.0
70510,Center Drive,0.0,0.0,0.0,0,(),0.0,0.0
70515,Center Drive,0.0,0.0,0.0,0,(),0.0,0.0
70520,Center Drive,0.0,0.0,0.0,0,(),0.0,0.0
70525,Center Drive,0.0,0.0,0.0,0,(),0.0,0.0
70530,Center Drive,0.0,0.0,0.0,0,(),0.0,0.0
70535,Center Drive,0.0,0.0,0.0,0,(),0.0,0.0
70540,Center Drive,0.0,0.0,0.0,0,(),0.0,0.0
70545,Center Drive,0.0,0.0,0.0,0,(),0.0,0.0
70550,Center Drive,0.0,0.0,0.0,0,(),0.0,0.0
70555,Center Drive,0.0,0.0,0.0,0,(),0.0,0.0
70560,Center Drive,0.0,0.0,0.0,0,(),0.0,0.0
70565,Center Drive,0.0,0.0,0.0,0,(),0.0,0.0
70570,Center Drive,0.0,0.0,0.0,0,(),0.0,0.0
70575,Center Drive,0.0,0.0,0.0,0,(),0.0,0.0
70580,Center Drive,0.0,0.0,0.0,0,(),0.0,0.0
70585,Center Drive,0.0,0.0,0.0,0,(),0.0,0.0
70590,Center Drive,0.0,0.0,0.0,0,(),0.0,0.0
70595,Center Drive,0.0,0.0,0.0,0,(),0.0,0.0
70600,Center Drive,0.0,0.0,0.0,0,(),0.0,0.0
70605,Center Drive,0.0,0.0,0.0,0,(),0.0,0.0
70610,Center Drive,0.0,0.0,0.0,0,(),0.0,0.0
70615,Center Drive,0.0,0.0,0.0,0,(),0.0,0.0
70620,Center Drive,0.0,0.0,0.0,0,(),0.0,0.0
70625,Center Drive,0.0,0.0,0.0,0,(),0.0,0.0
70630,Center Drive,0.0,0.0,0.0,0,(),0.0,0.0
70635,Center Drive,0.0,0.0,0.0,0,(),0.0,0.0
70640,Center Drive,0.0,0.0,0.0,0,(),0.0,0.0
70645,Center Drive,0.0,0.0,0.0,0,(),0.0,0.0
70650,Center Drive,0.0,0.0,0.0,0,(),0.0,0.0
70655,Center Drive,0.0,0.0,0.0,0,(),0.0,0.0
70660,Center Drive,0.0,0.0,0.0,0,(),0.0,0.0
70665,Center Drive,0.0,0.0,0.0,0,(),0.0,0.0
70670,Center Drive,0.0,0.0,0.0,0,(),0.0,0.0
70675,Center Drive,0.0,0.0,0.0,0,(),0.0,0.0
70680,Center Drive,0.0,0.0,0.0,0,(),0.0,0.0
70685,Center Drive,0.0,0.0,0.0,0,(),0.0,0.0
70690,Center Drive,0.0,0.0,0.0,0,(),0.0,0.0
70695,Center Drive,0.0,0.0,0.0,0,(),0.0,0.0
70700,Center Drive,0.0,0.0,0.0,0,(),0.0,0.0
70705,Center Drive,0.0,0.0,0.0,0,(),0.0,0.0
70710,Center Drive,0.0,0.0,0.0,0,(),0.0,0.0
70715,Center Drive,0.0,0.0,0.0,0,(),0.0,0.0
70720,Center Drive,0.0,0.0,0.0,0,(),0.0,0.0
70725,Center Drive,0.0,0.0,0.0,0,(),0.0,0.0
70730,Center Drive,0.0,0.0,0.0,0,(),0.0,0.0
70735,Center Drive,0.0,0.0,0.0,0,(),0.0,0.0
70740,Center Drive,0.0,0.0,0.0,0,(),0.0,0.0
70745,Center Drive,0.0,0.0,0.0,0,(),0.0,0.0
70750,Center Drive,0.0,0.0,0.0,0,(),0.0,0.0
70755,Center Drive,0.0,0.0,0.0,0,(),0.0,0.0
70760,Center Drive,0.0,0.0,0.0,0,(),0.0,0.0
70765,Center Drive,0.0,0.0,0.0,0,(),0.0,0.0
70770,Center Drive,0.0,0.0,0.0,0,(),0.0,0.0
70775,Center Drive,0.0,0.0,0.0,0,(),0.0,0.0
70780,Center Drive,0.0,0.0,0.0,0,(),0.0,0.0
70785,Center Drive,0.0,0.0,0.0,0,(),0.0,0.0
70790,Center Drive,0.0,0.0,0.0,0,(),0.0,0.0
70795,Center Drive,0.0,0.0,0.0,0,(),0.0,0.0
70800,Center Drive,0.0,0.0,0.0,0,(),0.0,0.0
70805,Center Drive,0.0,0.0,0.0,0,(),0.0,0.0
70810,Center Drive,0.0,0.0,0.0,0,(),0.0,0.0
70815,Center Drive,0.0,0.0,0.0,0,(),0.0,0.0
70820,Center Drive,0.0,0.0,0.0,0,(),0.0,0.0
70825,Center Drive,0.0,0.0,0.0,0,(),0.0,0.0
70830,Center Drive,0.0,0.0,0.0,0,(),0.0,0.0
70835,Center Drive,0.0,0.0,0.0,0,(),0.0,0.0
70840,Center Drive,0.0,0.0,0.0,0,(),0.0,0.0
70845,Center Drive,0.0,0.0,0.0,0,(),0.0,0.0
70850,Center Drive,0.0,0.0,0.0,0,(),0.0,0.0
70855,Center Drive,0.0,0.0,0.0,0,(),0.0,0.0
70860,Center Drive,0.0,0.0,0.0,0,(),0.0,0.0
70865,Center Drive,0.0,0.0,0.0,0,(),0.0,0.0
70870,Center Drive,0.0,0.0,0.0,0,(),0.0,0.0
70875,Center Drive,0.0,0.0,0.0,0,(),0.0,0.0
70880,Center Drive,0.0,0.0,0.0,0,(),0.0,0.0
70885,Center Drive,0.0,0.0,0.0,0,(),0.0,0.0
70890,Center Drive,0.0,0.0,0.0,0,(),0.0,0.0
70895,Center Drive,0.0,0.0,0.0,0,(),0.0,0.0
70900,Center Drive,0.0,0.0,0.0,0,(),0.0,0.0
70905,Center Drive,0.0,0.0,0.0,0,(),0.0,0.0
70910,Center Drive,0.0,0.0,0.0,0,(),0.0,0.0
70915,Center Drive,0.0,0.0,0.0,0,(),0.0,0.0
70920,Center Drive,0.0,0.0,0.0,0,(),0.0,0.0
70925,Center Drive,0.0,0.0,0.0,0,(),0.0,0.0
70930,Center Drive,0.0,0.0,0.0,0,(),0.0,0.0
70935,Center Drive,0.0,0.0,0.0,0,(),0.0,0.0
70940,Center Drive,0.0,0.0,0.0,0,(),0.0,0.0
70945,Center Drive,0.0,0.0,0.0,0,(),0.0,0.0
70950,Center Drive,0.0,0.0,0.0,0,(),0.0,0.0
70955,Center Drive,0.0,0.0,0.0,0,(),0.0,0.0
70960,Center Drive,0.0,0.0,0.0,0,(),0.0,0.0
70965,Center Drive,0.0,0.0,0.0,0,(),0.0,0.0
70970,Center Drive,0.0,0.0,0.0,0,(),0.0,0.0
70975,Center Drive,0.0,0.0,0.0,0,(),0.0,0.0
70980,Center Drive,0.0,0.0,0.0,0,(),0.0,0.0
70985,Center Drive,0.0,0.0,0.0,0,(),0.0,0.0
70990,Center Drive,0.0,0.0,0.0,0,(),0.0,0.0
70995,Center Drive,0.0,0.0,0.0,0,(),0.0,0.0
71000,Center Drive,0.0,0.0,0.0,0,(),0.0,0.0
71005,Center Drive,0.0,0.0,0.0,0,(),0.0,0.0
71010,Center Drive,0.0,0.0,0.0,0,(),0.0,0.0
71015,Center Drive,0.0,0.0,0.0,0,(),0.0,0.0
71020,Center Drive,0.0,0.0,0.0,0,(),0.0,0.0
71025,Center Drive,0.0,0.0,0.0,0,(),0.0,0.0
71030,Center Drive,0.0,0.0,0.0,0,(),0.0,0.0
71035,Center Drive,0.0,0.0,0.0,0,(),0.0,0.0
71040,Center Drive,0.0,0.0,0.0,0,(),0.0,0.0
71045,Center Drive,0.0,0.0,0.0,0,(),0.0,0.0
71050,Center Drive,0.0,0.0,0.0,0,(),0.0,0.0
71055,Center Drive,0.0,0.0,0.0,0,(),0.0,0.0
71060,Center Drive,0.0,0.0,0.0,0,(),0.0,0.0
71065,Center Drive,0.0,0.0,0.0,0,(),0.0,0.0
71070,Center Drive,0.0,0.0,0.0,0,(),0.0,0.0
71075,Center Drive,0.0,0.0,0.0,0,(),0.0,0.0
71080,Center Drive,0.0,0.0,0.0,0,(),0.0,0.0
71085,Center Drive,0.0,0.0,0.0,0,(),0.0,0.0
71090,Center Drive,0.0,0.0,0.0,0,(),0.0,0.0
71095,Center Drive,0.0,0.0,0.0,0,(),0.0,0.0
71100,Center Drive,0.0,0.0,0.0,0,(),0.0,0.0
71105,Center Drive,0.0,0.0,0.0,0,(),0.0,0.0
71110,Center Drive,0.0,0.0,0.0,0,(),0.0,0.0
71115,Center Drive,0.0,0.0,0.0,0,(),0.0,0.0
71120,Center Drive,0.0,0.0,0.0,0,(),0.0,0.0
71125,Center Drive,0.0,0.0,0.0,0,(),0.0,0.0
71130,Center Drive,0.0,0.0,0.0,0,(),0.0,0.0
71135,Center Drive,0.0,0.0,0.0,0,(),0.0,0.0
71140,Center Drive,0.0,0.0,0.0,0,(),0.0,0.0
71145,Center Drive,0.0,0.0,0.0,0,(),0.0,0.0
71150,Center Drive,0.0,0.0,0.0,0,(),0.0,0.0
71155,Center Drive,0.0,0.0,0.0,0,(),0.0,0.0
71160,Center Drive,0.0,0.0,0.0,0,(),0.0,0.0
71165,Center Drive,0.0,0.0,0.0,0,(),0.0,0.0
71170,Center Drive,0.0,0.0,0.0,0,(),0.0,0.0
71175,Center Drive,0.0,0.0,0.0,0,(),0.0,0.0
71180,Center Drive,0.0,0.0,0.0,0,(),0.0,0.0
71185,Center Drive,0.0,0.0,0.0,0,(),0.0,0.0
71190,Center Drive,0.0,0.0,0.0,0,(),0.0,0.0
71195,Center Drive,0.0,0.0,0.0,0,(),0.0,0.0
71200,Center Drive,0.0,0.0,0.0,0,(),0.0,0.0
71205,Center Drive,0.0,0.0,0.0,0,(),0.0,0.0
71210,Center Drive,0.0,0.0,0.0,0,(),0.0,0.0
71215,Center Drive,0.0,0.0,0.0,0,(),0.0,0.0
71220,Center Drive,0.0,0.0,0.0,0,(),0.0,0.0
71225,Center Drive,0.0,0.0,0.0,0,(),0.0,0.0
71230,Center Drive,0.0,0.0,0.0,0,(),0.0,0.0
71235,Center Drive,0.0,0.0,0.0,0,(),0.0,0.0
71240,Center Drive,0.0,0.0,0.0,0,(),0.0,0.0
71245,Center Drive,0.0,0.0,0.0,0,(),0.0,0.0
71250,Center Drive,0.0,0.0,0.0,0,(),0.0,0.0
71255,Center Drive,0.0,0.0,0.0,0,(),0.0,0.0
71260,Center Drive,0.0,0.0,0.0,0,(),0.0,0.0
71265,Center Drive,0.0,0.0,0.0,0,(),0.0,0.0
71270,Center Drive,0.0,0.0,0.0,0,(),0.0,0.0
71275,Center Drive,0.0,0.0,0.0,0,(),0.0,0.0
71280,Center Drive,0.0,0.0,0.0,0,(),0.0,0.0
71285,Center Drive,0.0,0.0,0.0,0,(),0.0,0.0
71290,Center Drive,0.0,0.0,0.0,0,(),0.0,0.0
71295,Center Drive,0.0,0.0,0.0,0,(),0.0,0.0
71300,Center Drive,0.0,0.0,0.0,0,(),0.0,0.0
71305,Center Drive,0.0,0.0,0.0,0,(),0.0,0.0
71310,Center Drive,0.0,0.0,0.0,0,(),0.0,0.0
71315,Center Drive,0.0,0.0,0.0,0,(),0.0,0.0
71320,Center Drive,0.0,0.0,0.0,0,(),0.0,0.0
71325,Center Drive,0.0,0.0,0.0,0,(),0.0,0.0
71330,Center Drive,0.0,0.0,0.0,0,(),0.0,0.0
71335,Center Drive,0.0,0.0,0.0,0,(),0.0,0.0
71340,Center Drive,0.0,0.0,0.0,0,(),0.0,0.0
71345,Center Drive,0.0,0.0,0.0,0,(),0.0,0.0
71350,Center Drive,0.0,0.0,0.0,0,(),0.0,0.0
71355,Center Drive,0.0,0.0,0.0,0,(),0.0,0.0
71360,Center Drive,0.0,0.0,0.0,0,(),0.0,0.0
71365,Center Drive,0.0,0.0,0.0,0,(),0.0,0.0
71370,Center Drive,0.0,0.0,0.0,0,(),0.0,0.0
71375,Center Drive,0.0,0.0,0.0,0,(),0.0,0.0
71380,Center Drive,0.0,0.0,0.0,0,(),0.0,0.0
71385,Center Drive,0.0,0.0,0.0,0,(),0.0,0.0
71390,Center Drive,0.0,0.0,0.0,0,(),0.0,0.0
71395,Center Drive,0.0,0.0,0.0,0,(),0.0,0.0
71400,Center Drive,0.0,0.0,0.0,0,(),0.0,0.0
71405,Center Drive,0.0,0.0,0.0,0,(),0.0,0.0
71410,Center Drive,0.0,0.0,0.0,0,(),0.0,0.0
71415,Center Drive,0.0,0.0,0.0,0,(),0.0,0.0
71420,Center Drive,0.0,0.0,0.0,0,(),0.0,0.0
71425,Center Drive,0.0,0.0,0.0,0,(),0.0,0.0
71430,Center Drive,0.0,0.0,0.0,0,(),0.0,0.0
71435,Center Drive,0.0,0.0,0.0,0,(),0.0,0.0
71440,Center Drive,0.0,0.0,0.0,0,(),0.0,0.0
71445,Center Drive,0.0,0.0,0.0,0,(),0.0,0.0
71450,Center Drive,0.0,0.0,0.0,0,(),0.0,0.0
71455,Center Drive,0.0,0.0,0.0,0,(),0.0,0.0
71460,Center Drive,0.0,0.0,0.0,0,(),0.0,0.0
71465,Center Drive,0.0,0.0,0.0,0,(),0.0,0.0
71470,Center Drive,0.0,0.0,0.0,0,(),0.0,0.0
71475,Center Drive,0.0,0.0,0.0,0,(),0.0,0.0
71480,Center Drive,0.0,0.0,0.0,0,(),0.0,0.0
71485,Center Drive,0.0,0.0,0.0,0,(),0.0,0.0
71490,Center Drive,0.0,0.0,0.0,0,(),0.0,0.0
71495,Center Drive,0.0,0.0,0.0,0,(),0.0,0.0
71500,Center Drive,0.0,0.0,0.0,0,(),0.0,0.0
71505,Center Drive,0.0,0.0,0.0,0,(),0.0,0.0
71510,Center Drive,0.0,0.0,0.0,0,(),0.0,0.0
71515,Center Drive,0.0,0.0,0.0,0,(),0.0,0.0
71520,Center Drive,0.0,0.0,0.0,0,(),0.0,0.0
71525,Center Drive,0.0,0.0,0.0,0,(),0.0,0.0
71530,Center Drive,0.0,0.0,0.0,0,(),0.0,0.0
71535,Center Drive,0.0,0.0,0.0,0,(),0.0,0.0
71540,Center Drive,0.0,0.0,0.0,0,(),0.0,0.0
71545,Center Drive,0.0,0.0,0.0,0,(),0.0,0.0
71550,Center Drive,0.0,0.0,0.0,0,(),0.0,0.0
71555,Center Drive,0.0,0.0,0.0,0,(),0.0,0.0
71560,Center Drive,0.0,0.0,0.0,0,(),0.0,0.0
71565,Center Drive,0.0,0.0,0.0,0,(),0.0,0.0
71570,Center Drive,0.0,0.0,0.0,0,(),0.0,0.0
71575,Center Drive,0.0,0.0,0.0,0,(),0.0,0.0
71580,Center Drive,0.0,0.0,0.0,0,(),0.0,0.0
71585,Center Drive,0.0,0.0,0.0,0,(),0.0,0.0
71590,Center Drive,0.0,0.0,0.0,0,(),0.0,0.0
71595,Center Drive,0.0,0.0,0.0,0,(),0.0,0.0
71600,Center Drive,0.0,0.0,0.0,0,(),0.0,0.0
71605,Center Drive,0.0,0.0,0.0,0,(),0.0,0.0
71610,Center Drive,0.0,0.0,0.0,0,(),0.0,0.0
71615,Center Drive,0.0,0.0,0.0,0,(),0.0,0.0
71620,Center Drive,0.0,0.0,0.0,0,(),0.0,0.0
71625,Center Drive,0.0,0.0,0.0,0,(),0.0,0.0
71630,Center Drive,0.0,0.0,0.0,0,(),0.0,0.0
71635,Center Drive,0.0,0.0,0.0,0,(),0.0,0.0
71640,Center Drive,0.0,0.0,0.0,0,(),0.0,0.0
71645,Center Drive,0.0,0.0,0.0,0,(),0.0,0.0
71650,Center Drive,0.0,0.0,0.0,0,(),0.0,0.0
71655,Center Drive,0.0,0.0,0.0,0,(),0.0,0.0
71660,Center Drive,0.0,0.0,0.0,0,(),0.0,0.0
71665,Center Drive,0.0,0.0,0.0,0,(),0.0,0.0
71670,Center Drive,0.0,0.0,0.0,0,(),0.0,0.0
71675,Center Drive,0.0,0.0,0.0,0,(),0.0,0.0
71680,Center Drive,0.0,0.0,0.0,0,(),0.0,0.0
71685,Center Drive,0.0,0.0,0.0,0,(),0.0,0.0
71690,Center Drive,0.0,0.0,0.0,0,(),0.0,0.0
71695,Center Drive,0.0,0.0,0.0,0,(),0.0,0.0
71700,Center Drive,0.0,0.0,0.0,0,(),0.0,0.0
71705,Center Drive,0.0,0.0,0.0,0,(),0.0,0.0
71710,Center Drive,0.0,0.0,0.0,0,(),0.0,0.0
71715,Center Drive,0.0,0.0,0.0,0,(),0.0,0.0
71720,Center Drive,0.0,0.0,0.0,0,(),0.0,0.0
71725,Center Drive,0.0,0.0,0.0,0,(),0.0,0.0
71730,Center Drive,0.0,0.0,0.0,0,(),0.0,0.0
71735,Center Drive,0.0,0.0,0.0,0,(),0.0,0.0
71740,Center Drive,0.0,0.0,0.0,0,(),0.0,0.0
71745,Center Drive,0.0,0.0,0.0,0,(),0.0,0.0
71750,Center Drive,0.0,0.0,0.0,0,(),0.0,0.0
71755,Center Drive,0.0,0.0,0.0,0,(),0.0,0.0
71760,Center Drive,0.0,0.0,0.0,0,(),0.0,0.0
71765,Center Drive,0.0,0.0,0.0,0,(),0.0,0.0
71770,Center Drive,0.0,0.0,0.0,0,(),0.0,0.0
71775,Center Drive,0.0,0.0,0.0,0,(),0.0,0.0
71780,Center Drive,0.0,0.0,0.0,0,(),0.0,0.0
71785,Center Drive,0.0,0.0,0.0,0,(),0.0,0.0
71790,Center Drive,0.0,0.0,0.0,0,(),0.0,0.0
71795,Center Drive,0.0,0.0,0.0,0,(),0.0,0.0
71800,Center Drive,0.0,0.0,0.0,0,(),0.0,0.0
71805,Center Drive,0.0,0.0,0.0,0,(),0.0,0.0
71810,Center Drive,0.0,0.0,0.0,0,(),0.0,0.0
71815,Center Drive,0.0,0.0,0.0,0,(),0.0,0.0
71820,Center Drive,0.0,0.0,0.0,0,(),0.0,0.0
71825,Center Drive,0.0,0.0,0.0,0,(),0.0,0.0
71830,Center Drive,0.0,0.0,0.0,0,(),0.0,0.0
71835,Center Drive,0.0,0.0,0.0,0,(),0.0,0.0
71840,Center Drive,0.0,0.0,0.0,0,(),0.0,0.0
71845,Center Drive,0.0,0.0,0.0,0,(),0.0,0.0
71850,Center Drive,0.0,0.0,0.0,0,(),0.0,0.0
71855,Center Drive,0.0,0.0,0.0,0,(),0.0,0.0
71860,Center Drive,0.0,0.0,0.0,0,(),0.0,0.0
71865,Center Drive,0.0,0.0,0.0,0,(),0.0,0.0
71870,Center Drive,0.0,0.0,0.0,0,(),0.0,0.0
71875,Center Drive,0.0,0.0,0.0,0,(),0.0,0.0
71880,Center Drive,0.0,0.0,0.0,0,(),0.0,0.0
71885,Center Drive,0.0,0.0,0.0,0,(),0.0,0.0
71890,Center Drive,0.0,0.0,0.0,0,(),0.0,0.0
71895,Center Drive,0.0,0.0,0.0,0,(),0.0,0.0
71900,Center Drive,0.0,0.0,0.0,0,(),0.0,0.0
71905,Center Drive,0.0,0.0,0.0,0,(),0.0,0.0
71910,Center Drive,0.0,0.0,0.0,0,(),0.0,0.0
71915,Center Drive,0.0,0.0,0.0,0,(),0.0,0.0
71920,Center Drive,0.0,0.0,0.0,0,(),0.0,0.0
71925,Center Drive,0.0,0.0,0.0,0,(),0.0,0.0
71930,Center Drive,0.0,0.0,0.0,0,(),0.0,0.0
71935,Center Drive,0.0,0.0,0.0,0,(),0.0,0.0
71940,Center Drive,0.0,0.0,0.0,0,(),0.0,0.0
71945,Center Drive,0.0,0.0,0.0,0,(),0.0,0.0
71950,Center Drive,0.0,0.0,0.0,0,(),0.0,0.0
71955,Center Drive,0.0,0.0,0.0,0,(),0.0,0.0
71960,Center Drive,0.0,0.0,0.0,0,(),0.0,0.0
71965,Center Drive,0.0,0.0,0.0,0,(),0.0,0.0
71970,Center Drive,0.0,0.0,0.0,0,(),0.0,0.0
71975,Center Drive,0.0,0.0,0.0,0,(),0.0,0.0
71980,Center Drive,0.0,0.0,0.0,0,(),0.0,0.0
71985,Center Drive,0.0,0.0,0.0,0,(),0.0,0.0
71990,Center Drive,0.0,0.0,0.0,0,(),0.0,0.0
71995,Center Drive,0.0,0.0,0.0,0,(),0.0,0.0
72000,Center Drive,0.0,0.0,0.0,0,(),0.0,0.0
72005,Center Drive,0.0,0.0,0.0,0,(),0.0,0.0
72010,Center Drive,0.0,0.0,0.0,0,(),0.0,0.0
72015,Center Drive,0.0,0.0,0.0,0,(),0.0,0.0
72020,Center Drive,0.0,0.0,0.0,0,(),0.0,0.0
72025,Center Drive,0.0,0.0,0.0,0,(),0.0,0.0
72030,Center Drive,0.0,0.0,0.0,0,(),0.0,0.0
72035,Center Drive,0.0,0.0,0.0,0,(),0.0,0.0
72040,Center Drive,0.0,0.0,0.0,0,(),0.0,0.0
72045,Center Drive,0.0,0.0,0.0,0,(),0.0,0.0
72050,Center Drive,0.0,0.0,0.0,0,(),0.0,0.0
72055,Center Drive,0.0,0.0,0.0,0,(),0.0,0.0
72060,Center Drive,0.0,0.0,0.0,0,(),0.0,0.0
72065,Center Drive,0.0,0.0,0.0,0,(),0.0,0.0
72070,Center Drive,0.0,0.0,0.0,0,(),0.0,0.0
72075,Center Drive,0.0,0.0,0.0,0,(),0.0,0.0
72080,Center Drive,0.0,0.0,0.0,0,(),0.0,0.0
72085,Center Drive,0.0,0.0,0.0,0,(),0.0,0.0
72090,Center Drive,0.0,0.0,0.0,0,(),0.0,0.0
72095,Center Drive,0.0,0.0,0.0,0,(),0.0,0.0
72100,Center Drive,0.0,0.0,0.0,0,(),0.0,0.0
72105,Center Drive,0.0,0.0,0.0,0,(),0.0,0.0
72110,Center Drive,0.0,0.0,0.0,0,(),0.0,0.0
72115,Center Drive,0.0,0.0,0.0,0,(),0.0,0.0
72120,Center Drive,0.0,0.0,0.0,0,(),0.0,0.0
72125,Center Drive,0.0,0.0,0.0,0,(),0.0,0.0
72130,Center Drive,0.0,0.0,0.0,0,(),0.0,0.0
72135,Center Drive,0.0,0.0,0.0,0,(),0.0,0.0
72140,Center Drive,0.0,0.0,0.0,0,(),0.0,0.0
72145,Center Drive,0.0,0.0,0.0,0,(),0.0,0.0
72150,Center Drive,0.0,0.0,0.0,0,(),0.0,0.0
72155,Center Drive,0.0,0.0,0.0,0,(),0.0,0.0
72160,Center Drive,0.0,0.0,0.0,0,(),0.0,0.0
72165,Center Drive,0.0,0.0,0.0,0,(),0.0,0.0
72170,Center Drive,0.0,0.0,0.0,0,(),0.0,0.0
72175,Center Drive,0.0,0.0,0.0,0,(),0.0,0.0
72180,Center Drive,0.0,0.0,0.0,0,(),0.0,0.0
72185,Center Drive,0.0,0.0,0.0,0,(),0.0,0.0
72190,Center Drive,0.0,0.0,0.0,0,(),0.0,0.0
72195,Center Drive,0.0,0.0,0.0,0,(),0.0,0.0
72200,Center Drive,0.0,0.0,0.0,0,(),0.0,0.0
72205,Center Drive,0.0,0.0,0.0,0,(),0.0,0.0
72210,Center Drive,0.0,0.0,0.0,0,(),0.0,0.0
72215,Center Drive,0.0,0.0,0.0,0,(),0.0,0.0
72220,Center Drive,0.0,0.0,0.0,0,(),0.0,0.0
72225,Center Drive,0.0,0.0,0.0,0,(),0.0,0.0
72230,Center Drive,0.0,0.0,0.0,0,(),0.0,0.0
72235,Center Drive,0.0,0.0,0.0,0,(),0.0,0.0
72240,Center Drive,0.0,0.0,0.0,0,(),0.0,0.0
72245,Center Drive,0.0,0.0,0.0,0,(),0.0,0.0
72250,Center Drive,0.0,0.0,0.0,0,(),0.0,0.0
72255,Center Drive,0.0,0.0,0.0,0,(),0.0,0.0
72260,Center Drive,0.0,0.0,0.0,0,(),0.0,0.0
72265,Center Drive,0.0,0.0,0.0,0,(),0.0,0.0
72270,Center Drive,0.0,0.0,0.0,0,(),0.0,0.0
72275,Center Drive,0.0,0.0,0.0,0,(),0.0,0.0
72280,Center Drive,0.0,0.0,0.0,0,(),0.0,0.0
72285,Center Drive,0.0,0.0,0.0,0,(),0.0,0.0
72290,Center Drive,0.0,0.0,0.0,0,(),0.0,0.0
72295,Center Drive,0.0,0.0,0.0,0,(),0.0,0.0
72300,Center Drive,0.0,0.0,0.0,0,(),0.0,0.0
72305,Center Drive,0.0,0.0,0.0,0,(),0.0,0.0
72310,Center Drive,0.0,0.0,0.0,0,(),0.0,0.0
72315,Center Drive,0.0,0.0,0.0,0,(),0.0,0.0
72320,Center Drive,0.0,0.0,0.0,0,(),0.0,0.0
72325,Center Drive,0.0,0.0,0.0,0,(),0.0,0.0
72330,Center Drive,0.0,0.0,0.0,0,(),0.0,0.0
72335,Center Drive,0.0,0.0,0.0,0,(),0.0,0.0
72340,Center Drive,0.0,0.0,0.0,0,(),0.0,0.0
72345,Center Drive,0.0,0.0,0.0,0,(),0.0,0.0
72350,Center Drive,0.0,0.0,0.0,0,(),0.0,0.0
72355,Center Drive,0.0,0.0,0.0,0,(),0.0,0.0
72360,Center Drive,0.0,0.0,0.0,0,(),0.0,0.0
72365,Center Drive,0.0,0.0,0.0,0,(),0.0,0.0
72370,Center Drive,0.0,0.0,0.0,0,(),0.0,0.0
72375,Center Drive,0.0,0.0,0.0,0,(),0.0,0.0
72380,Center Drive,0.0,0.0,0.0,0,(),0.0,0.0
72385,Center Drive,0.0,0.0,0.0,0,(),0.0,0.0
72390,Center Drive,0.0,0.0,0.0,0,(),0.0,0.0
72395,Center Drive,0.0,0.0,0.0,0,(),0.0,0.0
72400,Center Drive,0.0,0.0,0.0,0,(),0.0,0.0
72405,Center Drive,0.0,0.0,0.0,0,(),0.0,0.0
72410,Center Drive,0.0,0.0,0.0,0,(),0.0,0.0
72415,Center Drive,0.0,0.0,0.0,0,(),0.0,0.0
72420,Center Drive,0.0,0.0,0.0,0,(),0.0,0.0
72425,Center Drive,0.0,0.0,0.0,0,(),0.0,0.0
72430,Center Drive,0.0,0.0,0.0,0,(),0.0,0.0
72435,Center Drive,0.0,0.0,0.0,0,(),0.0,0.0
72440,Center Drive,0.0,0.0,0.0,0,(),0.0,0.0
72445,Center Drive,0.0,0.0,0.0,0,(),0.0,0.0
72450,Center Drive,0.0,0.0,0.0,0,(),0.0,0.0
72455,Center Drive,0.0,0.0,0.0,0,(),0.0,0.0
72460,Center Drive,0.0,0.0,0.0,0,(),0.0,0.0
72465,Center Drive,0.0,0.0,0.0,0,(),0.0,0.0
72470,Center Drive,0.0,0.0,0.0,0,(),0.0,0.0
72475,Center Drive,0.0,0.0,0.0,0,(),0.0,0.0
72480,Center Drive,0.0,0.0,0.0,0,(),0.0,0.0
72485,Center Drive,0.0,0.0,0.0,0,(),0.0,0.0
72490,Center Drive,0.0,0.0,0.0,0,(),0.0,0.0
72495,Center Drive,0.0,0.0,0.0,0,(),0.0,0.0
72500,Center Drive,0.0,0.0,0.0,0,(),0.0,0.0
72505,Center Drive,0.0,0.0,0.0,0,(),0.0,0.0
72510,Center Drive,0.0,0.0,0.0,0,(),0.0,0.0
72515,Center Drive,0.0,0.0,0.0,0,(),0.0,0.0
72520,Center Drive,0.0,0.0,0.0,0,(),0.0,0.0
72525,Center Drive,0.0,0.0,0.0,0,(),0.0,0.0
72530,Center Drive,0.0,0.0,0.0,0,(),0.0,0.0
72535,Center Drive,0.0,0.0,0.0,0,(),0.0,0.0
72540,Center Drive,0.0,0.0,0.0,0,(),0.0,0.0
72545,Center Drive,0.0,0.0,0.0,0,(),0.0,0.0
72550,Center Drive,0.0,0.0,0.0,0,(),0.0,0.0
72555,Center Drive,0.0,0.0,0.0,0,(),0.0,0.0
72560,Center Drive,0.0,0.0,0.0,0,(),0.0,0.0
72565,Center Drive,0.0,0.0,0.0,0,(),0.0,0.0
72570,Center Drive,0.0,0.0,0.0,0,(),0.0,0.0
72575,Center Drive,0.0,0.0,0.0,0,(),0.0,0.0
72580,Center Drive,0.0,0.0,0.0,0,(),0.0,0.0
72585,Center Drive,0.0,0.0,0.0,0,(),0.0,0.0
72590,Center Drive,0.0,0.0,0.0,0,(),0.0,0.0
72595,Center Drive,0.0,0.0,0.0,0,(),0.0,0.0
72600,Center Drive,0.0,0.0,0.0,0,(),0.0,0.0
72605,Center Drive,0.0,0.0,0.0,0,(),0.0,0.0
72610,Center Drive,0.0,0.0,0.0,0,(),0.0,0.0
72615,Center Drive,0.0,0.0,0.0,0,(),0.0,0.0
72620,Center Drive,0.0,0.0,0.0,0,(),0.0,0.0
72625,Center Drive,0.0,0.0,0.0,0,(),0.0,0.0
72630,Center Drive,0.0,0.0,0.0,0,(),0.0,0.0
72635,Center Drive,0.0,0.0,0.0,0,(),0.0,0.0
72640,Center Drive,0.0,0.0,0.0,0,(),0.0,0.0
72645,Center Drive,0.0,0.0,0.0,0,(),0.0,0.0
72650,Center Drive,0.0,0.0,0.0,0,(),0.0,0.0
72655,Center Drive,0.0,0.0,0.0,0,(),0.0,0.0
72660,Center Drive,0.0,0.0,0.0,0,(),0.0,0.0
72665,Center Drive,0.0,0.0,0.0,0,(),0.0,0.0
72670,Center Drive,0.0,0.0,0.0,0,(),0.0,0.0
72675,Center Drive,0.0,0.0,0.0,0,(),0.0,0.0
72680,Center Drive,0.0,0.0,0.0,0,(),0.0,0.0
72685,Center Drive,0.0,0.0,0.0,0,(),0.0,0.0
72690,Center Drive,0.0,0.0,0.0,0,(),0.0,0.0
72695,Center Drive,0.0,0.0,0.0,0,(),0.0,0.0
72700,Center Drive,0.0,0.0,0.0,0,(),0.0,0.0
72705,Center Drive,0.0,0.0,0.0,0,(),0.0,0.0
72710,Center Drive,0.0,0.0,0.0,0,(),0.0,0.0
72715,Center Drive,0.0,0.0,0.0,0,(),0.0,0.0
72720,Center Drive,0.0,0.0,0.0,0,(),0.0,0.0
72725,Center Drive,0.0,0.0,0.0,0,(),0.0,0.0
72730,Center Drive,0.0,0.0,0.0,0,(),0.0,0.0
72735,Center Drive,0.0,0.0,0.0,0,(),0.0,0.0
72740,Center Drive,0.0,0.0,0.0,0,(),0.0,0.0
72745,Center Drive,0.0,0.0,0.0,0,(),0.0,0.0
72750,Center Drive,0.0,0.0,0.0,0,(),0.0,0.0
72755,Center Drive,0.0,0.0,0.0,0,(),0.0,0.0
72760,Center Drive,0.0,0.0,0.0,0,(),0.0,0.0
72765,Center Drive,0.0,0.0,0.0,0,(),0.0,0.0
72770,Center Drive,0.0,0.0,0.0,0,(),0.0,0.0
72775,Center Drive,0.0,0.0,0.0,0,(),0.0,0.0
72780,Center Drive,0.0,0.0,0.0,0,(),0.0,0.0
72785,Center Drive,0.0,0.0,0.0,0,(),0.0,0.0
72790,Center Drive,0.0,0.0,0.0,0,(),0.0,0.0
72795,Center Drive,0.0,0.0,0.0,0,(),0.0,0.0
72800,Center Drive,0.0,0.0,0.0,0,(),0.0,0.0
72805,Center Drive,0.0,0.0,0.0,0,(),0.0,0.0
72810,Center Drive,0.0,0.0,0.0,0,(),0.0,0.0
72815,Center Drive,0.0,0.0,0.0,0,(),0.0,0.0
72820,Center Drive,0.0,0.0,0.0,0,(),0.0,0.0
72825,Center Drive,0.0,0.0,0.0,0,(),0.0,0.0
72830,Center Drive,0.0,0.0,0.0,0,(),0.0,0.0
72835,Center Drive,0.0,0.0,0.0,0,(),0.0,0.0
72840,Center Drive,0.0,0.0,0.0,0,(),0.0,0.0
72845,Center Drive,0.0,0.0,0.0,0,(),0.0,0.0
72850,Center Drive,0.0,0.0,0.0,0,(),0.0,0.0
72855,Center Drive,0.0,0.0,0.0,0,(),0.0,0.0
72860,Center Drive,0.0,0.0,0.0,0,(),0.0,0.0
72865,Center Drive,0.0,0.0,0.0,0,(),0.0,0.0
72870,Center Drive,0.0,0.0,0.0,0,(),0.0,0.0
72875,Center Drive,0.0,0.0,0.0,0,(),0.0,0.0
72880,Center Drive,0.0,0.0,0.0,0,(),0.0,0.0
72885,Center Drive,0.0,0.0,0.0,0,(),0.0,0.0
72890,Center Drive,0.0,0.0,0.0,0,(),0.0,0.0
72895,Center Drive,0.0,0.0,0.0,0,(),0.0,0.0
72900,Center Drive,0.0,0.0,0.0,0,(),0.0,0.0
72905,Center Drive,0.0,0.0,0.0,0,(),0.0,0.0
72910,Center Drive,0.0,0.0,0.0,0,(),0.0,0.0
72915,Center Drive,0.0,0.0,0.0,0,(),0.0,0.0
72920,Center Drive,0.0,0.0,0.0,0,(),0.0,0.0
72925,Center Drive,0.0,0.0,0.0,0,(),0.0,0.0
72930,Center Drive,0.0,0.0,0.0,0,(),0.0,0.0
72935,Center Drive,0.0,0.0,0.0,0,(),0.0,0.0
72940,Center Drive,0.0,0.0,0.0,0,(),0.0,0.0
72945,Center Drive,0.0,0.0,0.0,0,(),0.0,0.0
72950,Center Drive,0.0,0.0,0.0,0,(),0.0,0.0
72955,Center Drive,0.0,0.0,0.0,0,(),0.0,0.0
72960,Center Drive,0.0,0.0,0.0,0,(),0.0,0.0
72965,Center Drive,0.0,0.0,0.0,0,(),0.0,0.0
72970,Center Drive,0.0,0.0,0.0,0,(),0.0,0.0
72975,Center Drive,0.0,0.0,0.0,0,(),0.0,0.0
72980,Center Drive,0.0,0.0,0.0,0,(),0.0,0.0
72985,Center Drive,0.0,0.0,0.0,0,(),0.0,0.0
72990,Center Drive,0.0,0.0,0.0,0,(),0.0,0.0
72995,Center Drive,0.0,0.0,0.0,0,(),0.0,0.0
73000,Center Drive,0.0,0.0,0.0,0,(),0.0,0.0
73005,Center Drive,0.0,0.0,0.0,0,(),0.0,0.0
73010,Center Drive,0.0,0.0,0.0,0,(),0.0,0.0
73015,Center Drive,0.0,0.0,0.0,0,(),0.0,0.0
73020,Center Drive,0.0,0.0,0.0,0,(),0.0,0.0
73025,Center Drive,0.0,0.0,0.0,0,(),0.0,0.0
73030,Center Drive,0.0,0.0,0.0,0,(),0.0,0.0
73035,Center Drive,0.0,0.0,0.0,0,(),0.0,0.0
73040,Center Drive,0.0,0.0,0.0,0,(),0.0,0.0
73045,Center Drive,0.0,0.0,0.0,0,(),0.0,0.0
73050,Center Drive,0.0,0.0,0.0,0,(),0.0,0.0
73055,Center Drive,0.0,0.0,0.0,0,(),0.0,0.0
73060,Center Drive,0.0,0.0,0.0,0,(),0.0,0.0
73065,Center Drive,0.0,0.0,0.0,0,(),0.0,0.0
73070,Center Drive,0.0,0.0,0.0,0,(),0.0,0.0
73075,Center Drive,0.0,0.0,0.0,0,(),0.0,0.0
73080,Center Drive,0.0,0.0,0.0,0,(),0.0,0.0
73085,Center Drive,0.0,0.0,0.0,0,(),0.0,0.0
73090,Center Drive,0.0,0.0,0.0,0,(),0.0,0.0
73095,Center Drive,0.0,0.0,0.0,0,(),0.0,0.0
73100,Center Drive,0.0,0.0,0.0,0,(),0.0,0.0
73105,Center Drive,0.0,0.0,0.0,0,(),0.0,0.0
73110,Center Drive,0.0,0.0,0.0,0,(),0.0,0.0
73115,Center Drive,0.0,0.0,0.0,0,(),0.0,0.0
73120,Center Drive,0.0,0.0,0.0,0,(),0.0,0.0
73125,Center Drive,0.0,0.0,0.0,0,(),0.0,0.0
73130,Center Drive,0.0,0.0,0.0,0,(),0.0,0.0
73135,Center Drive,0.0,0.0,0.0,0,(),0.0,0.0
73140,Center Drive,0.0,0.0,0.0,0,(),0.0,0.0
73145,Center Drive,0.0,0.0,0.0,0,(),0.0,0.0
73150,Center Drive,0.0,0.0,0.0,0,(),0.0,0.0
73155,Center Drive,0.0,0.0,0.0,0,(),0.0,0.0
73160,Center Drive,0.0,0.0,0.0,0,(),0.0,0.0
73165,Center Drive,0.0,0.0,0.0,0,(),0.0,0.0
73170,Center Drive,0.0,0.0,0.0,0,(),0.0,0.0
73175,Center Drive,0.0,0.0,0.0,0,(),0.0,0.0
73180,Center Drive,0.0,0.0,0.0,0,(),0.0,0.0
73185,Center Drive,0.0,0.0,0.0,0,(),0.0,0.0
73190,Center Drive,0.0,0.0,0.0,0,(),0.0,0.0
73195,Center Drive,0.0,0.0,0.0,0,(),0.0,0.0
73200,Center Drive,0.0,0.0,0.0,0,(),0.0,0.0
73205,Center Drive,0.0,0.0,0.0,0,(),0.0,0.0
73210,Center Drive,0.0,0.0,0.0,0,(),0.0,0.0
73215,Center Drive,0.0,0.0,0.0,0,(),0.0,0.0
73220,Center Drive,0.0,0.0,0.0,0,(),0.0,0.0
73225,Center Drive,0.0,0.0,0.0,0,(),0.0,0.0
73230,Center Drive,0.0,0.0,0.0,0,(),0.0,0.0
73235,Center Drive,0.0,0.0,0.0,0,(),0.0,0.0
73240,Center Drive,0.0,0.0,0.0,0,(),0.0,0.0
73245,Center Drive,0.0,0.0,0.0,0,(),0.0,0.0
73250,Center Drive,0.0,0.0,0.0,0,(),0.0,0.0
73255,Center Drive,0.0,0.0,0.0,0,(),0.0,0.0
73260,Center Drive,0.0,0.0,0.0,0,(),0.0,0.0
73265,Center Drive,0.0,0.0,0.0,0,(),0.0,0.0
73270,Center Drive,0.0,0.0,0.0,0,(),0.0,0.0
73275,Center Drive,0.0,0.0,0.0,0,(),0.0,0.0
73280,Center Drive,0.0,0.0,0.0,0,(),0.0,0.0
73285,Center Drive,0.0,0.0,0.0,0,(),0.0,0.0
73290,Center Drive,0.0,0.0,0.0,0,(),0.0,0.0
73295,Center Drive,0.0,0.0,0.0,0,(),0.0,0.0
73300,Center Drive,0.0,0.0,0.0,0,(),0.0,0.0
73305,Center Drive,0.0,0.0,0.0,0,(),0.0,0.0
73310,Center Drive,0.0,0.0,0.0,0,(),0.0,0.0
73315,Center Drive,0.0,0.0,0.0,0,(),0.0,0.0
73320,Center Drive,0.0,0.0,0.0,0,(),0.0,0.0
73325,Center Drive,0.0,0.0,0.0,0,(),0.0,0.0
73330,Center Drive,0.0,0.0,0.0,0,(),0.0,0.0
73335,Center Drive,0.0,0.0,0.0,0,(),0.0,0.0
73340,Center Drive,0.0,0.0,0.0,0,(),0.0,0.0
73345,Center Drive,0.0,0.0,0.0,0,(),0.0,0.0
73350,Center Drive,0.0,0.0,0.0,0,(),0.0,0.0
73355,Center Drive,0.0,0.0,0.0,0,(),0.0,0.0
73360,Center Drive,0.0,0.0,0.0,0,(),0.0,0.0
73365,Center Drive,0.0,0.0,0.0,0,(),0.0,0.0
73370,Center Drive,0.0,0.0,0.0,0,(),0.0,0.0
73375,Center Drive,0.0,0.0,0.0,0,(),0.0,0.0
73380,Center Drive,0.0,0.0,0.0,0,(),0.0,0.0
73385,Center Drive,0.0,0.0,0.0,0,(),0.0,0.0
73390,Center Drive,0.0,0.0,0.0,0,(),0.0,0.0
73395,Center Drive,0.0,0.0,0.0,0,(),0.0,0.0
73400,Center Drive,0.0,0.0,0.0,0,(),0.0,0.0
73405,Center Drive,0.0,0.0,0.0,0,(),0.0,0.0
73410,Center Drive,0.0,0.0,0.0,0,(),0.0,0.0
73415,Center Drive,0.0,0.0,0.0,0,(),0.0,0.0
73420,Center Drive,0.0,0.0,0.0,0,(),0.0,0.0
73425,Center Drive,0.0,0.0,0.0,0,(),0.0,0.0
73430,Center Drive,0.0,0.0,0.0,0,(),0.0,0.0
73435,Center Drive,0.0,0.0,0.0,0,(),0.0,0.0
73440,Center Drive,0.0,0.0,0.0,0,(),0.0,0.0
73445,Center Drive,0.0,0.0,0.0,0,(),0.0,0.0
73450,Center Drive,0.0,0.0,0.0,0,(),0.0,0.0
73455,Center Drive,0.0,0.0,0.0,0,(),0.0,0.0
73460,Center Drive,0.0,0.0,0.0,0,(),0.0,0.0
73465,Center Drive,0.0,0.0,0.0,0,(),0.0,0.0
73470,Center Drive,0.0,0.0,0.0,0,(),0.0,0.0
73475,Center Drive,0.0,0.0,0.0,0,(),0.0,0.0
73480,Center Drive,0.0,0.0,0.0,0,(),0.0,0.0
73485,Center Drive,0.0,0.0,0.0,0,(),0.0,0.0
73490,Center Drive,0.0,0.0,0.0,0,(),0.0,0.0
73495,Center Drive,0.0,0.0,0.0,0,(),0.0,0.0
73500,Center Drive,0.0,0.0,0.0,0,(),0.0,0.0
73505,Center Drive,0.0,0.0,0.0,0,(),0.0,0.0
73510,Center Drive,0.0,0.0,0.0,0,(),0.0,0.0
73515,Center Drive,0.0,0.0,0.0,0,(),0.0,0.0
73520,Center Drive,0.0,0.0,0.0,0,(),0.0,0.0
73525,Center Drive,0.0,0.0,0.0,0,(),0.0,0.0
73530,Center Drive,0.0,0.0,0.0,0,(),0.0,0.0
73535,Center Drive,0.0,0.0,0.0,0,(),0.0,0.0
73540,Center Drive,0.0,0.0,0.0,0,(),0.0,0.0
73545,Center Drive,0.0,0.0,0.0,0,(),0.0,0.0
73550,Center Drive,0.0,0.0,0.0,0,(),0.0,0.0
73555,Center Drive,0.0,0.0,0.0,0,(),0.0,0.0
73560,Center Drive,0.0,0.0,0.0,0,(),0.0,0.0
73565,Center Drive,0.0,0.0,0.0,0,(),0.0,0.0
73570,Center Drive,0.0,0.0,0.0,0,(),0.0,0.0
73575,Center Drive,0.0,0.0,0.0,0,(),0.0,0.0
73580,Center Drive,0.0,0.0,0.0,0,(),0.0,0.0
73585,Center Drive,0.0,0.0,0.0,0,(),0.0,0.0
73590,Center Drive,0.0,0.0,0.0,0,(),0.0,0.0
73595,Center Drive,0.0,0.0,0.0,0,(),0.0,0.0
73600,Center Drive,0.0,0.0,0.0,0,(),0.0,0.0
73605,Center Drive,0.0,0.0,0.0,0,(),0.0,0.0
73610,Center Drive,0.0,0.0,0.0,0,(),0.0,0.0
73615,Center Drive,0.0,0.0,0.0,0,(),0.0,0.0
73620,Center Drive,0.0,0.0,0.0,0,(),0.0,0.0
73625,Center Drive,0.0,0.0,0.0,0,(),0.0,0.0
73630,Center Drive,0.0,0.0,0.0,0,(),0.0,0.0
73635,Center Drive,0.0,0.0,0.0,0,(),0.0,0.0
73640,Center Drive,0.0,0.0,0.0,0,(),0.0,0.0
73645,Center Drive,0.0,0.0,0.0,0,(),0.0,0.0
73650,Center Drive,0.0,0.0,0.0,0,(),0.0,0.0
73655,Center Drive,0.0,0.0,0.0,0,(),0.0,0.0
73660,Center Drive,0.0,0.0,0.0,0,(),0.0,0.0
73665,Center Drive,0.0,0.0,0.0,0,(),0.0,0.0
73670,Center Drive,0.0,0.0,0.0,0,(),0.0,0.0
73675,Center Drive,0.0,0.0,0.0,0,(),0.0,0.0
73680,Center Drive,0.0,0.0,0.0,0,(),0.0,0.0
73685,Center Drive,0.0,0.0,0.0,0,(),0.0,0.0
73690,Center Drive,0.0,0.0,0.0,0,(),0.0,0.0
73695,Center Drive,0.0,0.0,0.0,0,(),0.0,0.0
73700,Center Drive,0.0,0.0,0.0,0,(),0.0,0.0
73705,Center Drive,0.0,0.0,0.0,0,(),0.0,0.0
73710,Center Drive,0.0,0.0,0.0,0,(),0.0,0.0
73715,Center Drive,0.0,0.0,0.0,0,(),0.0,0.0
73720,Center Drive,0.0,0.0,0.0,0,(),0.0,0.0
73725,Center Drive,0.0,0.0,0.0,0,(),0.0,0.0
73730,Center Drive,0.0,0.0,0.0,0,(),0.0,0.0
73735,Center Drive,0.0,0.0,0.0,0,(),0.0,0.0
73740,Center Drive,0.0,0.0,0.0,0,(),0.0,0.0
73745,Center Drive,0.0,0.0,0.0,0,(),0.0,0.0
73750,Center Drive,0.0,0.0,0.0,0,(),0.0,0.0
73755,Center Drive,0.0,0.0,0.0,0,(),0.0,0.0
73760,Center Drive,0.0,0.0,0.0,0,(),0.0,0.0
73765,Center Drive,0.0,0.0,0.0,0,(),0.0,0.0
73770,Center Drive,0.0,0.0,0.0,0,(),0.0,0.0
73775,Center Drive,0.0,0.0,0.0,0,(),0.0,0.0
73780,Center Drive,0.0,0.0,0.0,0,(),0.0,0.0
73785,Center Drive,0.0,0.0,0.0,0,(),0.0,0.0
73790,Center Drive,0.0,0.0,0.0,0,(),0.0,0.0
73795,Center Drive,0.0,0.0,0.0,0,(),0.0,0.0
73800,Center Drive,0.0,0.0,0.0,0,(),0.0,0.0
73805,Center Drive,0.0,0.0,0.0,0,(),0.0,0.0
73810,Center Drive,0.0,0.0,0.0,0,(),0.0,0.0
73815,Center Drive,0.0,0.0,0.0,0,(),0.0,0.0
73820,Center Drive,0.0,0.0,0.0,0,(),0.0,0.0
73825,Center Drive,0.0,0.0,0.0,0,(),0.0,0.0
73830,Center Drive,0.0,0.0,0.0,0,(),0.0,0.0
73835,Center Drive,0.0,0.0,0.0,0,(),0.0,0.0
73840,Center Drive,0.0,0.0,0.0,0,(),0.0,0.0
73845,Center Drive,0.0,0.0,0.0,0,(),0.0,0.0
73850,Center Drive,0.0,0.0,0.0,0,(),0.0,0.0
73855,Center Drive,0.0,0.0,0.0,0,(),0.0,0.0
73860,Center Drive,0.0,0.0,0.0,0,(),0.0,0.0
73865,Center Drive,0.0,0.0,0.0,0,(),0.0,0.0
73870,Center Drive,0.0,0.0,0.0,0,(),0.0,0.0
73875,Center Drive,0.0,0.0,0.0,0,(),0.0,0.0
73880,Center Drive,0.0,0.0,0.0,0,(),0.0,0.0
73885,Center Drive,0.0,0.0,0.0,0,(),0.0,0.0
73890,Center Drive,0.0,0.0,0.0,0,(),0.0,0.0
73895,Center Drive,0.0,0.0,0.0,0,(),0.0,0.0
73900,Center Drive,0.0,0.0,0.0,0,(),0.0,0.0
73905,Center Drive,0.0,0.0,0.0,0,(),0.0,0.0
73910,Center Drive,0.0,0.0,0.0,0,(),0.0,0.0
73915,Center Drive,0.0,0.0,0.0,0,(),0.0,0.0
73920,Center Drive,0.0,0.0,0.0,0,(),0.0,0.0
73925,Center Drive,0.0,0.0,0.0,0,(),0.0,0.0
73930,Center Drive,0.0,0.0,0.0,0,(),0.0,0.0
73935,Center Drive,0.0,0.0,0.0,0,(),0.0,0.0
73940,Center Drive,0.0,0.0,0.0,0,(),0.0,0.0
73945,Center Drive,0.0,0.0,0.0,0,(),0.0,0.0
73950,Center Drive,0.0,0.0,0.0,0,(),0.0,0.0
73955,Center Drive,0.0,0.0,0.0,0,(),0.0,0.0
73960,Center Drive,0.0,0.0,0.0,0,(),0.0,0.0
73965,Center Drive,0.0,0.0,0.0,0,(),0.0,0.0
73970,Center Drive,0.0,0.0,0.0,0,(),0.0,0.0
73975,Center Drive,0.0,0.0,0.0,0,(),0.0,0.0
73980,Center Drive,0.0,0.0,0.0,0,(),0.0,0.0
73985,Center Drive,0.0,0.0,0.0,0,(),0.0,0.0
73990,Center Drive,0.0,0.0,0.0,0,(),0.0,0.0
73995,Center Drive,0.0,0.0,0.0,0,(),0.0,0.0
74000,Center Drive,0.0,0.0,0.0,0,(),0.0,0.0
74005,Center Drive,0.0,0.0,0.0,0,(),0.0,0.0
74010,Center Drive,0.0,0.0,0.0,0,(),0.0,0.0
74015,Center Drive,0.0,0.0,0.0,0,(),0.0,0.0
74020,Center Drive,0.0,0.0,0.0,0,(),0.0,0.0
74025,Center Drive,0.0,0.0,0.0,0,(),0.0,0.0
74030,Center Drive,0.0,0.0,0.0,0,(),0.0,0.0
74035,Center Drive,0.0,0.0,0.0,0,(),0.0,0.0
74040,Center Drive,0.0,0.0,0.0,0,(),0.0,0.0
74045,Center Drive,0.0,0.0,0.0,0,(),0.0,0.0
74050,Center Drive,0.0,0.0,0.0,0,(),0.0,0.0
74055,Center Drive,0.0,0.0,0.0,0,(),0.0,0.0
74060,Center Drive,0.0,0.0,0.0,0,(),0.0,0.0
74065,Center Drive,0.0,0.0,0.0,0,(),0.0,0.0
74070,Center Drive,0.0,0.0,0.0,0,(),0.0,0.0
74075,Center Drive,0.0,0.0,0.0,0,(),0.0,0.0
74080,Center Drive,0.0,0.0,0.0,0,(),0.0,0.0
74085,Center Drive,0.0,0.0,0.0,0,(),0.0,0.0
74090,Center Drive,0.0,0.0,0.0,0,(),0.0,0.0
74095,Center Drive,0.0,0.0,0.0,0,(),0.0,0.0
74100,Center Drive,0.0,0.0,0.0,0,(),0.0,0.0
74105,Center Drive,0.0,0.0,0.0,0,(),0.0,0.0
74110,Center Drive,0.0,0.0,0.0,0,(),0.0,0.0
74115,Center Drive,0.0,0.0,0.0,0,(),0.0,0.0
74120,Center Drive,0.0,0.0,0.0,0,(),0.0,0.0
74125,Center Drive,0.0,0.0,0.0,0,(),0.0,0.0
74130,Center Drive,0.0,0.0,0.0,0,(),0.0,0.0
74135,Center Drive,0.0,0.0,0.0,0,(),0.0,0.0
74140,Center Drive,0.0,0.0,0.0,0,(),0.0,0.0
74145,Center Drive,0.0,0.0,0.0,0,(),0.0,0.0
74150,Center Drive,0.0,0.0,0.0,0,(),0.0,0.0
74155,Center Drive,0.0,0.0,0.0,0,(),0.0,0.0
74160,Center Drive,0.0,0.0,0.0,0,(),0.0,0.0
74165,Center Drive,0.0,0.0,0.0,0,(),0.0,0.0
74170,Center Drive,0.0,0.0,0.0,0,(),0.0,0.0
74175,Center Drive,0.0,0.0,0.0,0,(),0.0,0.0
74180,Center Drive,0.0,0.0,0.0,0,(),0.0,0.0
74185,Center Drive,0.0,0.0,0.0,0,(),0.0,0.0
74190,Center Drive,0.0,0.0,0.0,0,(),0.0,0.0
74195,Center Drive,0.0,0.0,0.0,0,(),0.0,0.0
74200,Center Drive,0.0,0.0,0.0,0,(),0.0,0.0
74205,Center Drive,0.0,0.0,0.0,0,(),0.0,0.0
74210,Center Drive,0.0,0.0,0.0,0,(),0.0,0.0
74215,Center Drive,0.0,0.0,0.0,0,(),0.0,0.0
74220,Center Drive,0.0,0.0,0.0,0,(),0.0,0.0
74225,Center Drive,0.0,0.0,0.0,0,(),0.0,0.0
74230,Center Drive,0.0,0.0,0.0,0,(),0.0,0.0
74235,Center Drive,0.0,0.0,0.0,0,(),0.0,0.0
74240,Center Drive,0.0,0.0,0.0,0,(),0.0,0.0
74245,Center Drive,0.0,0.0,0.0,0,(),0.0,0.0
74250,Center Drive,0.0,0.0,0.0,0,(),0.0,0.0
74255,Center Drive,0.0,0.0,0.0,0,(),0.0,0.0
74260,Center Drive,0.0,0.0,0.0,0,(),0.0,0.0
74265,Center Drive,0.0,0.0,0.0,0,(),0.0,0.0
74270,Center Drive,0.0,0.0,0.0,0,(),0.0,0.0
74275,Center Drive,0.0,0.0,0.0,0,(),0.0,0.0
74280,Center Drive,0.0,0.0,0.0,0,(),0.0,0.0
74285,Center Drive,0.0,0.0,0.0,0,(),0.0,0.0
74290,Center Drive,0.0,0.0,0.0,0,(),0.0,0.0
74295,Center Drive,0.0,0.0,0.0,0,(),0.0,0.0
74300,Center Drive,0.0,0.0,0.0,0,(),0.0,0.0
74305,Center Drive,0.0,0.0,0.0,0,(),0.0,0.0
74310,Center Drive,0.0,0.0,0.0,0,(),0.0,0.0
74315,Center Drive,0.0,0.0,0.0,0,(),0.0,0.0
74320,Center Drive,0.0,0.0,0.0,0,(),0.0,0.0
74325,Center Drive,0.0,0.0,0.0,0,(),0.0,0.0
74330,Center Drive,0.0,0.0,0.0,0,(),0.0,0.0
74335,Center Drive,0.0,0.0,0.0,0,(),0.0,0.0
74340,Center Drive,0.0,0.0,0.0,0,(),0.0,0.0
74345,Center Drive,0.0,0.0,0.0,0,(),0.0,0.0
74350,Center Drive,0.0,0.0,0.0,0,(),0.0,0.0
74355,Center Drive,0.0,0.0,0.0,0,(),0.0,0.0
74360,Center Drive,0.0,0.0,0.0,0,(),0.0,0.0
74365,Center Drive,0.0,0.0,0.0,0,(),0.0,0.0
74370,Center Drive,0.0,0.0,0.0,0,(),0.0,0.0
74375,Center Drive,0.0,0.0,0.0,0,(),0.0,0.0
74380,Center Drive,0.0,0.0,0.0,0,(),0.0,0.0
74385,Center Drive,0.0,0.0,0.0,0,(),0.0,0.0
74390,Center Drive,0.0,0.0,0.0,0,(),0.0,0.0
74395,Center Drive,0.0,0.0,0.0,0,(),0.0,0.0
74400,Center Drive,0.0,0.0,0.0,0,(),0.0,0.0
74405,Center Drive,0.0,0.0,0.0,0,(),0.0,0.0
74410,Center Drive,0.0,0.0,0.0,0,(),0.0,0.0
74415,Center Drive,0.0,0.0,0.0,0,(),0.0,0.0
74420,Center Drive,0.0,0.0,0.0,0,(),0.0,0.0
74425,Center Drive,0.0,0.0,0.0,0,(),0.0,0.0
74430,Center Drive,0.0,0.0,0.0,0,(),0.0,0.0
74435,Center Drive,0.0,0.0,0.0,0,(),0.0,0.0
74440,Center Drive,0.0,0.0,0.0,0,(),0.0,0.0
74445,Center Drive,0.0,0.0,0.0,0,(),0.0,0.0
74450,Center Drive,0.0,0.0,0.0,0,(),0.0,0.0
74455,Center Drive,0.0,0.0,0.0,0,(),0.0,0.0
74460,Center Drive,0.0,0.0,0.0,0,(),0.0,0.0
74465,Center Drive,0.0,0.0,0.0,0,(),0.0,0.0
74470,Center Drive,0.0,0.0,0.0,0,(),0.0,0.0
74475,Center Drive,0.0,0.0,0.0,0,(),0.0,0.0
74480,Center Drive,0.0,0.0,0.0,0,(),0.0,0.0
74485,Center Drive,0.0,0.0,0.0,0,(),0.0,0.0
74490,Center Drive,0.0,0.0,0.0,0,(),0.0,0.0
74495,Center Drive,0.0,0.0,0.0,0,(),0.0,0.0
74500,Center Drive,0.0,0.0,0.0,0,(),0.0,0.0
74505,Center Drive,0.0,0.0,0.0,0,(),0.0,0.0
74510,Center Drive,0.0,0.0,0.0,0,(),0.0,0.0
74515,Center Drive,0.0,0.0,0.0,0,(),0.0,0.0
74520,Center Drive,0.0,0.0,0.0,0,(),0.0,0.0
74525,Center Drive,0.0,0.0,0.0,0,(),0.0,0.0
74530,Center Drive,0.0,0.0,0.0,0,(),0.0,0.0
74535,Center Drive,0.0,0.0,0.0,0,(),0.0,0.0
74540,Center Drive,0.0,0.0,0.0,0,(),0.0,0.0
74545,Center Drive,0.0,0.0,0.0,0,(),0.0,0.0
74550,Center Drive,0.0,0.0,0.0,0,(),0.0,0.0
74555,Center Drive,0.0,0.0,0.0,0,(),0.0,0.0
74560,Center Drive,0.0,0.0,0.0,0,(),0.0,0.0
74565,Center Drive,0.0,0.0,0.0,0,(),0.0,0.0
74570,Center Drive,0.0,0.0,0.0,0,(),0.0,0.0
74575,Center Drive,0.0,0.0,0.0,0,(),0.0,0.0
74580,Center Drive,0.0,0.0,0.0,0,(),0.0,0.0
74585,Center Drive,0.0,0.0,0.0,0,(),0.0,0.0
74590,Center Drive,0.0,0.0,0.0,0,(),0.0,0.0
74595,Center Drive,0.0,0.0,0.0,0,(),0.0,0.0
74600,Center Drive,0.0,0.0,0.0,0,(),0.0,0.0
74605,Center Drive,0.0,0.0,0.0,0,(),0.0,0.0
74610,Center Drive,0.0,0.0,0.0,0,(),0.0,0.0
74615,Center Drive,0.0,0.0,0.0,0,(),0.0,0.0
74620,Center Drive,0.0,0.0,0.0,0,(),0.0,0.0
74625,Center Drive,0.0,0.0,0.0,0,(),0.0,0.0
74630,Center Drive,0.0,0.0,0.0,0,(),0.0,0.0
74635,Center Drive,0.0,0.0,0.0,0,(),0.0,0.0
74640,Center Drive,0.0,0.0,0.0,0,(),0.0,0.0
74645,Center Drive,0.0,0.0,0.0,0,(),0.0,0.0
74650,Center Drive,0.0,0.0,0.0,0,(),0.0,0.0
74655,Center Drive,0.0,0.0,0.0,0,(),0.0,0.0
74660,Center Drive,0.0,0.0,0.0,0,(),0.0,0.0
74665,Center Drive,0.0,0.0,0.0,0,(),0.0,0.0
74670,Center Drive,0.0,0.0,0.0,0,(),0.0,0.0
74675,Center Drive,0.0,0.0,0.0,0,(),0.0,0.0
74680,Center Drive,0.0,0.0,0.0,0,(),0.0,0.0
74685,Center Drive,0.0,0.0,0.0,0,(),0.0,0.0
74690,Center Drive,0.0,0.0,0.0,0,(),0.0,0.0
74695,Center Drive,0.0,0.0,0.0,0,(),0.0,0.0
74700,Center Drive,0.0,0.0,0.0,0,(),0.0,0.0
74705,Center Drive,0.0,0.0,0.0,0,(),0.0,0.0
74710,Center Drive,0.0,0.0,0.0,0,(),0.0,0.0
74715,Center Drive,0.0,0.0,0.0,0,(),0.0,0.0
74720,Center Drive,0.0,0.0,0.0,0,(),0.0,0.0
74725,Center Drive,0.0,0.0,0.0,0,(),0.0,0.0
74730,Center Drive,0.0,0.0,0.0,0,(),0.0,0.0
74735,Center Drive,0.0,0.0,0.0,0,(),0.0,0.0
74740,Center Drive,0.0,0.0,0.0,0,(),0.0,0.0
74745,Center Drive,0.0,0.0,0.0,0,(),0.0,0.0
74750,Center Drive,0.0,0.0,0.0,0,(),0.0,0.0
74755,Center Drive,0.0,0.0,0.0,0,(),0.0,0.0
74760,Center Drive,0.0,0.0,0.0,0,(),0.0,0.0
74765,Center Drive,0.0,0.0,0.0,0,(),0.0,0.0
74770,Center Drive,0.0,0.0,0.0,0,(),0.0,0.0
74775,Center Drive,0.0,0.0,0.0,0,(),0.0,0.0
74780,Center Drive,0.0,0.0,0.0,0,(),0.0,0.0
74785,Center Drive,0.0,0.0,0.0,0,(),0.0,0.0
74790,Center Drive,0.0,0.0,0.0,0,(),0.0,0.0
74795,Center Drive,0.0,0.0,0.0,0,(),0.0,0.0
74800,Center Drive,0.0,0.0,0.0,0,(),0.0,0.0
74805,Center Drive,0.0,0.0,0.0,0,(),0.0,0.0
74810,Center Drive,0.0,0.0,0.0,0,(),0.0,0.0
74815,Center Drive,0.0,0.0,0.0,0,(),0.0,0.0
74820,Center Drive,0.0,0.0,0.0,0,(),0.0,0.0
74825,Center Drive,0.0,0.0,0.0,0,(),0.0,0.0
74830,Center Drive,0.0,0.0,0.0,0,(),0.0,0.0
74835,Center Drive,0.0,0.0,0.0,0,(),0.0,0.0
74840,Center Drive,0.0,0.0,0.0,0,(),0.0,0.0
74845,Center Drive,0.0,0.0,0.0,0,(),0.0,0.0
74850,Center Drive,0.0,0.0,0.0,0,(),0.0,0.0
74855,Center Drive,0.0,0.0,0.0,0,(),0.0,0.0
74860,Center Drive,0.0,0.0,0.0,0,(),0.0,0.0
74865,Center Drive,0.0,0.0,0.0,0,(),0.0,0.0
74870,Center Drive,0.0,0.0,0.0,0,(),0.0,0.0
74875,Center Drive,0.0,0.0,0.0,0,(),0.0,0.0
74880,Center Drive,0.0,0.0,0.0,0,(),0.0,0.0
74885,Center Drive,0.0,0.0,0.0,0,(),0.0,0.0
74890,Center Drive,0.0,0.0,0.0,0,(),0.0,0.0
74895,Center Drive,0.0,0.0,0.0,0,(),0.0,0.0
74900,Center Drive,0.0,0.0,0.0,0,(),0.0,0.0
74905,Center Drive,0.0,0.0,0.0,0,(),0.0,0.0
74910,Center Drive,0.0,0.0,0.0,0,(),0.0,0.0
74915,Center Drive,0.0,0.0,0.0,0,(),0.0,0.0
74920,Center Drive,0.0,0.0,0.0,0,(),0.0,0.0
74925,Center Drive,0.0,0.0,0.0,0,(),0.0,0.0
74930,Center Drive,0.0,0.0,0.0,0,(),0.0,0.0
74935,Center Drive,0.0,0.0,0.0,0,(),0.0,0.0
74940,Center Drive,0.0,0.0,0.0,0,(),0.0,0.0
74945,Center Drive,0.0,0.0,0.0,0,(),0.0,0.0
74950,Center Drive,0.0,0.0,0.0,0,(),0.0,0.0
74955,Center Drive,0.0,0.0,0.0,0,(),0.0,0.0
74960,Center Drive,0.0,0.0,0.0,0,(),0.0,0.0
74965,Center Drive,0.0,0.0,0.0,0,(),0.0,0.0
74970,Center Drive,0.0,0.0,0.0,0,(),0.0,0.0
74975,Center Drive,0.0,0.0,0.0,0,(),0.0,0.0
74980,Center Drive,0.0,0.0,0.0,0,(),0.0,0.0
74985,Center Drive,0.0,0.0,0.0,0,(),0.0,0.0
74990,Center Drive,0.0,0.0,0.0,0,(),0.0,0.0
74995,Center Drive,0.0,0.0,0.0,0,(),0.0,0.0
75000,Center Drive,0.0,0.0,0.0,0,(),0.0,0.0
75005,Center Drive,0.0,0.0,0.0,0,(),0.0,0.0
75010,Center Drive,0.0,0.0,0.0,0,(),0.0,0.0
75015,Center Drive,0.0,0.0,0.0,0,(),0.0,0.0
75020,Center Drive,0.0,0.0,0.0,0,(),0.0,0.0
75025,Center Drive,0.0,0.0,0.0,0,(),0.0,0.0
75030,Center Drive,0.0,0.0,0.0,0,(),0.0,0.0
75035,Center Drive,0.0,0.0,0.0,0,(),0.0,0.0
75040,Center Drive,0.0,0.0,0.0,0,(),0.0,0.0
75045,Center Drive,0.0,0.0,0.0,0,(),0.0,0.0
75050,Center Drive,0.0,0.0,0.0,0,(),0.0,0.0
75055,Center Drive,0.0,0.0,0.0,0,(),0.0,0.0
75060,Center Drive,0.0,0.0,0.0,0,(),0.0,0.0
75065,Center Drive,0.0,0.0,0.0,0,(),0.0,0.0
75070,Center Drive,0.0,0.0,0.0,0,(),0.0,0.0
75075,Center Drive,0.0,0.0,0.0,0,(),0.0,0.0
75080,Center Drive,0.0,0.0,0.0,0,(),0.0,0.0
75085,Center Drive,0.0,0.0,0.0,0,(),0.0,0.0
75090,Center Drive,0.0,0.0,0.0,0,(),0.0,0.0
75095,Center Drive,0.0,0.0,0.0,0,(),0.0,0.0
75100,Center Drive,0.0,0.0,0.0,0,(),0.0,0.0
75105,Center Drive,0.0,0.0,0.0,0,(),0.0,0.0
75110,Center Drive,0.0,0.0,0.0,0,(),0.0,0.0
75115,Center Drive,0.0,0.0,0.0,0,(),0.0,0.0
75120,Center Drive,0.0,0.0,0.0,0,(),0.0,0.0
75125,Center Drive,0.0,0.0,0.0,0,(),0.0,0.0
75130,Center Drive,0.0,0.0,0.0,0,(),0.0,0.0
75135,Center Drive,0.0,0.0,0.0,0,(),0.0,0.0
75140,Center Drive,0.0,0.0,0.0,0,(),0.0,0.0
75145,Center Drive,0.0,0.0,0.0,0,(),0.0,0.0
75150,Center Drive,0.0,0.0,0.0,0,(),0.0,0.0
75155,Center Drive,0.0,0.0,0.0,0,(),0.0,0.0
75160,Center Drive,0.0,0.0,0.0,0,(),0.0,0.0
75165,Center Drive,0.0,0.0,0.0,0,(),0.0,0.0
75170,Center Drive,0.0,0.0,0.0,0,(),0.0,0.0
75175,Center Drive,0.0,0.0,0.0,0,(),0.0,0.0
75180,Center Drive,0.0,0.0,0.0,0,(),0.0,0.0
75185,Center Drive,0.0,0.0,0.0,0,(),0.0,0.0
75190,Center Drive,0.0,0.0,0.0,0,(),0.0,0.0
75195,Center Drive,0.0,0.0,0.0,0,(),0.0,0.0
75200,Center Drive,0.0,0.0,0.0,0,(),0.0,0.0
75205,Center Drive,0.0,0.0,0.0,0,(),0.0,0.0
75210,Center Drive,0.0,0.0,0.0,0,(),0.0,0.0
75215,Center Drive,0.0,0.0,0.0,0,(),0.0,0.0
75220,Center Drive,0.0,0.0,0.0,0,(),0.0,0.0
75225,Center Drive,0.0,0.0,0.0,0,(),0.0,0.0
75230,Center Drive,0.0,0.0,0.0,0,(),0.0,0.0
75235,Center Drive,0.0,0.0,0.0,0,(),0.0,0.0
75240,Center Drive,0.0,0.0,0.0,0,(),0.0,0.0
75245,Center Drive,0.0,0.0,0.0,0,(),0.0,0.0
75250,Center Drive,0.0,0.0,0.0,0,(),0.0,0.0
75255,Center Drive,0.0,0.0,0.0,0,(),0.0,0.0
75260,Center Drive,0.0,0.0,0.0,0,(),0.0,0.0
75265,Center Drive,0.0,0.0,0.0,0,(),0.0,0.0
75270,Center Drive,0.0,0.0,0.0,0,(),0.0,0.0
75275,Center Drive,0.0,0.0,0.0,0,(),0.0,0.0
75280,Center Drive,0.0,0.0,0.0,0,(),0.0,0.0
75285,Center Drive,0.0,0.0,0.0,0,(),0.0,0.0
75290,Center Drive,0.0,0.0,0.0,0,(),0.0,0.0
75295,Center Drive,0.0,0.0,0.0,0,(),0.0,0.0
75300,Center Drive,0.0,0.0,0.0,0,(),0.0,0.0
75305,Center Drive,0.0,0.0,0.0,0,(),0.0,0.0
75310,Center Drive,0.0,0.0,0.0,0,(),0.0,0.0
75315,Center Drive,0.0,0.0,0.0,0,(),0.0,0.0
75320,Center Drive,0.0,0.0,0.0,0,(),0.0,0.0
75325,Center Drive,0.0,0.0,0.0,0,(),0.0,0.0
75330,Center Drive,0.0,0.0,0.0,0,(),0.0,0.0
75335,Center Drive,0.0,0.0,0.0,0,(),0.0,0.0
75340,Center Drive,0.0,0.0,0.0,0,(),0.0,0.0
75345,Center Drive,0.0,0.0,0.0,0,(),0.0,0.0
75350,Center Drive,0.0,0.0,0.0,0,(),0.0,0.0
75355,Center Drive,0.0,0.0,0.0,0,(),0.0,0.0
75360,Center Drive,0.0,0.0,0.0,0,(),0.0,0.0
75365,Center Drive,0.0,0.0,0.0,0,(),0.0,0.0
75370,Center Drive,0.0,0.0,0.0,0,(),0.0,0.0
75375,Center Drive,0.0,0.0,0.0,0,(),0.0,0.0
75380,Center Drive,0.0,0.0,0.0,0,(),0.0,0.0
75385,Center Drive,0.0,0.0,0.0,0,(),0.0,0.0
75390,Center Drive,0.0,0.0,0.0,0,(),0.0,0.0
75395,Center Drive,0.0,0.0,0.0,0,(),0.0,0.0
75400,Center Drive,0.0,0.0,0.0,0,(),0.0,0.0
75405,Center Drive,0.0,0.0,0.0,0,(),0.0,0.0
75410,Center Drive,0.0,0.0,0.0,0,(),0.0,0.0
75415,Center Drive,0.0,0.0,0.0,0,(),0.0,0.0
75420,Center Drive,0.0,0.0,0.0,0,(),0.0,0.0
75425,Center Drive,0.0,0.0,0.0,0,(),0.0,0.0
75430,Center Drive,0.0,0.0,0.0,0,(),0.0,0.0
75435,Center Drive,0.0,0.0,0.0,0,(),0.0,0.0
75440,Center Drive,0.0,0.0,0.0,0,(),0.0,0.0
75445,Center Drive,0.0,0.0,0.0,0,(),0.0,0.0
75450,Center Drive,0.0,0.0,0.0,0,(),0.0,0.0
75455,Center Drive,0.0,0.0,0.0,0,(),0.0,0.0
75460,Center Drive,0.0,0.0,0.0,0,(),0.0,0.0
75465,Center Drive,0.0,0.0,0.0,0,(),0.0,0.0
75470,Center Drive,0.0,0.0,0.0,0,(),0.0,0.0
75475,Center Drive,0.0,0.0,0.0,0,(),0.0,0.0
75480,Center Drive,0.0,0.0,0.0,0,(),0.0,0.0
75485,Center Drive,0.0,0.0,0.0,0,(),0.0,0.0
75490,Center Drive,0.0,0.0,0.0,0,(),0.0,0.0
75495,Center Drive,0.0,0.0,0.0,0,(),0.0,0.0
75500,Center Drive,0.0,0.0,0.0,0,(),0.0,0.0
75505,Center Drive,0.0,0.0,0.0,0,(),0.0,0.0
75510,Center Drive,0.0,0.0,0.0,0,(),0.0,0.0
75515,Center Drive,0.0,0.0,0.0,0,(),0.0,0.0
75520,Center Drive,0.0,0.0,0.0,0,(),0.0,0.0
75525,Center Drive,0.0,0.0,0.0,0,(),0.0,0.0
75530,Center Drive,0.0,0.0,0.0,0,(),0.0,0.0
75535,Center Drive,0.0,0.0,0.0,0,(),0.0,0.0
75540,Center Drive,0.0,0.0,0.0,0,(),0.0,0.0
75545,Center Drive,0.0,0.0,0.0,0,(),0.0,0.0
75550,Center Drive,0.0,0.0,0.0,0,(),0.0,0.0
75555,Center Drive,0.0,0.0,0.0,0,(),0.0,0.0
75560,Center Drive,0.0,0.0,0.0,0,(),0.0,0.0
75565,Center Drive,0.0,0.0,0.0,0,(),0.0,0.0
75570,Center Drive,0.0,0.0,0.0,0,(),0.0,0.0
75575,Center Drive,0.0,0.0,0.0,0,(),0.0,0.0
75580,Center Drive,0.0,0.0,0.0,0,(),0.0,0.0
75585,Center Drive,0.0,0.0,0.0,0,(),0.0,0.0
75590,Center Drive,0.0,0.0,0.0,0,(),0.0,0.0
75595,Center Drive,0.0,0.0,0.0,0,(),0.0,0.0
75600,Center Drive,0.0,0.0,0.0,0,(),0.0,0.0
75605,Center Drive,0.0,0.0,0.0,0,(),0.0,0.0
75610,Center Drive,0.0,0.0,0.0,0,(),0.0,0.0
75615,Center Drive,0.0,0.0,0.0,0,(),0.0,0.0
75620,Center Drive,0.0,0.0,0.0,0,(),0.0,0.0
75625,Center Drive,0.0,0.0,0.0,0,(),0.0,0.0
75630,Center Drive,0.0,0.0,0.0,0,(),0.0,0.0
75635,Center Drive,0.0,0.0,0.0,0,(),0.0,0.0
75640,Center Drive,0.0,0.0,0.0,0,(),0.0,0.0
75645,Center Drive,0.0,0.0,0.0,0,(),0.0,0.0
75650,Center Drive,0.0,0.0,0.0,0,(),0.0,0.0
75655,Center Drive,0.0,0.0,0.0,0,(),0.0,0.0
75660,Center Drive,0.0,0.0,0.0,0,(),0.0,0.0
75665,Center Drive,0.0,0.0,0.0,0,(),0.0,0.0
75670,Center Drive,0.0,0.0,0.0,0,(),0.0,0.0
75675,Center Drive,0.0,0.0,0.0,0,(),0.0,0.0
75680,Center Drive,0.0,0.0,0.0,0,(),0.0,0.0
75685,Center Drive,0.0,0.0,0.0,0,(),0.0,0.0
75690,Center Drive,0.0,0.0,0.0,0,(),0.0,0.0
75695,Center Drive,0.0,0.0,0.0,0,(),0.0,0.0
75700,Center Drive,0.0,0.0,0.0,0,(),0.0,0.0
75705,Center Drive,0.0,0.0,0.0,0,(),0.0,0.0
75710,Center Drive,0.0,0.0,0.0,0,(),0.0,0.0
75715,Center Drive,0.0,0.0,0.0,0,(),0.0,0.0
75720,Center Drive,0.0,0.0,0.0,0,(),0.0,0.0
75725,Center Drive,0.0,0.0,0.0,0,(),0.0,0.0
75730,Center Drive,0.0,0.0,0.0,0,(),0.0,0.0
75735,Center Drive,0.0,0.0,0.0,0,(),0.0,0.0
75740,Center Drive,0.0,0.0,0.0,0,(),0.0,0.0
75745,Center Drive,0.0,0.0,0.0,0,(),0.0,0.0
75750,Center Drive,0.0,0.0,0.0,0,(),0.0,0.0
75755,Center Drive,0.0,0.0,0.0,0,(),0.0,0.0
75760,Center Drive,0.0,0.0,0.0,0,(),0.0,0.0
75765,Center Drive,0.0,0.0,0.0,0,(),0.0,0.0
75770,Center Drive,0.0,0.0,0.0,0,(),0.0,0.0
75775,Center Drive,0.0,0.0,0.0,0,(),0.0,0.0
75780,Center Drive,0.0,0.0,0.0,0,(),0.0,0.0
75785,Center Drive,0.0,0.0,0.0,0,(),0.0,0.0
75790,Center Drive,0.0,0.0,0.0,0,(),0.0,0.0
75795,Center Drive,0.0,0.0,0.0,0,(),0.0,0.0
75800,Center Drive,0.0,0.0,0.0,0,(),0.0,0.0
75805,Center Drive,0.0,0.0,0.0,0,(),0.0,0.0
75810,Center Drive,0.0,0.0,0.0,0,(),0.0,0.0
75815,Center Drive,0.0,0.0,0.0,0,(),0.0,0.0
75820,Center Drive,0.0,0.0,0.0,0,(),0.0,0.0
75825,Center Drive,0.0,0.0,0.0,0,(),0.0,0.0
75830,Center Drive,0.0,0.0,0.0,0,(),0.0,0.0
75835,Center Drive,0.0,0.0,0.0,0,(),0.0,0.0
75840,Center Drive,0.0,0.0,0.0,0,(),0.0,0.0
75845,Center Drive,0.0,0.0,0.0,0,(),0.0,0.0
75850,Center Drive,0.0,0.0,0.0,0,(),0.0,0.0
75855,Center Drive,0.0,0.0,0.0,0,(),0.0,0.0
75860,Center Drive,0.0,0.0,0.0,0,(),0.0,0.0
75865,Center Drive,0.0,0.0,0.0,0,(),0.0,0.0
75870,Center Drive,0.0,0.0,0.0,0,(),0.0,0.0
75875,Center Drive,0.0,0.0,0.0,0,(),0.0,0.0
75880,Center Drive,0.0,0.0,0.0,0,(),0.0,0.0
75885,Center Drive,0.0,0.0,0.0,0,(),0.0,0.0
75890,Center Drive,0.0,0.0,0.0,0,(),0.0,0.0
75895,Center Drive,0.0,0.0,0.0,0,(),0.0,0.0
75900,Center Drive,0.0,0.0,0.0,0,(),0.0,0.0
75905,Center Drive,0.0,0.0,0.0,0,(),0.0,0.0
75910,Center Drive,0.0,0.0,0.0,0,(),0.0,0.0
75915,Center Drive,0.0,0.0,0.0,0,(),0.0,0.0
75920,Center Drive,0.0,0.0,0.0,0,(),0.0,0.0
75925,Center Drive,0.0,0.0,0.0,0,(),0.0,0.0
75930,Center Drive,0.0,0.0,0.0,0,(),0.0,0.0
75935,Center Drive,0.0,0.0,0.0,0,(),0.0,0.0
75940,Center Drive,0.0,0.0,0.0,0,(),0.0,0.0
75945,Center Drive,0.0,0.0,0.0,0,(),0.0,0.0
75950,Center Drive,0.0,0.0,0.0,0,(),0.0,0.0
75955,Center Drive,0.0,0.0,0.0,0,(),0.0,0.0
75960,Center Drive,0.0,0.0,0.0,0,(),0.0,0.0
75965,Center Drive,0.0,0.0,0.0,0,(),0.0,0.0
75970,Center Drive,0.0,0.0,0.0,0,(),0.0,0.0
75975,Center Drive,0.0,0.0,0.0,0,(),0.0,0.0
75980,Center Drive,0.0,0.0,0.0,0,(),0.0,0.0
75985,Center Drive,0.0,0.0,0.0,0,(),0.0,0.0
75990,Center Drive,0.0,0.0,0.0,0,(),0.0,0.0
75995,Center Drive,0.0,0.0,0.0,0,(),0.0,0.0
76000,Center Drive,0.0,0.0,0.0,0,(),0.0,0.0
76005,Center Drive,0.0,0.0,0.0,0,(),0.0,0.0
76010,Center Drive,0.0,0.0,0.0,0,(),0.0,0.0
76015,Center Drive,0.0,0.0,0.0,0,(),0.0,0.0
76020,Center Drive,0.0,0.0,0.0,0,(),0.0,0.0
76025,Center Drive,0.0,0.0,0.0,0,(),0.0,0.0
76030,Center Drive,0.0,0.0,0.0,0,(),0.0,0.0
76035,Center Drive,0.0,0.0,0.0,0,(),0.0,0.0
76040,Center Drive,0.0,0.0,0.0,0,(),0.0,0.0
76045,Center Drive,0.0,0.0,0.0,0,(),0.0,0.0
76050,Center Drive,0.0,0.0,0.0,0,(),0.0,0.0
76055,Center Drive,0.0,0.0,0.0,0,(),0.0,0.0
76060,Center Drive,0.0,0.0,0.0,0,(),0.0,0.0
76065,Center Drive,0.0,0.0,0.0,0,(),0.0,0.0
76070,Center Drive,0.0,0.0,0.0,0,(),0.0,0.0
76075,Center Drive,0.0,0.0,0.0,0,(),0.0,0.0
76080,Center Drive,0.0,0.0,0.0,0,(),0.0,0.0
76085,Center Drive,0.0,0.0,0.0,0,(),0.0,0.0
76090,Center Drive,0.0,0.0,0.0,0,(),0.0,0.0
76095,Center Drive,0.0,0.0,0.0,0,(),0.0,0.0
76100,Center Drive,0.0,0.0,0.0,0,(),0.0,0.0
76105,Center Drive,0.0,0.0,0.0,0,(),0.0,0.0
76110,Center Drive,0.0,0.0,0.0,0,(),0.0,0.0
76115,Center Drive,0.0,0.0,0.0,0,(),0.0,0.0
76120,Center Drive,0.0,0.0,0.0,0,(),0.0,0.0
76125,Center Drive,0.0,0.0,0.0,0,(),0.0,0.0
76130,Center Drive,0.0,0.0,0.0,0,(),0.0,0.0
76135,Center Drive,0.0,0.0,0.0,0,(),0.0,0.0
76140,Center Drive,0.0,0.0,0.0,0,(),0.0,0.0
76145,Center Drive,0.0,0.0,0.0,0,(),0.0,0.0
76150,Center Drive,0.0,0.0,0.0,0,(),0.0,0.0
76155,Center Drive,0.0,0.0,0.0,0,(),0.0,0.0
76160,Center Drive,0.0,0.0,0.0,0,(),0.0,0.0
76165,Center Drive,0.0,0.0,0.0,0,(),0.0,0.0
76170,Center Drive,0.0,0.0,0.0,0,(),0.0,0.0
76175,Center Drive,0.0,0.0,0.0,0,(),0.0,0.0
76180,Center Drive,0.0,0.0,0.0,0,(),0.0,0.0
76185,Center Drive,0.0,0.0,0.0,0,(),0.0,0.0
76190,Center Drive,0.0,0.0,0.0,0,(),0.0,0.0
76195,Center Drive,0.0,0.0,0.0,0,(),0.0,0.0
76200,Center Drive,0.0,0.0,0.0,0,(),0.0,0.0
76205,Center Drive,0.0,0.0,0.0,0,(),0.0,0.0
76210,Center Drive,0.0,0.0,0.0,0,(),0.0,0.0
76215,Center Drive,0.0,0.0,0.0,0,(),0.0,0.0
76220,Center Drive,0.0,0.0,0.0,0,(),0.0,0.0
76225,Center Drive,0.0,0.0,0.0,0,(),0.0,0.0
76230,Center Drive,0.0,0.0,0.0,0,(),0.0,0.0
76235,Center Drive,0.0,0.0,0.0,0,(),0.0,0.0
76240,Center Drive,0.0,0.0,0.0,0,(),0.0,0.0
76245,Center Drive,0.0,0.0,0.0,0,(),0.0,0.0
76250,Center Drive,0.0,0.0,0.0,0,(),0.0,0.0
76255,Center Drive,0.0,0.0,0.0,0,(),0.0,0.0
76260,Center Drive,0.0,0.0,0.0,0,(),0.0,0.0
76265,Center Drive,0.0,0.0,0.0,0,(),0.0,0.0
76270,Center Drive,0.0,0.0,0.0,0,(),0.0,0.0
76275,Center Drive,0.0,0.0,0.0,0,(),0.0,0.0
76280,Center Drive,0.0,0.0,0.0,0,(),0.0,0.0
76285,Center Drive,0.0,0.0,0.0,0,(),0.0,0.0
76290,Center Drive,0.0,0.0,0.0,0,(),0.0,0.0
76295,Center Drive,0.0,0.0,0.0,0,(),0.0,0.0
76300,Center Drive,0.0,0.0,0.0,0,(),0.0,0.0
76305,Center Drive,0.0,0.0,0.0,0,(),0.0,0.0
76310,Center Drive,0.0,0.0,0.0,0,(),0.0,0.0
76315,Center Drive,0.0,0.0,0.0,0,(),0.0,0.0
76320,Center Drive,0.0,0.0,0.0,0,(),0.0,0.0
76325,Center Drive,0.0,0.0,0.0,0,(),0.0,0.0
76330,Center Drive,0.0,0.0,0.0,0,(),0.0,0.0
76335,Center Drive,0.0,0.0,0.0,0,(),0.0,0.0
76340,Center Drive,0.0,0.0,0.0,0,(),0.0,0.0
76345,Center Drive,0.0,0.0,0.0,0,(),0.0,0.0
76350,Center Drive,0.0,0.0,0.0,0,(),0.0,0.0
76355,Center Drive,0.0,0.0,0.0,0,(),0.0,0.0
76360,Center Drive,0.0,0.0,0.0,0,(),0.0,0.0
76365,Center Drive,0.0,0.0,0.0,0,(),0.0,0.0
76370,Center Drive,0.0,0.0,0.0,0,(),0.0,0.0
76375,Center Drive,0.0,0.0,0.0,0,(),0.0,0.0
76380,Center Drive,0.0,0.0,0.0,0,(),0.0,0.0
76385,Center Drive,0.0,0.0,0.0,0,(),0.0,0.0
76390,Center Drive,0.0,0.0,0.0,0,(),0.0,0.0
76395,Center Drive,0.0,0.0,0.0,0,(),0.0,0.0
76400,Center Drive,0.0,0.0,0.0,0,(),0.0,0.0
76405,Center Drive,0.0,0.0,0.0,0,(),0.0,0.0
76410,Center Drive,0.0,0.0,0.0,0,(),0.0,0.0
76415,Center Drive,0.0,0.0,0.0,0,(),0.0,0.0
76420,Center Drive,0.0,0.0,0.0,0,(),0.0,0.0
76425,Center Drive,0.0,0.0,0.0,0,(),0.0,0.0
76430,Center Drive,0.0,0.0,0.0,0,(),0.0,0.0
76435,Center Drive,0.0,0.0,0.0,0,(),0.0,0.0
76440,Center Drive,0.0,0.0,0.0,0,(),0.0,0.0
76445,Center Drive,0.0,0.0,0.0,0,(),0.0,0.0
76450,Center Drive,0.0,0.0,0.0,0,(),0.0,0.0
76455,Center Drive,0.0,0.0,0.0,0,(),0.0,0.0
76460,Center Drive,0.0,0.0,0.0,0,(),0.0,0.0
76465,Center Drive,0.0,0.0,0.0,0,(),0.0,0.0
76470,Center Drive,0.0,0.0,0.0,0,(),0.0,0.0
76475,Center Drive,0.0,0.0,0.0,0,(),0.0,0.0
76480,Center Drive,0.0,0.0,0.0,0,(),0.0,0.0
76485,Center Drive,0.0,0.0,0.0,0,(),0.0,0.0
76490,Center Drive,0.0,0.0,0.0,0,(),0.0,0.0
76495,Center Drive,0.0,0.0,0.0,0,(),0.0,0.0
76500,Center Drive,0.0,0.0,0.0,0,(),0.0,0.0
76505,Center Drive,0.0,0.0,0.0,0,(),0.0,0.0
76510,Center Drive,0.0,0.0,0.0,0,(),0.0,0.0
76515,Center Drive,0.0,0.0,0.0,0,(),0.0,0.0
76520,Center Drive,0.0,0.0,0.0,0,(),0.0,0.0
76525,Center Drive,0.0,0.0,0.0,0,(),0.0,0.0
76530,Center Drive,0.0,0.0,0.0,0,(),0.0,0.0
76535,Center Drive,0.0,0.0,0.0,0,(),0.0,0.0
76540,Center Drive,0.0,0.0,0.0,0,(),0.0,0.0
76545,Center Drive,0.0,0.0,0.0,0,(),0.0,0.0
76550,Center Drive,0.0,0.0,0.0,0,(),0.0,0.0
76555,Center Drive,0.0,0.0,0.0,0,(),0.0,0.0
76560,Center Drive,0.0,0.0,0.0,0,(),0.0,0.0
76565,Center Drive,0.0,0.0,0.0,0,(),0.0,0.0
76570,Center Drive,0.0,0.0,0.0,0,(),0.0,0.0
76575,Center Drive,0.0,0.0,0.0,0,(),0.0,0.0
76580,Center Drive,0.0,0.0,0.0,0,(),0.0,0.0
76585,Center Drive,0.0,0.0,0.0,0,(),0.0,0.0
76590,Center Drive,0.0,0.0,0.0,0,(),0.0,0.0
76595,Center Drive,0.0,0.0,0.0,0,(),0.0,0.0
76600,Center Drive,0.0,0.0,0.0,0,(),0.0,0.0
76605,Center Drive,0.0,0.0,0.0,0,(),0.0,0.0
76610,Center Drive,0.0,0.0,0.0,0,(),0.0,0.0
76615,Center Drive,0.0,0.0,0.0,0,(),0.0,0.0
76620,Center Drive,0.0,0.0,0.0,0,(),0.0,0.0
76625,Center Drive,0.0,0.0,0.0,0,(),0.0,0.0
76630,Center Drive,0.0,0.0,0.0,0,(),0.0,0.0
76635,Center Drive,0.0,0.0,0.0,0,(),0.0,0.0
76640,Center Drive,0.0,0.0,0.0,0,(),0.0,0.0
76645,Center Drive,0.0,0.0,0.0,0,(),0.0,0.0
76650,Center Drive,0.0,0.0,0.0,0,(),0.0,0.0
76655,Center Drive,0.0,0.0,0.0,0,(),0.0,0.0
76660,Center Drive,0.0,0.0,0.0,0,(),0.0,0.0
76665,Center Drive,0.0,0.0,0.0,0,(),0.0,0.0
76670,Center Drive,0.0,0.0,0.0,0,(),0.0,0.0
76675,Center Drive,0.0,0.0,0.0,0,(),0.0,0.0
76680,Center Drive,0.0,0.0,0.0,0,(),0.0,0.0
76685,Center Drive,0.0,0.0,0.0,0,(),0.0,0.0
76690,Center Drive,0.0,0.0,0.0,0,(),0.0,0.0
76695,Center Drive,0.0,0.0,0.0,0,(),0.0,0.0
76700,Center Drive,0.0,0.0,0.0,0,(),0.0,0.0
76705,Center Drive,0.0,0.0,0.0,0,(),0.0,0.0
76710,Center Drive,0.0,0.0,0.0,0,(),0.0,0.0
76715,Center Drive,0.0,0.0,0.0,0,(),0.0,0.0
76720,Center Drive,0.0,0.0,0.0,0,(),0.0,0.0
76725,Center Drive,0.0,0.0,0.0,0,(),0.0,0.0
76730,Center Drive,0.0,0.0,0.0,0,(),0.0,0.0
76735,Center Drive,0.0,0.0,0.0,0,(),0.0,0.0
76740,Center Drive,0.0,0.0,0.0,0,(),0.0,0.0
76745,Center Drive,0.0,0.0,0.0,0,(),0.0,0.0
76750,Center Drive,0.0,0.0,0.0,0,(),0.0,0.0
76755,Center Drive,0.0,0.0,0.0,0,(),0.0,0.0
76760,Center Drive,0.0,0.0,0.0,0,(),0.0,0.0
76765,Center Drive,0.0,0.0,0.0,0,(),0.0,0.0
76770,Center Drive,0.0,0.0,0.0,0,(),0.0,0.0
76775,Center Drive,0.0,0.0,0.0,0,(),0.0,0.0
76780,Center Drive,0.0,0.0,0.0,0,(),0.0,0.0
76785,Center Drive,0.0,0.0,0.0,0,(),0.0,0.0
76790,Center Drive,0.0,0.0,0.0,0,(),0.0,0.0
76795,Center Drive,0.0,0.0,0.0,0,(),0.0,0.0
76800,Center Drive,0.0,0.0,0.0,0,(),0.0,0.0
76805,Center Drive,0.0,0.0,0.0,0,(),0.0,0.0
76810,Center Drive,0.0,0.0,0.0,0,(),0.0,0.0
76815,Center Drive,0.0,0.0,0.0,0,(),0.0,0.0
76820,Center Drive,0.0,0.0,0.0,0,(),0.0,0.0
76825,Center Drive,0.0,0.0,0.0,0,(),0.0,0.0
76830,Center Drive,0.0,0.0,0.0,0,(),0.0,0.0
76835,Center Drive,0.0,0.0,0.0,0,(),0.0,0.0
76840,Center Drive,0.0,0.0,0.0,0,(),0.0,0.0
76845,Center Drive,0.0,0.0,0.0,0,(),0.0,0.0
76850,Center Drive,0.0,0.0,0.0,0,(),0.0,0.0
76855,Center Drive,0.0,0.0,0.0,0,(),0.0,0.0
76860,Center Drive,0.0,0.0,0.0,0,(),0.0,0.0
76865,Center Drive,0.0,0.0,0.0,0,(),0.0,0.0
76870,Center Drive,0.0,0.0,0.0,0,(),0.0,0.0
76875,Center Drive,0.0,0.0,0.0,0,(),0.0,0.0
76880,Center Drive,0.0,0.0,0.0,0,(),0.0,0.0
76885,Center Drive,0.0,0.0,0.0,0,(),0.0,0.0
76890,Center Drive,0.0,0.0,0.0,0,(),0.0,0.0
76895,Center Drive,0.0,0.0,0.0,0,(),0.0,0.0
76900,Center Drive,0.0,0.0,0.0,0,(),0.0,0.0
76905,Center Drive,0.0,0.0,0.0,0,(),0.0,0.0
76910,Center Drive,0.0,0.0,0.0,0,(),0.0,0.0
76915,Center Drive,0.0,0.0,0.0,0,(),0.0,0.0
76920,Center Drive,0.0,0.0,0.0,0,(),0.0,0.0
76925,Center Drive,0.0,0.0,0.0,0,(),0.0,0.0
76930,Center Drive,0.0,0.0,0.0,0,(),0.0,0.0
76935,Center Drive,0.0,0.0,0.0,0,(),0.0,0.0
76940,Center Drive,0.0,0.0,0.0,0,(),0.0,0.0
76945,Center Drive,0.0,0.0,0.0,0,(),0.0,0.0
76950,Center Drive,0.0,0.0,0.0,0,(),0.0,0.0
76955,Center Drive,0.0,0.0,0.0,0,(),0.0,0.0
76960,Center Drive,0.0,0.0,0.0,0,(),0.0,0.0
76965,Center Drive,0.0,0.0,0.0,0,(),0.0,0.0
76970,Center Drive,0.0,0.0,0.0,0,(),0.0,0.0
76975,Center Drive,0.0,0.0,0.0,0,(),0.0,0.0
76980,Center Drive,0.0,0.0,0.0,0,(),0.0,0.0
76985,Center Drive,0.0,0.0,0.0,0,(),0.0,0.0
76990,Center Drive,0.0,0.0,0.0,0,(),0.0,0.0
76995,Center Drive,0.0,0.0,0.0,0,(),0.0,0.0
77000,Center Drive,0.0,0.0,0.0,0,(),0.0,0.0
77005,Center Drive,0.0,0.0,0.0,0,(),0.0,0.0
77010,Center Drive,0.0,0.0,0.0,0,(),0.0,0.0
77015,Center Drive,0.0,0.0,0.0,0,(),0.0,0.0
77020,Center Drive,0.0,0.0,0.0,0,(),0.0,0.0
77025,Center Drive,0.0,0.0,0.0,0,(),0.0,0.0
77030,Center Drive,0.0,0.0,0.0,0,(),0.0,0.0
77035,Center Drive,0.0,0.0,0.0,0,(),0.0,0.0
77040,Center Drive,0.0,0.0,0.0,0,(),0.0,0.0
77045,Center Drive,0.0,0.0,0.0,0,(),0.0,0.0
77050,Center Drive,0.0,0.0,0.0,0,(),0.0,0.0
77055,Center Drive,0.0,0.0,0.0,0,(),0.0,0.0
77060,Center Drive,0.0,0.0,0.0,0,(),0.0,0.0
77065,Center Drive,0.0,0.0,0.0,0,(),0.0,0.0
77070,Center Drive,0.0,0.0,0.0,0,(),0.0,0.0
77075,Center Drive,0.0,0.0,0.0,0,(),0.0,0.0
77080,Center Drive,0.0,0.0,0.0,0,(),0.0,0.0
77085,Center Drive,0.0,0.0,0.0,0,(),0.0,0.0
77090,Center Drive,0.0,0.0,0.0,0,(),0.0,0.0
77095,Center Drive,0.0,0.0,0.0,0,(),0.0,0.0
77100,Center Drive,0.0,0.0,0.0,0,(),0.0,0.0
77105,Center Drive,0.0,0.0,0.0,0,(),0.0,0.0
77110,Center Drive,0.0,0.0,0.0,0,(),0.0,0.0
77115,Center Drive,0.0,0.0,0.0,0,(),0.0,0.0
77120,Center Drive,0.0,0.0,0.0,0,(),0.0,0.0
77125,Center Drive,0.0,0.0,0.0,0,(),0.0,0.0
77130,Center Drive,0.0,0.0,0.0,0,(),0.0,0.0
77135,Center Drive,0.0,0.0,0.0,0,(),0.0,0.0
77140,Center Drive,0.0,0.0,0.0,0,(),0.0,0.0
77145,Center Drive,0.0,0.0,0.0,0,(),0.0,0.0
77150,Center Drive,0.0,0.0,0.0,0,(),0.0,0.0
77155,Center Drive,0.0,0.0,0.0,0,(),0.0,0.0
77160,Center Drive,0.0,0.0,0.0,0,(),0.0,0.0
77165,Center Drive,0.0,0.0,0.0,0,(),0.0,0.0
77170,Center Drive,0.0,0.0,0.0,0,(),0.0,0.0
77175,Center Drive,0.0,0.0,0.0,0,(),0.0,0.0
77180,Center Drive,0.0,0.0,0.0,0,(),0.0,0.0
77185,Center Drive,0.0,0.0,0.0,0,(),0.0,0.0
77190,Center Drive,0.0,0.0,0.0,0,(),0.0,0.0
77195,Center Drive,0.0,0.0,0.0,0,(),0.0,0.0
77200,Center Drive,0.0,0.0,0.0,0,(),0.0,0.0
77205,Center Drive,0.0,0.0,0.0,0,(),0.0,0.0
77210,Center Drive,0.0,0.0,0.0,0,(),0.0,0.0
77215,Center Drive,0.0,0.0,0.0,0,(),0.0,0.0
77220,Center Drive,0.0,0.0,0.0,0,(),0.0,0.0
77225,Center Drive,0.0,0.0,0.0,0,(),0.0,0.0
77230,Center Drive,0.0,0.0,0.0,0,(),0.0,0.0
77235,Center Drive,0.0,0.0,0.0,0,(),0.0,0.0
77240,Center Drive,0.0,0.0,0.0,0,(),0.0,0.0
77245,Center Drive,0.0,0.0,0.0,0,(),0.0,0.0
77250,Center Drive,0.0,0.0,0.0,0,(),0.0,0.0
77255,Center Drive,0.0,0.0,0.0,0,(),0.0,0.0
77260,Center Drive,0.0,0.0,0.0,0,(),0.0,0.0
77265,Center Drive,0.0,0.0,0.0,0,(),0.0,0.0
77270,Center Drive,0.0,0.0,0.0,0,(),0.0,0.0
77275,Center Drive,0.0,0.0,0.0,0,(),0.0,0.0
77280,Center Drive,0.0,0.0,0.0,0,(),0.0,0.0
77285,Center Drive,0.0,0.0,0.0,0,(),0.0,0.0
77290,Center Drive,0.0,0.0,0.0,0,(),0.0,0.0
77295,Center Drive,0.0,0.0,0.0,0,(),0.0,0.0
77300,Center Drive,0.0,0.0,0.0,0,(),0.0,0.0
77305,Center Drive,0.0,0.0,0.0,0,(),0.0,0.0
77310,Center Drive,0.0,0.0,0.0,0,(),0.0,0.0
77315,Center Drive,0.0,0.0,0.0,0,(),0.0,0.0
77320,Center Drive,0.0,0.0,0.0,0,(),0.0,0.0
77325,Center Drive,0.0,0.0,0.0,0,(),0.0,0.0
77330,Center Drive,0.0,0.0,0.0,0,(),0.0,0.0
77335,Center Drive,0.0,0.0,0.0,0,(),0.0,0.0
77340,Center Drive,0.0,0.0,0.0,0,(),0.0,0.0
77345,Center Drive,0.0,0.0,0.0,0,(),0.0,0.0
77350,Center Drive,0.0,0.0,0.0,0,(),0.0,0.0
77355,Center Drive,0.0,0.0,0.0,0,(),0.0,0.0
77360,Center Drive,0.0,0.0,0.0,0,(),0.0,0.0
77365,Center Drive,0.0,0.0,0.0,0,(),0.0,0.0
77370,Center Drive,0.0,0.0,0.0,0,(),0.0,0.0
77375,Center Drive,0.0,0.0,0.0,0,(),0.0,0.0
77380,Center Drive,0.0,0.0,0.0,0,(),0.0,0.0
77385,Center Drive,0.0,0.0,0.0,0,(),0.0,0.0
77390,Center Drive,0.0,0.0,0.0,0,(),0.0,0.0
77395,Center Drive,0.0,0.0,0.0,0,(),0.0,0.0
77400,Center Drive,0.0,0.0,0.0,0,(),0.0,0.0
77405,Center Drive,0.0,0.0,0.0,0,(),0.0,0.0
77410,Center Drive,0.0,0.0,0.0,0,(),0.0,0.0
77415,Center Drive,0.0,0.0,0.0,0,(),0.0,0.0
77420,Center Drive,0.0,0.0,0.0,0,(),0.0,0.0
77425,Center Drive,0.0,0.0,0.0,0,(),0.0,0.0
77430,Center Drive,0.0,0.0,0.0,0,(),0.0,0.0
77435,Center Drive,0.0,0.0,0.0,0,(),0.0,0.0
77440,Center Drive,0.0,0.0,0.0,0,(),0.0,0.0
77445,Center Drive,0.0,0.0,0.0,0,(),0.0,0.0
77450,Center Drive,0.0,0.0,0.0,0,(),0.0,0.0
77455,Center Drive,0.0,0.0,0.0,0,(),0.0,0.0
77460,Center Drive,0.0,0.0,0.0,0,(),0.0,0.0
77465,Center Drive,0.0,0.0,0.0,0,(),0.0,0.0
77470,Center Drive,0.0,0.0,0.0,0,(),0.0,0.0
77475,Center Drive,0.0,0.0,0.0,0,(),0.0,0.0
77480,Center Drive,0.0,0.0,0.0,0,(),0.0,0.0
77485,Center Drive,0.0,0.0,0.0,0,(),0.0,0.0
77490,Center Drive,0.0,0.0,0.0,0,(),0.0,0.0
77495,Center Drive,0.0,0.0,0.0,0,(),0.0,0.0
77500,Center Drive,0.0,0.0,0.0,0,(),0.0,0.0
77505,Center Drive,0.0,0.0,0.0,0,(),0.0,0.0
77510,Center Drive,0.0,0.0,0.0,0,(),0.0,0.0
77515,Center Drive,0.0,0.0,0.0,0,(),0.0,0.0
77520,Center Drive,0.0,0.0,0.0,0,(),0.0,0.0
77525,Center Drive,0.0,0.0,0.0,0,(),0.0,0.0
77530,Center Drive,0.0,0.0,0.0,0,(),0.0,0.0
77535,Center Drive,0.0,0.0,0.0,0,(),0.0,0.0
77540,Center Drive,0.0,0.0,0.0,0,(),0.0,0.0
77545,Center Drive,0.0,0.0,0.0,0,(),0.0,0.0
77550,Center Drive,0.0,0.0,0.0,0,(),0.0,0.0
77555,Center Drive,0.0,0.0,0.0,0,(),0.0,0.0
77560,Center Drive,0.0,0.0,0.0,0,(),0.0,0.0
77565,Center Drive,0.0,0.0,0.0,0,(),0.0,0.0
77570,Center Drive,0.0,0.0,0.0,0,(),0.0,0.0
77575,Center Drive,0.0,0.0,0.0,0,(),0.0,0.0
77580,Center Drive,0.0,0.0,0.0,0,(),0.0,0.0
77585,Center Drive,0.0,0.0,0.0,0,(),0.0,0.0
77590,Center Drive,0.0,0.0,0.0,0,(),0.0,0.0
77595,Center Drive,0.0,0.0,0.0,0,(),0.0,0.0
77600,Center Drive,0.0,0.0,0.0,0,(),0.0,0.0
77605,Center Drive,0.0,0.0,0.0,0,(),0.0,0.0
77610,Center Drive,0.0,0.0,0.0,0,(),0.0,0.0
77615,Center Drive,0.0,0.0,0.0,0,(),0.0,0.0
77620,Center Drive,0.0,0.0,0.0,0,(),0.0,0.0
77625,Center Drive,0.0,0.0,0.0,0,(),0.0,0.0
77630,Center Drive,0.0,0.0,0.0,0,(),0.0,0.0
77635,Center Drive,0.0,0.0,0.0,0,(),0.0,0.0
77640,Center Drive,0.0,0.0,0.0,0,(),0.0,0.0
77645,Center Drive,0.0,0.0,0.0,0,(),0.0,0.0
77650,Center Drive,0.0,0.0,0.0,0,(),0.0,0.0
77655,Center Drive,0.0,0.0,0.0,0,(),0.0,0.0
77660,Center Drive,0.0,0.0,0.0,0,(),0.0,0.0
77665,Center Drive,0.0,0.0,0.0,0,(),0.0,0.0
77670,Center Drive,0.0,0.0,0.0,0,(),0.0,0.0
77675,Center Drive,0.0,0.0,0.0,0,(),0.0,0.0
77680,Center Drive,0.0,0.0,0.0,0,(),0.0,0.0
77685,Center Drive,0.0,0.0,0.0,0,(),0.0,0.0
77690,Center Drive,0.0,0.0,0.0,0,(),0.0,0.0
77695,Center Drive,0.0,0.0,0.0,0,(),0.0,0.0
77700,Center Drive,0.0,0.0,0.0,0,(),0.0,0.0
77705,Center Drive,0.0,0.0,0.0,0,(),0.0,0.0
77710,Center Drive,0.0,0.0,0.0,0,(),0.0,0.0
77715,Center Drive,0.0,0.0,0.0,0,(),0.0,0.0
77720,Center Drive,0.0,0.0,0.0,0,(),0.0,0.0
77725,Center Drive,0.0,0.0,0.0,0,(),0.0,0.0
77730,Center Drive,0.0,0.0,0.0,0,(),0.0,0.0
77735,Center Drive,0.0,0.0,0.0,0,(),0.0,0.0
77740,Center Drive,0.0,0.0,0.0,0,(),0.0,0.0
77745,Center Drive,0.0,0.0,0.0,0,(),0.0,0.0
77750,Center Drive,0.0,0.0,0.0,0,(),0.0,0.0
77755,Center Drive,0.0,0.0,0.0,0,(),0.0,0.0
77760,Center Drive,0.0,0.0,0.0,0,(),0.0,0.0
77765,Center Drive,0.0,0.0,0.0,0,(),0.0,0.0
77770,Center Drive,0.0,0.0,0.0,0,(),0.0,0.0
77775,Center Drive,0.0,0.0,0.0,0,(),0.0,0.0
77780,Center Drive,0.0,0.0,0.0,0,(),0.0,0.0
77785,Center Drive,0.0,0.0,0.0,0,(),0.0,0.0
77790,Center Drive,0.0,0.0,0.0,0,(),0.0,0.0
77795,Center Drive,0.0,0.0,0.0,0,(),0.0,0.0
77800,Center Drive,0.0,0.0,0.0,0,(),0.0,0.0
77805,Center Drive,0.0,0.0,0.0,0,(),0.0,0.0
77810,Center Drive,0.0,0.0,0.0,0,(),0.0,0.0
77815,Center Drive,0.0,0.0,0.0,0,(),0.0,0.0
77820,Center Drive,0.0,0.0,0.0,0,(),0.0,0.0
77825,Center Drive,0.0,0.0,0.0,0,(),0.0,0.0
77830,Center Drive,0.0,0.0,0.0,0,(),0.0,0.0
77835,Center Drive,0.0,0.0,0.0,0,(),0.0,0.0
77840,Center Drive,0.0,0.0,0.0,0,(),0.0,0.0
77845,Center Drive,0.0,0.0,0.0,0,(),0.0,0.0
77850,Center Drive,0.0,0.0,0.0,0,(),0.0,0.0
77855,Center Drive,0.0,0.0,0.0,0,(),0.0,0.0
77860,Center Drive,0.0,0.0,0.0,0,(),0.0,0.0
77865,Center Drive,0.0,0.0,0.0,0,(),0.0,0.0
77870,Center Drive,0.0,0.0,0.0,0,(),0.0,0.0
77875,Center Drive,0.0,0.0,0.0,0,(),0.0,0.0
77880,Center Drive,0.0,0.0,0.0,0,(),0.0,0.0
77885,Center Drive,0.0,0.0,0.0,0,(),0.0,0.0
77890,Center Drive,0.0,0.0,0.0,0,(),0.0,0.0
77895,Center Drive,0.0,0.0,0.0,0,(),0.0,0.0
77900,Center Drive,0.0,0.0,0.0,0,(),0.0,0.0
77905,Center Drive,0.0,0.0,0.0,0,(),0.0,0.0
77910,Center Drive,0.0,0.0,0.0,0,(),0.0,0.0
77915,Center Drive,0.0,0.0,0.0,0,(),0.0,0.0
77920,Center Drive,0.0,0.0,0.0,0,(),0.0,0.0
77925,Center Drive,0.0,0.0,0.0,0,(),0.0,0.0
77930,Center Drive,0.0,0.0,0.0,0,(),0.0,0.0
77935,Center Drive,0.0,0.0,0.0,0,(),0.0,0.0
77940,Center Drive,0.0,0.0,0.0,0,(),0.0,0.0
77945,Center Drive,0.0,0.0,0.0,0,(),0.0,0.0
77950,Center Drive,0.0,0.0,0.0,0,(),0.0,0.0
77955,Center Drive,0.0,0.0,0.0,0,(),0.0,0.0
77960,Center Drive,0.0,0.0,0.0,0,(),0.0,0.0
77965,Center Drive,0.0,0.0,0.0,0,(),0.0,0.0
77970,Center Drive,0.0,0.0,0.0,0,(),0.0,0.0
77975,Center Drive,0.0,0.0,0.0,0,(),0.0,0.0
77980,Center Drive,0.0,0.0,0.0,0,(),0.0,0.0
77985,Center Drive,0.0,0.0,0.0,0,(),0.0,0.0
77990,Center Drive,0.0,0.0,0.0,0,(),0.0,0.0
77995,Center Drive,0.0,0.0,0.0,0,(),0.0,0.0
78000,Center Drive,0.0,0.0,0.0,0,(),0.0,0.0
78005,Center Drive,0.0,0.0,0.0,0,(),0.0,0.0
78010,Center Drive,0.0,0.0,0.0,0,(),0.0,0.0
78015,Center Drive,0.0,0.0,0.0,0,(),0.0,0.0
78020,Center Drive,0.0,0.0,0.0,0,(),0.0,0.0
78025,Center Drive,0.0,0.0,0.0,0,(),0.0,0.0
78030,Center Drive,0.0,0.0,0.0,0,(),0.0,0.0
78035,Center Drive,0.0,0.0,0.0,0,(),0.0,0.0
78040,Center Drive,0.0,0.0,0.0,0,(),0.0,0.0
78045,Center Drive,0.0,0.0,0.0,0,(),0.0,0.0
78050,Center Drive,0.0,0.0,0.0,0,(),0.0,0.0
78055,Center Drive,0.0,0.0,0.0,0,(),0.0,0.0
78060,Center Drive,0.0,0.0,0.0,0,(),0.0,0.0
78065,Center Drive,0.0,0.0,0.0,0,(),0.0,0.0
78070,Center Drive,0.0,0.0,0.0,0,(),0.0,0.0
78075,Center Drive,0.0,0.0,0.0,0,(),0.0,0.0
78080,Center Drive,0.0,0.0,0.0,0,(),0.0,0.0
78085,Center Drive,0.0,0.0,0.0,0,(),0.0,0.0
78090,Center Drive,0.0,0.0,0.0,0,(),0.0,0.0
78095,Center Drive,0.0,0.0,0.0,0,(),0.0,0.0
78100,Center Drive,0.0,0.0,0.0,0,(),0.0,0.0
78105,Center Drive,0.0,0.0,0.0,0,(),0.0,0.0
78110,Center Drive,0.0,0.0,0.0,0,(),0.0,0.0
78115,Center Drive,0.0,0.0,0.0,0,(),0.0,0.0
78120,Center Drive,0.0,0.0,0.0,0,(),0.0,0.0
78125,Center Drive,0.0,0.0,0.0,0,(),0.0,0.0
78130,Center Drive,0.0,0.0,0.0,0,(),0.0,0.0
78135,Center Drive,0.0,0.0,0.0,0,(),0.0,0.0
78140,Center Drive,0.0,0.0,0.0,0,(),0.0,0.0
78145,Center Drive,0.0,0.0,0.0,0,(),0.0,0.0
78150,Center Drive,0.0,0.0,0.0,0,(),0.0,0.0
78155,Center Drive,0.0,0.0,0.0,0,(),0.0,0.0
78160,Center Drive,0.0,0.0,0.0,0,(),0.0,0.0
78165,Center Drive,0.0,0.0,0.0,0,(),0.0,0.0
78170,Center Drive,0.0,0.0,0.0,0,(),0.0,0.0
78175,Center Drive,0.0,0.0,0.0,0,(),0.0,0.0
78180,Center Drive,0.0,0.0,0.0,0,(),0.0,0.0
78185,Center Drive,0.0,0.0,0.0,0,(),0.0,0.0
78190,Center Drive,0.0,0.0,0.0,0,(),0.0,0.0
78195,Center Drive,0.0,0.0,0.0,0,(),0.0,0.0
78200,Center Drive,0.0,0.0,0.0,0,(),0.0,0.0
78205,Center Drive,0.0,0.0,0.0,0,(),0.0,0.0
78210,Center Drive,0.0,0.0,0.0,0,(),0.0,0.0
78215,Center Drive,0.0,0.0,0.0,0,(),0.0,0.0
78220,Center Drive,0.0,0.0,0.0,0,(),0.0,0.0
78225,Center Drive,0.0,0.0,0.0,0,(),0.0,0.0
78230,Center Drive,0.0,0.0,0.0,0,(),0.0,0.0
78235,Center Drive,0.0,0.0,0.0,0,(),0.0,0.0
78240,Center Drive,0.0,0.0,0.0,0,(),0.0,0.0
78245,Center Drive,0.0,0.0,0.0,0,(),0.0,0.0
78250,Center Drive,0.0,0.0,0.0,0,(),0.0,0.0
78255,Center Drive,0.0,0.0,0.0,0,(),0.0,0.0
78260,Center Drive,0.0,0.0,0.0,0,(),0.0,0.0
78265,Center Drive,0.0,0.0,0.0,0,(),0.0,0.0
78270,Center Drive,0.0,0.0,0.0,0,(),0.0,0.0
78275,Center Drive,0.0,0.0,0.0,0,(),0.0,0.0
78280,Center Drive,0.0,0.0,0.0,0,(),0.0,0.0
78285,Center Drive,0.0,0.0,0.0,0,(),0.0,0.0
78290,Center Drive,0.0,0.0,0.0,0,(),0.0,0.0
78295,Center Drive,0.0,0.0,0.0,0,(),0.0,0.0
78300,Center Drive,0.0,0.0,0.0,0,(),0.0,0.0
78305,Center Drive,0.0,0.0,0.0,0,(),0.0,0.0
78310,Center Drive,0.0,0.0,0.0,0,(),0.0,0.0
78315,Center Drive,0.0,0.0,0.0,0,(),0.0,0.0
78320,Center Drive,0.0,0.0,0.0,0,(),0.0,0.0
78325,Center Drive,0.0,0.0,0.0,0,(),0.0,0.0
78330,Center Drive,0.0,0.0,0.0,0,(),0.0,0.0
78335,Center Drive,0.0,0.0,0.0,0,(),0.0,0.0
78340,Center Drive,0.0,0.0,0.0,0,(),0.0,0.0
78345,Center Drive,0.0,0.0,0.0,0,(),0.0,0.0
78350,Center Drive,0.0,0.0,0.0,0,(),0.0,0.0
78355,Center Drive,0.0,0.0,0.0,0,(),0.0,0.0
78360,Center Drive,0.0,0.0,0.0,0,(),0.0,0.0
78365,Center Drive,0.0,0.0,0.0,0,(),0.0,0.0
78370,Center Drive,0.0,0.0,0.0,0,(),0.0,0.0
78375,Center Drive,0.0,0.0,0.0,0,(),0.0,0.0
78380,Center Drive,0.0,0.0,0.0,0,(),0.0,0.0
78385,Center Drive,0.0,0.0,0.0,0,(),0.0,0.0
78390,Center Drive,0.0,0.0,0.0,0,(),0.0,0.0
78395,Center Drive,0.0,0.0,0.0,0,(),0.0,0.0
78400,Center Drive,0.0,0.0,0.0,0,(),0.0,0.0
78405,Center Drive,0.0,0.0,0.0,0,(),0.0,0.0
78410,Center Drive,0.0,0.0,0.0,0,(),0.0,0.0
78415,Center Drive,0.0,0.0,0.0,0,(),0.0,0.0
78420,Center Drive,0.0,0.0,0.0,0,(),0.0,0.0
78425,Center Drive,0.0,0.0,0.0,0,(),0.0,0.0
78430,Center Drive,0.0,0.0,0.0,0,(),0.0,0.0
78435,Center Drive,0.0,0.0,0.0,0,(),0.0,0.0
78440,Center Drive,0.0,0.0,0.0,0,(),0.0,0.0
78445,Center Drive,0.0,0.0,0.0,0,(),0.0,0.0
78450,Center Drive,0.0,0.0,0.0,0,(),0.0,0.0
78455,Center Drive,0.0,0.0,0.0,0,(),0.0,0.0
78460,Center Drive,0.0,0.0,0.0,0,(),0.0,0.0
78465,Center Drive,0.0,0.0,0.0,0,(),0.0,0.0
78470,Center Drive,0.0,0.0,0.0,0,(),0.0,0.0
78475,Center Drive,0.0,0.0,0.0,0,(),0.0,0.0
78480,Center Drive,0.0,0.0,0.0,0,(),0.0,0.0
78485,Center Drive,0.0,0.0,0.0,0,(),0.0,0.0
78490,Center Drive,0.0,0.0,0.0,0,(),0.0,0.0
78495,Center Drive,0.0,0.0,0.0,0,(),0.0,0.0
78500,Center Drive,0.0,0.0,0.0,0,(),0.0,0.0
78505,Center Drive,0.0,0.0,0.0,0,(),0.0,0.0
78510,Center Drive,0.0,0.0,0.0,0,(),0.0,0.0
78515,Center Drive,0.0,0.0,0.0,0,(),0.0,0.0
78520,Center Drive,0.0,0.0,0.0,0,(),0.0,0.0
78525,Center Drive,0.0,0.0,0.0,0,(),0.0,0.0
78530,Center Drive,0.0,0.0,0.0,0,(),0.0,0.0
78535,Center Drive,0.0,0.0,0.0,0,(),0.0,0.0
78540,Center Drive,0.0,0.0,0.0,0,(),0.0,0.0
78545,Center Drive,0.0,0.0,0.0,0,(),0.0,0.0
78550,Center Drive,0.0,0.0,0.0,0,(),0.0,0.0
78555,Center Drive,0.0,0.0,0.0,0,(),0.0,0.0
78560,Center Drive,0.0,0.0,0.0,0,(),0.0,0.0
78565,Center Drive,0.0,0.0,0.0,0,(),0.0,0.0
78570,Center Drive,0.0,0.0,0.0,0,(),0.0,0.0
78575,Center Drive,0.0,0.0,0.0,0,(),0.0,0.0
78580,Center Drive,0.0,0.0,0.0,0,(),0.0,0.0
78585,Center Drive,0.0,0.0,0.0,0,(),0.0,0.0
78590,Center Drive,0.0,0.0,0.0,0,(),0.0,0.0
78595,Center Drive,0.0,0.0,0.0,0,(),0.0,0.0
78600,Center Drive,0.0,0.0,0.0,0,(),0.0,0.0
78605,Center Drive,0.0,0.0,0.0,0,(),0.0,0.0
78610,Center Drive,0.0,0.0,0.0,0,(),0.0,0.0
78615,Center Drive,0.0,0.0,0.0,0,(),0.0,0.0
78620,Center Drive,0.0,0.0,0.0,0,(),0.0,0.0
78625,Center Drive,0.0,0.0,0.0,0,(),0.0,0.0
78630,Center Drive,0.0,0.0,0.0,0,(),0.0,0.0
78635,Center Drive,0.0,0.0,0.0,0,(),0.0,0.0
78640,Center Drive,0.0,0.0,0.0,0,(),0.0,0.0
78645,Center Drive,0.0,0.0,0.0,0,(),0.0,0.0
78650,Center Drive,0.0,0.0,0.0,0,(),0.0,0.0
78655,Center Drive,0.0,0.0,0.0,0,(),0.0,0.0
78660,Center Drive,0.0,0.0,0.0,0,(),0.0,0.0
78665,Center Drive,0.0,0.0,0.0,0,(),0.0,0.0
78670,Center Drive,0.0,0.0,0.0,0,(),0.0,0.0
78675,Center Drive,0.0,0.0,0.0,0,(),0.0,0.0
78680,Center Drive,0.0,0.0,0.0,0,(),0.0,0.0
78685,Center Drive,0.0,0.0,0.0,0,(),0.0,0.0
78690,Center Drive,0.0,0.0,0.0,0,(),0.0,0.0
78695,Center Drive,0.0,0.0,0.0,0,(),0.0,0.0
78700,Center Drive,0.0,0.0,0.0,0,(),0.0,0.0
78705,Center Drive,0.0,0.0,0.0,0,(),0.0,0.0
78710,Center Drive,0.0,0.0,0.0,0,(),0.0,0.0
78715,Center Drive,0.0,0.0,0.0,0,(),0.0,0.0
78720,Center Drive,0.0,0.0,0.0,0,(),0.0,0.0
78725,Center Drive,0.0,0.0,0.0,0,(),0.0,0.0
78730,Center Drive,0.0,0.0,0.0,0,(),0.0,0.0
78735,Center Drive,0.0,0.0,0.0,0,(),0.0,0.0
78740,Center Drive,0.0,0.0,0.0,0,(),0.0,0.0
78745,Center Drive,0.0,0.0,0.0,0,(),0.0,0.0
78750,Center Drive,0.0,0.0,0.0,0,(),0.0,0.0
78755,Center Drive,0.0,0.0,0.0,0,(),0.0,0.0
78760,Center Drive,0.0,0.0,0.0,0,(),0.0,0.0
78765,Center Drive,0.0,0.0,0.0,0,(),0.0,0.0
78770,Center Drive,0.0,0.0,0.0,0,(),0.0,0.0
78775,Center Drive,0.0,0.0,0.0,0,(),0.0,0.0
78780,Center Drive,0.0,0.0,0.0,0,(),0.0,0.0
78785,Center Drive,0.0,0.0,0.0,0,(),0.0,0.0
78790,Center Drive,0.0,0.0,0.0,0,(),0.0,0.0
78795,Center Drive,0.0,0.0,0.0,0,(),0.0,0.0
78800,Center Drive,0.0,0.0,0.0,0,(),0.0,0.0
78805,Center Drive,0.0,0.0,0.0,0,(),0.0,0.0
78810,Center Drive,0.0,0.0,0.0,0,(),0.0,0.0
78815,Center Drive,0.0,0.0,0.0,0,(),0.0,0.0
78820,Center Drive,0.0,0.0,0.0,0,(),0.0,0.0
78825,Center Drive,0.0,0.0,0.0,0,(),0.0,0.0
78830,Center Drive,0.0,0.0,0.0,0,(),0.0,0.0
78835,Center Drive,0.0,0.0,0.0,0,(),0.0,0.0
78840,Center Drive,0.0,0.0,0.0,0,(),0.0,0.0
78845,Center Drive,0.0,0.0,0.0,0,(),0.0,0.0
78850,Center Drive,0.0,0.0,0.0,0,(),0.0,0.0
78855,Center Drive,0.0,0.0,0.0,0,(),0.0,0.0
78860,Center Drive,0.0,0.0,0.0,0,(),0.0,0.0
78865,Center Drive,0.0,0.0,0.0,0,(),0.0,0.0
78870,Center Drive,0.0,0.0,0.0,0,(),0.0,0.0
78875,Center Drive,0.0,0.0,0.0,0,(),0.0,0.0
78880,Center Drive,0.0,0.0,0.0,0,(),0.0,0.0
78885,Center Drive,0.0,0.0,0.0,0,(),0.0,0.0
78890,Center Drive,0.0,0.0,0.0,0,(),0.0,0.0
78895,Center Drive,0.0,0.0,0.0,0,(),0.0,0.0
78900,Center Drive,0.0,0.0,0.0,0,(),0.0,0.0
78905,Center Drive,0.0,0.0,0.0,0,(),0.0,0.0
78910,Center Drive,0.0,0.0,0.0,0,(),0.0,0.0
78915,Center Drive,0.0,0.0,0.0,0,(),0.0,0.0
78920,Center Drive,0.0,0.0,0.0,0,(),0.0,0.0
78925,Center Drive,0.0,0.0,0.0,0,(),0.0,0.0
78930,Center Drive,0.0,0.0,0.0,0,(),0.0,0.0
78935,Center Drive,0.0,0.0,0.0,0,(),0.0,0.0
78940,Center Drive,0.0,0.0,0.0,0,(),0.0,0.0
78945,Center Drive,0.0,0.0,0.0,0,(),0.0,0.0
78950,Center Drive,0.0,0.0,0.0,0,(),0.0,0.0
78955,Center Drive,0.0,0.0,0.0,0,(),0.0,0.0
78960,Center Drive,0.0,0.0,0.0,0,(),0.0,0.0
78965,Center Drive,0.0,0.0,0.0,0,(),0.0,0.0
78970,Center Drive,0.0,0.0,0.0,0,(),0.0,0.0
78975,Center Drive,0.0,0.0,0.0,0,(),0.0,0.0
78980,Center Drive,0.0,0.0,0.0,0,(),0.0,0.0
78985,Center Drive,0.0,0.0,0.0,0,(),0.0,0.0
78990,Center Drive,0.0,0.0,0.0,0,(),0.0,0.0
78995,Center Drive,0.0,0.0,0.0,0,(),0.0,0.0
79000,Center Drive,0.0,0.0,0.0,0,(),0.0,0.0
79005,Center Drive,0.0,0.0,0.0,0,(),0.0,0.0
79010,Center Drive,0.0,0.0,0.0,0,(),0.0,0.0
79015,Center Drive,0.0,0.0,0.0,0,(),0.0,0.0
79020,Center Drive,0.0,0.0,0.0,0,(),0.0,0.0
79025,Center Drive,0.0,0.0,0.0,0,(),0.0,0.0
79030,Center Drive,0.0,0.0,0.0,0,(),0.0,0.0
79035,Center Drive,0.0,0.0,0.0,0,(),0.0,0.0
79040,Center Drive,0.0,0.0,0.0,0,(),0.0,0.0
79045,Center Drive,0.0,0.0,0.0,0,(),0.0,0.0
79050,Center Drive,0.0,0.0,0.0,0,(),0.0,0.0
79055,Center Drive,0.0,0.0,0.0,0,(),0.0,0.0
79060,Center Drive,0.0,0.0,0.0,0,(),0.0,0.0
79065,Center Drive,0.0,0.0,0.0,0,(),0.0,0.0
79070,Center Drive,0.0,0.0,0.0,0,(),0.0,0.0
79075,Center Drive,0.0,0.0,0.0,0,(),0.0,0.0
79080,Center Drive,0.0,0.0,0.0,0,(),0.0,0.0
79085,Center Drive,0.0,0.0,0.0,0,(),0.0,0.0
79090,Center Drive,0.0,0.0,0.0,0,(),0.0,0.0
79095,Center Drive,0.0,0.0,0.0,0,(),0.0,0.0
79100,Center Drive,0.0,0.0,0.0,0,(),0.0,0.0
79105,Center Drive,0.0,0.0,0.0,0,(),0.0,0.0
79110,Center Drive,0.0,0.0,0.0,0,(),0.0,0.0
79115,Center Drive,0.0,0.0,0.0,0,(),0.0,0.0
79120,Center Drive,0.0,0.0,0.0,0,(),0.0,0.0
79125,Center Drive,0.0,0.0,0.0,0,(),0.0,0.0
79130,Center Drive,0.0,0.0,0.0,0,(),0.0,0.0
79135,Center Drive,0.0,0.0,0.0,0,(),0.0,0.0
79140,Center Drive,0.0,0.0,0.0,0,(),0.0,0.0
79145,Center Drive,0.0,0.0,0.0,0,(),0.0,0.0
79150,Center Drive,0.0,0.0,0.0,0,(),0.0,0.0
79155,Center Drive,0.0,0.0,0.0,0,(),0.0,0.0
79160,Center Drive,0.0,0.0,0.0,0,(),0.0,0.0
79165,Center Drive,0.0,0.0,0.0,0,(),0.0,0.0
79170,Center Drive,0.0,0.0,0.0,0,(),0.0,0.0
79175,Center Drive,0.0,0.0,0.0,0,(),0.0,0.0
79180,Center Drive,0.0,0.0,0.0,0,(),0.0,0.0
79185,Center Drive,0.0,0.0,0.0,0,(),0.0,0.0
79190,Center Drive,0.0,0.0,0.0,0,(),0.0,0.0
79195,Center Drive,0.0,0.0,0.0,0,(),0.0,0.0
79200,Center Drive,0.0,0.0,0.0,0,(),0.0,0.0
79205,Center Drive,0.0,0.0,0.0,0,(),0.0,0.0
79210,Center Drive,0.0,0.0,0.0,0,(),0.0,0.0
79215,Center Drive,0.0,0.0,0.0,0,(),0.0,0.0
79220,Center Drive,0.0,0.0,0.0,0,(),0.0,0.0
79225,Center Drive,0.0,0.0,0.0,0,(),0.0,0.0
79230,Center Drive,0.0,0.0,0.0,0,(),0.0,0.0
79235,Center Drive,0.0,0.0,0.0,0,(),0.0,0.0
79240,Center Drive,0.0,0.0,0.0,0,(),0.0,0.0
79245,Center Drive,0.0,0.0,0.0,0,(),0.0,0.0
79250,Center Drive,0.0,0.0,0.0,0,(),0.0,0.0
79255,Center Drive,0.0,0.0,0.0,0,(),0.0,0.0
79260,Center Drive,0.0,0.0,0.0,0,(),0.0,0.0
79265,Center Drive,0.0,0.0,0.0,0,(),0.0,0.0
79270,Center Drive,0.0,0.0,0.0,0,(),0.0,0.0
79275,Center Drive,0.0,0.0,0.0,0,(),0.0,0.0
79280,Center Drive,0.0,0.0,0.0,0,(),0.0,0.0
79285,Center Drive,0.0,0.0,0.0,0,(),0.0,0.0
79290,Center Drive,0.0,0.0,0.0,0,(),0.0,0.0
79295,Center Drive,0.0,0.0,0.0,0,(),0.0,0.0
79300,Center Drive,0.0,0.0,0.0,0,(),0.0,0.0
79305,Center Drive,0.0,0.0,0.0,0,(),0.0,0.0
79310,Center Drive,0.0,0.0,0.0,0,(),0.0,0.0
79315,Center Drive,0.0,0.0,0.0,0,(),0.0,0.0
79320,Center Drive,0.0,0.0,0.0,0,(),0.0,0.0
79325,Center Drive,0.0,0.0,0.0,0,(),0.0,0.0
79330,Center Drive,0.0,0.0,0.0,0,(),0.0,0.0
79335,Center Drive,0.0,0.0,0.0,0,(),0.0,0.0
79340,Center Drive,0.0,0.0,0.0,0,(),0.0,0.0
79345,Center Drive,0.0,0.0,0.0,0,(),0.0,0.0
79350,Center Drive,0.0,0.0,0.0,0,(),0.0,0.0
79355,Center Drive,0.0,0.0,0.0,0,(),0.0,0.0
79360,Center Drive,0.0,0.0,0.0,0,(),0.0,0.0
79365,Center Drive,0.0,0.0,0.0,0,(),0.0,0.0
79370,Center Drive,0.0,0.0,0.0,0,(),0.0,0.0
79375,Center Drive,0.0,0.0,0.0,0,(),0.0,0.0
79380,Center Drive,0.0,0.0,0.0,0,(),0.0,0.0
79385,Center Drive,0.0,0.0,0.0,0,(),0.0,0.0
79390,Center Drive,0.0,0.0,0.0,0,(),0.0,0.0
79395,Center Drive,0.0,0.0,0.0,0,(),0.0,0.0
79400,Center Drive,0.0,0.0,0.0,0,(),0.0,0.0
79405,Center Drive,0.0,0.0,0.0,0,(),0.0,0.0
79410,Center Drive,0.0,0.0,0.0,0,(),0.0,0.0
79415,Center Drive,0.0,0.0,0.0,0,(),0.0,0.0
79420,Center Drive,0.0,0.0,0.0,0,(),0.0,0.0
79425,Center Drive,0.0,0.0,0.0,0,(),0.0,0.0
79430,Center Drive,0.0,0.0,0.0,0,(),0.0,0.0
79435,Center Drive,0.0,0.0,0.0,0,(),0.0,0.0
79440,Center Drive,0.0,0.0,0.0,0,(),0.0,0.0
79445,Center Drive,0.0,0.0,0.0,0,(),0.0,0.0
79450,Center Drive,0.0,0.0,0.0,0,(),0.0,0.0
79455,Center Drive,0.0,0.0,0.0,0,(),0.0,0.0
79460,Center Drive,0.0,0.0,0.0,0,(),0.0,0.0
79465,Center Drive,0.0,0.0,0.0,0,(),0.0,0.0
79470,Center Drive,0.0,0.0,0.0,0,(),0.0,0.0
79475,Center Drive,0.0,0.0,0.0,0,(),0.0,0.0
79480,Center Drive,0.0,0.0,0.0,0,(),0.0,0.0
79485,Center Drive,0.0,0.0,0.0,0,(),0.0,0.0
79490,Center Drive,0.0,0.0,0.0,0,(),0.0,0.0
79495,Center Drive,0.0,0.0,0.0,0,(),0.0,0.0
79500,Center Drive,0.0,0.0,0.0,0,(),0.0,0.0
79505,Center Drive,0.0,0.0,0.0,0,(),0.0,0.0
79510,Center Drive,0.0,0.0,0.0,0,(),0.0,0.0
79515,Center Drive,0.0,0.0,0.0,0,(),0.0,0.0
79520,Center Drive,0.0,0.0,0.0,0,(),0.0,0.0
79525,Center Drive,0.0,0.0,0.0,0,(),0.0,0.0
79530,Center Drive,0.0,0.0,0.0,0,(),0.0,0.0
79535,Center Drive,0.0,0.0,0.0,0,(),0.0,0.0
79540,Center Drive,0.0,0.0,0.0,0,(),0.0,0.0
79545,Center Drive,0.0,0.0,0.0,0,(),0.0,0.0
79550,Center Drive,0.0,0.0,0.0,0,(),0.0,0.0
79555,Center Drive,0.0,0.0,0.0,0,(),0.0,0.0
79560,Center Drive,0.0,0.0,0.0,0,(),0.0,0.0
79565,Center Drive,0.0,0.0,0.0,0,(),0.0,0.0
79570,Center Drive,0.0,0.0,0.0,0,(),0.0,0.0
79575,Center Drive,0.0,0.0,0.0,0,(),0.0,0.0
79580,Center Drive,0.0,0.0,0.0,0,(),0.0,0.0
79585,Center Drive,0.0,0.0,0.0,0,(),0.0,0.0
79590,Center Drive,0.0,0.0,0.0,0,(),0.0,0.0
79595,Center Drive,0.0,0.0,0.0,0,(),0.0,0.0
79600,Center Drive,0.0,0.0,0.0,0,(),0.0,0.0
79605,Center Drive,0.0,0.0,0.0,0,(),0.0,0.0
79610,Center Drive,0.0,0.0,0.0,0,(),0.0,0.0
79615,Center Drive,0.0,0.0,0.0,0,(),0.0,0.0
79620,Center Drive,0.0,0.0,0.0,0,(),0.0,0.0
79625,Center Drive,0.0,0.0,0.0,0,(),0.0,0.0
79630,Center Drive,0.0,0.0,0.0,0,(),0.0,0.0
79635,Center Drive,0.0,0.0,0.0,0,(),0.0,0.0
79640,Center Drive,0.0,0.0,0.0,0,(),0.0,0.0
79645,Center Drive,0.0,0.0,0.0,0,(),0.0,0.0
79650,Center Drive,0.0,0.0,0.0,0,(),0.0,0.0
79655,Center Drive,0.0,0.0,0.0,0,(),0.0,0.0
79660,Center Drive,0.0,0.0,0.0,0,(),0.0,0.0
79665,Center Drive,0.0,0.0,0.0,0,(),0.0,0.0
79670,Center Drive,0.0,0.0,0.0,0,(),0.0,0.0
79675,Center Drive,0.0,0.0,0.0,0,(),0.0,0.0
79680,Center Drive,0.0,0.0,0.0,0,(),0.0,0.0
79685,Center Drive,0.0,0.0,0.0,0,(),0.0,0.0
79690,Center Drive,0.0,0.0,0.0,0,(),0.0,0.0
79695,Center Drive,0.0,0.0,0.0,0,(),0.0,0.0
79700,Center Drive,0.0,0.0,0.0,0,(),0.0,0.0
79705,Center Drive,0.0,0.0,0.0,0,(),0.0,0.0
79710,Center Drive,0.0,0.0,0.0,0,(),0.0,0.0
79715,Center Drive,0.0,0.0,0.0,0,(),0.0,0.0
79720,Center Drive,0.0,0.0,0.0,0,(),0.0,0.0
79725,Center Drive,0.0,0.0,0.0,0,(),0.0,0.0
79730,Center Drive,0.0,0.0,0.0,0,(),0.0,0.0
79735,Center Drive,0.0,0.0,0.0,0,(),0.0,0.0
79740,Center Drive,0.0,0.0,0.0,0,(),0.0,0.0
79745,Center Drive,0.0,0.0,0.0,0,(),0.0,0.0
79750,Center Drive,0.0,0.0,0.0,0,(),0.0,0.0
79755,Center Drive,0.0,0.0,0.0,0,(),0.0,0.0
79760,Center Drive,0.0,0.0,0.0,0,(),0.0,0.0
79765,Center Drive,0.0,0.0,0.0,0,(),0.0,0.0
79770,Center Drive,0.0,0.0,0.0,0,(),0.0,0.0
79775,Center Drive,0.0,0.0,0.0,0,(),0.0,0.0
79780,Center Drive,0.0,0.0,0.0,0,(),0.0,0.0
79785,Center Drive,0.0,0.0,0.0,0,(),0.0,0.0
79790,Center Drive,0.0,0.0,0.0,0,(),0.0,0.0
79795,Center Drive,0.0,0.0,0.0,0,(),0.0,0.0
79800,Center Drive,0.0,0.0,0.0,0,(),0.0,0.0
79805,Center Drive,0.0,0.0,0.0,0,(),0.0,0.0
79810,Center Drive,0.0,0.0,0.0,0,(),0.0,0.0
79815,Center Drive,0.0,0.0,0.0,0,(),0.0,0.0
79820,Center Drive,0.0,0.0,0.0,0,(),0.0,0.0
79825,Center Drive,0.0,0.0,0.0,0,(),0.0,0.0
79830,Center Drive,0.0,0.0,0.0,0,(),0.0,0.0
79835,Center Drive,0.0,0.0,0.0,0,(),0.0,0.0
79840,Center Drive,0.0,0.0,0.0,0,(),0.0,0.0
79845,Center Drive,0.0,0.0,0.0,0,(),0.0,0.0
79850,Center Drive,0.0,0.0,0.0,0,(),0.0,0.0
79855,Center Drive,0.0,0.0,0.0,0,(),0.0,0.0
79860,Center Drive,0.0,0.0,0.0,0,(),0.0,0.0
79865,Center Drive,0.0,0.0,0.0,0,(),0.0,0.0
79870,Center Drive,0.0,0.0,0.0,0,(),0.0,0.0
79875,Center Drive,0.0,0.0,0.0,0,(),0.0,0.0
79880,Center Drive,0.0,0.0,0.0,0,(),0.0,0.0
79885,Center Drive,0.0,0.0,0.0,0,(),0.0,0.0
79890,Center Drive,0.0,0.0,0.0,0,(),0.0,0.0
79895,Center Drive,0.0,0.0,0.0,0,(),0.0,0.0
79900,Center Drive,0.0,0.0,0.0,0,(),0.0,0.0
79905,Center Drive,0.0,0.0,0.0,0,(),0.0,0.0
79910,Center Drive,0.0,0.0,0.0,0,(),0.0,0.0
79915,Center Drive,0.0,0.0,0.0,0,(),0.0,0.0
79920,Center Drive,0.0,0.0,0.0,0,(),0.0,0.0
79925,Center Drive,0.0,0.0,0.0,0,(),0.0,0.0
79930,Center Drive,0.0,0.0,0.0,0,(),0.0,0.0
79935,Center Drive,0.0,0.0,0.0,0,(),0.0,0.0
79940,Center Drive,0.0,0.0,0.0,0,(),0.0,0.0
79945,Center Drive,0.0,0.0,0.0,0,(),0.0,0.0
79950,Center Drive,0.0,0.0,0.0,0,(),0.0,0.0
79955,Center Drive,0.0,0.0,0.0,0,(),0.0,0.0
79960,Center Drive,0.0,0.0,0.0,0,(),0.0,0.0
79965,Center Drive,0.0,0.0,0.0,0,(),0.0,0.0
79970,Center Drive,0.0,0.0,0.0,0,(),0.0,0.0
79975,Center Drive,0.0,0.0,0.0,0,(),0.0,0.0
79980,Center Drive,0.0,0.0,0.0,0,(),0.0,0.0
79985,Center Drive,0.0,0.0,0.0,0,(),0.0,0.0
79990,Center Drive,0.0,0.0,0.0,0,(),0.0,0.0
79995,Center Drive,0.0,0.0,0.0,0,(),0.0,0.0
80000,Center Drive,0.0,0.0,0.0,0,(),0.0,0.0
80005,Center Drive,0.0,0.0,0.0,0,(),0.0,0.0
80010,Center Drive,0.0,0.0,0.0,0,(),0.0,0.0
80015,Center Drive,0.0,0.0,0.0,0,(),0.0,0.0
80020,Center Drive,0.0,0.0,0.0,0,(),0.0,0.0
80025,Center Drive,0.0,0.0,0.0,0,(),0.0,0.0
80030,Center Drive,0.0,0.0,0.0,0,(),0.0,0.0
80035,Center Drive,0.0,0.0,0.0,0,(),0.0,0.0
80040,Center Drive,0.0,0.0,0.0,0,(),0.0,0.0
80045,Center Drive,0.0,0.0,0.0,0,(),0.0,0.0
80050,Center Drive,0.0,0.0,0.0,0,(),0.0,0.0
80055,Center Drive,0.0,0.0,0.0,0,(),0.0,0.0
80060,Center Drive,0.0,0.0,0.0,0,(),0.0,0.0
80065,Center Drive,0.0,0.0,0.0,0,(),0.0,0.0
80070,Center Drive,0.0,0.0,0.0,0,(),0.0,0.0
80075,Center Drive,0.0,0.0,0.0,0,(),0.0,0.0
80080,Center Drive,0.0,0.0,0.0,0,(),0.0,0.0
80085,Center Drive,0.0,0.0,0.0,0,(),0.0,0.0
80090,Center Drive,0.0,0.0,0.0,0,(),0.0,0.0
80095,Center Drive,0.0,0.0,0.0,0,(),0.0,0.0
80100,Center Drive,0.0,0.0,0.0,0,(),0.0,0.0
80105,Center Drive,0.0,0.0,0.0,0,(),0.0,0.0
80110,Center Drive,0.0,0.0,0.0,0,(),0.0,0.0
80115,Center Drive,0.0,0.0,0.0,0,(),0.0,0.0
80120,Center Drive,0.0,0.0,0.0,0,(),0.0,0.0
80125,Center Drive,0.0,0.0,0.0,0,(),0.0,0.0
80130,Center Drive,0.0,0.0,0.0,0,(),0.0,0.0
80135,Center Drive,0.0,0.0,0.0,0,(),0.0,0.0
80140,Center Drive,0.0,0.0,0.0,0,(),0.0,0.0
80145,Center Drive,0.0,0.0,0.0,0,(),0.0,0.0
80150,Center Drive,0.0,0.0,0.0,0,(),0.0,0.0
80155,Center Drive,0.0,0.0,0.0,0,(),0.0,0.0
80160,Center Drive,0.0,0.0,0.0,0,(),0.0,0.0
80165,Center Drive,0.0,0.0,0.0,0,(),0.0,0.0
80170,Center Drive,0.0,0.0,0.0,0,(),0.0,0.0
80175,Center Drive,0.0,0.0,0.0,0,(),0.0,0.0
80180,Center Drive,0.0,0.0,0.0,0,(),0.0,0.0
80185,Center Drive,0.0,0.0,0.0,0,(),0.0,0.0
80190,Center Drive,0.0,0.0,0.0,0,(),0.0,0.0
80195,Center Drive,0.0,0.0,0.0,0,(),0.0,0.0
80200,Center Drive,0.0,0.0,0.0,0,(),0.0,0.0
80205,Center Drive,0.0,0.0,0.0,0,(),0.0,0.0
80210,Center Drive,0.0,0.0,0.0,0,(),0.0,0.0
80215,Center Drive,0.0,0.0,0.0,0,(),0.0,0.0
80220,Center Drive,0.0,0.0,0.0,0,(),0.0,0.0
80225,Center Drive,0.0,0.0,0.0,0,(),0.0,0.0
80230,Center Drive,0.0,0.0,0.0,0,(),0.0,0.0
80235,Center Drive,0.0,0.0,0.0,0,(),0.0,0.0
80240,Center Drive,0.0,0.0,0.0,0,(),0.0,0.0
80245,Center Drive,0.0,0.0,0.0,0,(),0.0,0.0
80250,Center Drive,0.0,0.0,0.0,0,(),0.0,0.0
80255,Center Drive,0.0,0.0,0.0,0,(),0.0,0.0
80260,Center Drive,0.0,0.0,0.0,0,(),0.0,0.0
80265,Center Drive,0.0,0.0,0.0,0,(),0.0,0.0
80270,Center Drive,0.0,0.0,0.0,0,(),0.0,0.0
80275,Center Drive,0.0,0.0,0.0,0,(),0.0,0.0
80280,Center Drive,0.0,0.0,0.0,0,(),0.0,0.0
80285,Center Drive,0.0,0.0,0.0,0,(),0.0,0.0
80290,Center Drive,0.0,0.0,0.0,0,(),0.0,0.0
80295,Center Drive,0.0,0.0,0.0,0,(),0.0,0.0
80300,Center Drive,0.0,0.0,0.0,0,(),0.0,0.0
80305,Center Drive,0.0,0.0,0.0,0,(),0.0,0.0
80310,Center Drive,0.0,0.0,0.0,0,(),0.0,0.0
80315,Center Drive,0.0,0.0,0.0,0,(),0.0,0.0
80320,Center Drive,0.0,0.0,0.0,0,(),0.0,0.0
80325,Center Drive,0.0,0.0,0.0,0,(),0.0,0.0
80330,Center Drive,0.0,0.0,0.0,0,(),0.0,0.0
80335,Center Drive,0.0,0.0,0.0,0,(),0.0,0.0
80340,Center Drive,0.0,0.0,0.0,0,(),0.0,0.0
80345,Center Drive,0.0,0.0,0.0,0,(),0.0,0.0
80350,Center Drive,0.0,0.0,0.0,0,(),0.0,0.0
80355,Center Drive,0.0,0.0,0.0,0,(),0.0,0.0
80360,Center Drive,0.0,0.0,0.0,0,(),0.0,0.0
80365,Center Drive,0.0,0.0,0.0,0,(),0.0,0.0
80370,Center Drive,0.0,0.0,0.0,0,(),0.0,0.0
80375,Center Drive,0.0,0.0,0.0,0,(),0.0,0.0
80380,Center Drive,0.0,0.0,0.0,0,(),0.0,0.0
80385,Center Drive,0.0,0.0,0.0,0,(),0.0,0.0
80390,Center Drive,0.0,0.0,0.0,0,(),0.0,0.0
80395,Center Drive,0.0,0.0,0.0,0,(),0.0,0.0
80400,Center Drive,0.0,0.0,0.0,0,(),0.0,0.0
80405,Center Drive,0.0,0.0,0.0,0,(),0.0,0.0
80410,Center Drive,0.0,0.0,0.0,0,(),0.0,0.0
80415,Center Drive,0.0,0.0,0.0,0,(),0.0,0.0
80420,Center Drive,0.0,0.0,0.0,0,(),0.0,0.0
80425,Center Drive,0.0,0.0,0.0,0,(),0.0,0.0
80430,Center Drive,0.0,0.0,0.0,0,(),0.0,0.0
80435,Center Drive,0.0,0.0,0.0,0,(),0.0,0.0
80440,Center Drive,0.0,0.0,0.0,0,(),0.0,0.0
80445,Center Drive,0.0,0.0,0.0,0,(),0.0,0.0
80450,Center Drive,0.0,0.0,0.0,0,(),0.0,0.0
80455,Center Drive,0.0,0.0,0.0,0,(),0.0,0.0
80460,Center Drive,0.0,0.0,0.0,0,(),0.0,0.0
80465,Center Drive,0.0,0.0,0.0,0,(),0.0,0.0
80470,Center Drive,0.0,0.0,0.0,0,(),0.0,0.0
80475,Center Drive,0.0,0.0,0.0,0,(),0.0,0.0
80480,Center Drive,0.0,0.0,0.0,0,(),0.0,0.0
80485,Center Drive,0.0,0.0,0.0,0,(),0.0,0.0
80490,Center Drive,0.0,0.0,0.0,0,(),0.0,0.0
80495,Center Drive,0.0,0.0,0.0,0,(),0.0,0.0
80500,Center Drive,0.0,0.0,0.0,0,(),0.0,0.0
80505,Center Drive,0.0,0.0,0.0,0,(),0.0,0.0
80510,Center Drive,0.0,0.0,0.0,0,(),0.0,0.0
80515,Center Drive,0.0,0.0,0.0,0,(),0.0,0.0
80520,Center Drive,0.0,0.0,0.0,0,(),0.0,0.0
80525,Center Drive,0.0,0.0,0.0,0,(),0.0,0.0
80530,Center Drive,0.0,0.0,0.0,0,(),0.0,0.0
80535,Center Drive,0.0,0.0,0.0,0,(),0.0,0.0
80540,Center Drive,0.0,0.0,0.0,0,(),0.0,0.0
80545,Center Drive,0.0,0.0,0.0,0,(),0.0,0.0
80550,Center Drive,0.0,0.0,0.0,0,(),0.0,0.0
80555,Center Drive,0.0,0.0,0.0,0,(),0.0,0.0
80560,Center Drive,0.0,0.0,0.0,0,(),0.0,0.0
80565,Center Drive,0.0,0.0,0.0,0,(),0.0,0.0
80570,Center Drive,0.0,0.0,0.0,0,(),0.0,0.0
80575,Center Drive,0.0,0.0,0.0,0,(),0.0,0.0
80580,Center Drive,0.0,0.0,0.0,0,(),0.0,0.0
80585,Center Drive,0.0,0.0,0.0,0,(),0.0,0.0
80590,Center Drive,0.0,0.0,0.0,0,(),0.0,0.0
80595,Center Drive,0.0,0.0,0.0,0,(),0.0,0.0
80600,Center Drive,0.0,0.0,0.0,0,(),0.0,0.0
80605,Center Drive,0.0,0.0,0.0,0,(),0.0,0.0
80610,Center Drive,0.0,0.0,0.0,0,(),0.0,0.0
80615,Center Drive,0.0,0.0,0.0,0,(),0.0,0.0
80620,Center Drive,0.0,0.0,0.0,0,(),0.0,0.0
80625,Center Drive,0.0,0.0,0.0,0,(),0.0,0.0
80630,Center Drive,0.0,0.0,0.0,0,(),0.0,0.0
80635,Center Drive,0.0,0.0,0.0,0,(),0.0,0.0
80640,Center Drive,0.0,0.0,0.0,0,(),0.0,0.0
80645,Center Drive,0.0,0.0,0.0,0,(),0.0,0.0
80650,Center Drive,0.0,0.0,0.0,0,(),0.0,0.0
80655,Center Drive,0.0,0.0,0.0,0,(),0.0,0.0
80660,Center Drive,0.0,0.0,0.0,0,(),0.0,0.0
80665,Center Drive,0.0,0.0,0.0,0,(),0.0,0.0
80670,Center Drive,0.0,0.0,0.0,0,(),0.0,0.0
80675,Center Drive,0.0,0.0,0.0,0,(),0.0,0.0
80680,Center Drive,0.0,0.0,0.0,0,(),0.0,0.0
80685,Center Drive,0.0,0.0,0.0,0,(),0.0,0.0
80690,Center Drive,0.0,0.0,0.0,0,(),0.0,0.0
80695,Center Drive,0.0,0.0,0.0,0,(),0.0,0.0
80700,Center Drive,0.0,0.0,0.0,0,(),0.0,0.0
80705,Center Drive,0.0,0.0,0.0,0,(),0.0,0.0
80710,Center Drive,0.0,0.0,0.0,0,(),0.0,0.0
80715,Center Drive,0.0,0.0,0.0,0,(),0.0,0.0
80720,Center Drive,0.0,0.0,0.0,0,(),0.0,0.0
80725,Center Drive,0.0,0.0,0.0,0,(),0.0,0.0
80730,Center Drive,0.0,0.0,0.0,0,(),0.0,0.0
80735,Center Drive,0.0,0.0,0.0,0,(),0.0,0.0
80740,Center Drive,0.0,0.0,0.0,0,(),0.0,0.0
80745,Center Drive,0.0,0.0,0.0,0,(),0.0,0.0
80750,Center Drive,0.0,0.0,0.0,0,(),0.0,0.0
80755,Center Drive,0.0,0.0,0.0,0,(),0.0,0.0
80760,Center Drive,0.0,0.0,0.0,0,(),0.0,0.0
80765,Center Drive,0.0,0.0,0.0,0,(),0.0,0.0
80770,Center Drive,0.0,0.0,0.0,0,(),0.0,0.0
80775,Center Drive,0.0,0.0,0.0,0,(),0.0,0.0
80780,Center Drive,0.0,0.0,0.0,0,(),0.0,0.0
80785,Center Drive,0.0,0.0,0.0,0,(),0.0,0.0
80790,Center Drive,0.0,0.0,0.0,0,(),0.0,0.0
80795,Center Drive,0.0,0.0,0.0,0,(),0.0,0.0
80800,Center Drive,0.0,0.0,0.0,0,(),0.0,0.0
80805,Center Drive,0.0,0.0,0.0,0,(),0.0,0.0
80810,Center Drive,0.0,0.0,0.0,0,(),0.0,0.0
80815,Center Drive,0.0,0.0,0.0,0,(),0.0,0.0
80820,Center Drive,0.0,0.0,0.0,0,(),0.0,0.0
80825,Center Drive,0.0,0.0,0.0,0,(),0.0,0.0
80830,Center Drive,0.0,0.0,0.0,0,(),0.0,0.0
80835,Center Drive,0.0,0.0,0.0,0,(),0.0,0.0
80840,Center Drive,0.0,0.0,0.0,0,(),0.0,0.0
80845,Center Drive,0.0,0.0,0.0,0,(),0.0,0.0
80850,Center Drive,0.0,0.0,0.0,0,(),0.0,0.0
80855,Center Drive,0.0,0.0,0.0,0,(),0.0,0.0
80860,Center Drive,0.0,0.0,0.0,0,(),0.0,0.0
80865,Center Drive,0.0,0.0,0.0,0,(),0.0,0.0
80870,Center Drive,0.0,0.0,0.0,0,(),0.0,0.0
80875,Center Drive,0.0,0.0,0.0,0,(),0.0,0.0
80880,Center Drive,0.0,0.0,0.0,0,(),0.0,0.0
80885,Center Drive,0.0,0.0,0.0,0,(),0.0,0.0
80890,Center Drive,0.0,0.0,0.0,0,(),0.0,0.0
80895,Center Drive,0.0,0.0,0.0,0,(),0.0,0.0
80900,Center Drive,0.0,0.0,0.0,0,(),0.0,0.0
80905,Center Drive,0.0,0.0,0.0,0,(),0.0,0.0
80910,Center Drive,0.0,0.0,0.0,0,(),0.0,0.0
80915,Center Drive,0.0,0.0,0.0,0,(),0.0,0.0
80920,Center Drive,0.0,0.0,0.0,0,(),0.0,0.0
80925,Center Drive,0.0,0.0,0.0,0,(),0.0,0.0
80930,Center Drive,0.0,0.0,0.0,0,(),0.0,0.0
80935,Center Drive,0.0,0.0,0.0,0,(),0.0,0.0
80940,Center Drive,0.0,0.0,0.0,0,(),0.0,0.0
80945,Center Drive,0.0,0.0,0.0,0,(),0.0,0.0
80950,Center Drive,0.0,0.0,0.0,0,(),0.0,0.0
80955,Center Drive,0.0,0.0,0.0,0,(),0.0,0.0
80960,Center Drive,0.0,0.0,0.0,0,(),0.0,0.0
80965,Center Drive,0.0,0.0,0.0,0,(),0.0,0.0
80970,Center Drive,0.0,0.0,0.0,0,(),0.0,0.0
80975,Center Drive,0.0,0.0,0.0,0,(),0.0,0.0
80980,Center Drive,0.0,0.0,0.0,0,(),0.0,0.0
80985,Center Drive,0.0,0.0,0.0,0,(),0.0,0.0
80990,Center Drive,0.0,0.0,0.0,0,(),0.0,0.0
80995,Center Drive,0.0,0.0,0.0,0,(),0.0,0.0
81000,Center Drive,0.0,0.0,0.0,0,(),0.0,0.0
81005,Center Drive,0.0,0.0,0.0,0,(),0.0,0.0
81010,Center Drive,0.0,0.0,0.0,0,(),0.0,0.0
81015,Center Drive,0.0,0.0,0.0,0,(),0.0,0.0
81020,Center Drive,0.0,0.0,0.0,0,(),0.0,0.0
81025,Center Drive,0.0,0.0,0.0,0,(),0.0,0.0
81030,Center Drive,0.0,0.0,0.0,0,(),0.0,0.0
81035,Center Drive,0.0,0.0,0.0,0,(),0.0,0.0
81040,Center Drive,0.0,0.0,0.0,0,(),0.0,0.0
81045,Center Drive,0.0,0.0,0.0,0,(),0.0,0.0
81050,Center Drive,0.0,0.0,0.0,0,(),0.0,0.0
81055,Center Drive,0.0,0.0,0.0,0,(),0.0,0.0
81060,Center Drive,0.0,0.0,0.0,0,(),0.0,0.0
81065,Center Drive,0.0,0.0,0.0,0,(),0.0,0.0
81070,Center Drive,0.0,0.0,0.0,0,(),0.0,0.0
81075,Center Drive,0.0,0.0,0.0,0,(),0.0,0.0
81080,Center Drive,0.0,0.0,0.0,0,(),0.0,0.0
81085,Center Drive,0.0,0.0,0.0,0,(),0.0,0.0
81090,Center Drive,0.0,0.0,0.0,0,(),0.0,0.0
81095,Center Drive,0.0,0.0,0.0,0,(),0.0,0.0
81100,Center Drive,0.0,0.0,0.0,0,(),0.0,0.0
81105,Center Drive,0.0,0.0,0.0,0,(),0.0,0.0
81110,Center Drive,0.0,0.0,0.0,0,(),0.0,0.0
81115,Center Drive,0.0,0.0,0.0,0,(),0.0,0.0
81120,Center Drive,0.0,0.0,0.0,0,(),0.0,0.0
81125,Center Drive,0.0,0.0,0.0,0,(),0.0,0.0
81130,Center Drive,0.0,0.0,0.0,0,(),0.0,0.0
81135,Center Drive,0.0,0.0,0.0,0,(),0.0,0.0
81140,Center Drive,0.0,0.0,0.0,0,(),0.0,0.0
81145,Center Drive,0.0,0.0,0.0,0,(),0.0,0.0
81150,Center Drive,0.0,0.0,0.0,0,(),0.0,0.0
81155,Center Drive,0.0,0.0,0.0,0,(),0.0,0.0
81160,Center Drive,0.0,0.0,0.0,0,(),0.0,0.0
81165,Center Drive,0.0,0.0,0.0,0,(),0.0,0.0
81170,Center Drive,0.0,0.0,0.0,0,(),0.0,0.0
81175,Center Drive,0.0,0.0,0.0,0,(),0.0,0.0
81180,Center Drive,0.0,0.0,0.0,0,(),0.0,0.0
81185,Center Drive,0.0,0.0,0.0,0,(),0.0,0.0
81190,Center Drive,0.0,0.0,0.0,0,(),0.0,0.0
81195,Center Drive,0.0,0.0,0.0,0,(),0.0,0.0
81200,Center Drive,0.0,0.0,0.0,0,(),0.0,0.0
81205,Center Drive,0.0,0.0,0.0,0,(),0.0,0.0
81210,Center Drive,0.0,0.0,0.0,0,(),0.0,0.0
81215,Center Drive,0.0,0.0,0.0,0,(),0.0,0.0
81220,Center Drive,0.0,0.0,0.0,0,(),0.0,0.0
81225,Center Drive,0.0,0.0,0.0,0,(),0.0,0.0
81230,Center Drive,0.0,0.0,0.0,0,(),0.0,0.0
81235,Center Drive,0.0,0.0,0.0,0,(),0.0,0.0
81240,Center Drive,0.0,0.0,0.0,0,(),0.0,0.0
81245,Center Drive,0.0,0.0,0.0,0,(),0.0,0.0
81250,Center Drive,0.0,0.0,0.0,0,(),0.0,0.0
81255,Center Drive,0.0,0.0,0.0,0,(),0.0,0.0
81260,Center Drive,0.0,0.0,0.0,0,(),0.0,0.0
81265,Center Drive,0.0,0.0,0.0,0,(),0.0,0.0
81270,Center Drive,0.0,0.0,0.0,0,(),0.0,0.0
81275,Center Drive,0.0,0.0,0.0,0,(),0.0,0.0
81280,Center Drive,0.0,0.0,0.0,0,(),0.0,0.0
81285,Center Drive,0.0,0.0,0.0,0,(),0.0,0.0
81290,Center Drive,0.0,0.0,0.0,0,(),0.0,0.0
81295,Center Drive,0.0,0.0,0.0,0,(),0.0,0.0
81300,Center Drive,0.0,0.0,0.0,0,(),0.0,0.0
81305,Center Drive,0.0,0.0,0.0,0,(),0.0,0.0
81310,Center Drive,0.0,0.0,0.0,0,(),0.0,0.0
81315,Center Drive,0.0,0.0,0.0,0,(),0.0,0.0
81320,Center Drive,0.0,0.0,0.0,0,(),0.0,0.0
81325,Center Drive,0.0,0.0,0.0,0,(),0.0,0.0
81330,Center Drive,0.0,0.0,0.0,0,(),0.0,0.0
81335,Center Drive,0.0,0.0,0.0,0,(),0.0,0.0
81340,Center Drive,0.0,0.0,0.0,0,(),0.0,0.0
81345,Center Drive,0.0,0.0,0.0,0,(),0.0,0.0
81350,Center Drive,0.0,0.0,0.0,0,(),0.0,0.0
81355,Center Drive,0.0,0.0,0.0,0,(),0.0,0.0
81360,Center Drive,0.0,0.0,0.0,0,(),0.0,0.0
81365,Center Drive,0.0,0.0,0.0,0,(),0.0,0.0
81370,Center Drive,0.0,0.0,0.0,0,(),0.0,0.0
81375,Center Drive,0.0,0.0,0.0,0,(),0.0,0.0
81380,Center Drive,0.0,0.0,0.0,0,(),0.0,0.0
81385,Center Drive,0.0,0.0,0.0,0,(),0.0,0.0
81390,Center Drive,0.0,0.0,0.0,0,(),0.0,0.0
81395,Center Drive,0.0,0.0,0.0,0,(),0.0,0.0
81400,Center Drive,0.0,0.0,0.0,0,(),0.0,0.0
81405,Center Drive,0.0,0.0,0.0,0,(),0.0,0.0
81410,Center Drive,0.0,0.0,0.0,0,(),0.0,0.0
81415,Center Drive,0.0,0.0,0.0,0,(),0.0,0.0
81420,Center Drive,0.0,0.0,0.0,0,(),0.0,0.0
81425,Center Drive,0.0,0.0,0.0,0,(),0.0,0.0
81430,Center Drive,0.0,0.0,0.0,0,(),0.0,0.0
81435,Center Drive,0.0,0.0,0.0,0,(),0.0,0.0
81440,Center Drive,0.0,0.0,0.0,0,(),0.0,0.0
81445,Center Drive,0.0,0.0,0.0,0,(),0.0,0.0
81450,Center Drive,0.0,0.0,0.0,0,(),0.0,0.0
81455,Center Drive,0.0,0.0,0.0,0,(),0.0,0.0
81460,Center Drive,0.0,0.0,0.0,0,(),0.0,0.0
81465,Center Drive,0.0,0.0,0.0,0,(),0.0,0.0
81470,Center Drive,0.0,0.0,0.0,0,(),0.0,0.0
81475,Center Drive,0.0,0.0,0.0,0,(),0.0,0.0
81480,Center Drive,0.0,0.0,0.0,0,(),0.0,0.0
81485,Center Drive,0.0,0.0,0.0,0,(),0.0,0.0
81490,Center Drive,0.0,0.0,0.0,0,(),0.0,0.0
81495,Center Drive,0.0,0.0,0.0,0,(),0.0,0.0
81500,Center Drive,0.0,0.0,0.0,0,(),0.0,0.0
81505,Center Drive,0.0,0.0,0.0,0,(),0.0,0.0
81510,Center Drive,0.0,0.0,0.0,0,(),0.0,0.0
81515,Center Drive,0.0,0.0,0.0,0,(),0.0,0.0
81520,Center Drive,0.0,0.0,0.0,0,(),0.0,0.0
81525,Center Drive,0.0,0.0,0.0,0,(),0.0,0.0
81530,Center Drive,0.0,0.0,0.0,0,(),0.0,0.0
81535,Center Drive,0.0,0.0,0.0,0,(),0.0,0.0
81540,Center Drive,0.0,0.0,0.0,0,(),0.0,0.0
81545,Center Drive,0.0,0.0,0.0,0,(),0.0,0.0
81550,Center Drive,0.0,0.0,0.0,0,(),0.0,0.0
81555,Center Drive,0.0,0.0,0.0,0,(),0.0,0.0
81560,Center Drive,0.0,0.0,0.0,0,(),0.0,0.0
81565,Center Drive,0.0,0.0,0.0,0,(),0.0,0.0
81570,Center Drive,0.0,0.0,0.0,0,(),0.0,0.0
81575,Center Drive,0.0,0.0,0.0,0,(),0.0,0.0
81580,Center Drive,0.0,0.0,0.0,0,(),0.0,0.0
81585,Center Drive,0.0,0.0,0.0,0,(),0.0,0.0
81590,Center Drive,0.0,0.0,0.0,0,(),0.0,0.0
81595,Center Drive,0.0,0.0,0.0,0,(),0.0,0.0
81600,Center Drive,0.0,0.0,0.0,0,(),0.0,0.0
81605,Center Drive,0.0,0.0,0.0,0,(),0.0,0.0
81610,Center Drive,0.0,0.0,0.0,0,(),0.0,0.0
81615,Center Drive,0.0,0.0,0.0,0,(),0.0,0.0
81620,Center Drive,0.0,0.0,0.0,0,(),0.0,0.0
81625,Center Drive,0.0,0.0,0.0,0,(),0.0,0.0
81630,Center Drive,0.0,0.0,0.0,0,(),0.0,0.0
81635,Center Drive,0.0,0.0,0.0,0,(),0.0,0.0
81640,Center Drive,0.0,0.0,0.0,0,(),0.0,0.0
81645,Center Drive,0.0,0.0,0.0,0,(),0.0,0.0
81650,Center Drive,0.0,0.0,0.0,0,(),0.0,0.0
81655,Center Drive,0.0,0.0,0.0,0,(),0.0,0.0
81660,Center Drive,0.0,0.0,0.0,0,(),0.0,0.0
81665,Center Drive,0.0,0.0,0.0,0,(),0.0,0.0
81670,Center Drive,0.0,0.0,0.0,0,(),0.0,0.0
81675,Center Drive,0.0,0.0,0.0,0,(),0.0,0.0
81680,Center Drive,0.0,0.0,0.0,0,(),0.0,0.0
81685,Center Drive,0.0,0.0,0.0,0,(),0.0,0.0
81690,Center Drive,0.0,0.0,0.0,0,(),0.0,0.0
81695,Center Drive,0.0,0.0,0.0,0,(),0.0,0.0
81700,Center Drive,0.0,0.0,0.0,0,(),0.0,0.0
81705,Center Drive,0.0,0.0,0.0,0,(),0.0,0.0
81710,Center Drive,0.0,0.0,0.0,0,(),0.0,0.0
81715,Center Drive,0.0,0.0,0.0,0,(),0.0,0.0
81720,Center Drive,0.0,0.0,0.0,0,(),0.0,0.0
81725,Center Drive,0.0,0.0,0.0,0,(),0.0,0.0
81730,Center Drive,0.0,0.0,0.0,0,(),0.0,0.0
81735,Center Drive,0.0,0.0,0.0,0,(),0.0,0.0
81740,Center Drive,0.0,0.0,0.0,0,(),0.0,0.0
81745,Center Drive,0.0,0.0,0.0,0,(),0.0,0.0
81750,Center Drive,0.0,0.0,0.0,0,(),0.0,0.0
81755,Center Drive,0.0,0.0,0.0,0,(),0.0,0.0
81760,Center Drive,0.0,0.0,0.0,0,(),0.0,0.0
81765,Center Drive,0.0,0.0,0.0,0,(),0.0,0.0
81770,Center Drive,0.0,0.0,0.0,0,(),0.0,0.0
81775,Center Drive,0.0,0.0,0.0,0,(),0.0,0.0
81780,Center Drive,0.0,0.0,0.0,0,(),0.0,0.0
81785,Center Drive,0.0,0.0,0.0,0,(),0.0,0.0
81790,Center Drive,0.0,0.0,0.0,0,(),0.0,0.0
81795,Center Drive,0.0,0.0,0.0,0,(),0.0,0.0
81800,Center Drive,0.0,0.0,0.0,0,(),0.0,0.0
81805,Center Drive,0.0,0.0,0.0,0,(),0.0,0.0
81810,Center Drive,0.0,0.0,0.0,0,(),0.0,0.0
81815,Center Drive,0.0,0.0,0.0,0,(),0.0,0.0
81820,Center Drive,0.0,0.0,0.0,0,(),0.0,0.0
81825,Center Drive,0.0,0.0,0.0,0,(),0.0,0.0
81830,Center Drive,0.0,0.0,0.0,0,(),0.0,0.0
81835,Center Drive,0.0,0.0,0.0,0,(),0.0,0.0
81840,Center Drive,0.0,0.0,0.0,0,(),0.0,0.0
81845,Center Drive,0.0,0.0,0.0,0,(),0.0,0.0
81850,Center Drive,0.0,0.0,0.0,0,(),0.0,0.0
81855,Center Drive,0.0,0.0,0.0,0,(),0.0,0.0
81860,Center Drive,0.0,0.0,0.0,0,(),0.0,0.0
81865,Center Drive,0.0,0.0,0.0,0,(),0.0,0.0
81870,Center Drive,0.0,0.0,0.0,0,(),0.0,0.0
81875,Center Drive,0.0,0.0,0.0,0,(),0.0,0.0
81880,Center Drive,0.0,0.0,0.0,0,(),0.0,0.0
81885,Center Drive,0.0,0.0,0.0,0,(),0.0,0.0
81890,Center Drive,0.0,0.0,0.0,0,(),0.0,0.0
81895,Center Drive,0.0,0.0,0.0,0,(),0.0,0.0
81900,Center Drive,0.0,0.0,0.0,0,(),0.0,0.0
81905,Center Drive,0.0,0.0,0.0,0,(),0.0,0.0
81910,Center Drive,0.0,0.0,0.0,0,(),0.0,0.0
81915,Center Drive,0.0,0.0,0.0,0,(),0.0,0.0
81920,Center Drive,0.0,0.0,0.0,0,(),0.0,0.0
81925,Center Drive,0.0,0.0,0.0,0,(),0.0,0.0
81930,Center Drive,0.0,0.0,0.0,0,(),0.0,0.0
81935,Center Drive,0.0,0.0,0.0,0,(),0.0,0.0
81940,Center Drive,0.0,0.0,0.0,0,(),0.0,0.0
81945,Center Drive,0.0,0.0,0.0,0,(),0.0,0.0
81950,Center Drive,0.0,0.0,0.0,0,(),0.0,0.0
81955,Center Drive,0.0,0.0,0.0,0,(),0.0,0.0
81960,Center Drive,0.0,0.0,0.0,0,(),0.0,0.0
81965,Center Drive,0.0,0.0,0.0,0,(),0.0,0.0
81970,Center Drive,0.0,0.0,0.0,0,(),0.0,0.0
81975,Center Drive,0.0,0.0,0.0,0,(),0.0,0.0
81980,Center Drive,0.0,0.0,0.0,0,(),0.0,0.0
81985,Center Drive,0.0,0.0,0.0,0,(),0.0,0.0
81990,Center Drive,0.0,0.0,0.0,0,(),0.0,0.0
81995,Center Drive,0.0,0.0,0.0,0,(),0.0,0.0
82000,Center Drive,0.0,0.0,0.0,0,(),0.0,0.0
82005,Center Drive,0.0,0.0,0.0,0,(),0.0,0.0
82010,Center Drive,0.0,0.0,0.0,0,(),0.0,0.0
82015,Center Drive,0.0,0.0,0.0,0,(),0.0,0.0
82020,Center Drive,0.0,0.0,0.0,0,(),0.0,0.0
82025,Center Drive,0.0,0.0,0.0,0,(),0.0,0.0
82030,Center Drive,0.0,0.0,0.0,0,(),0.0,0.0
82035,Center Drive,0.0,0.0,0.0,0,(),0.0,0.0
82040,Center Drive,0.0,0.0,0.0,0,(),0.0,0.0
82045,Center Drive,0.0,0.0,0.0,0,(),0.0,0.0
82050,Center Drive,0.0,0.0,0.0,0,(),0.0,0.0
82055,Center Drive,0.0,0.0,0.0,0,(),0.0,0.0
82060,Center Drive,0.0,0.0,0.0,0,(),0.0,0.0
82065,Center Drive,0.0,0.0,0.0,0,(),0.0,0.0
82070,Center Drive,0.0,0.0,0.0,0,(),0.0,0.0
82075,Center Drive,0.0,0.0,0.0,0,(),0.0,0.0
82080,Center Drive,0.0,0.0,0.0,0,(),0.0,0.0
82085,Center Drive,0.0,0.0,0.0,0,(),0.0,0.0
82090,Center Drive,0.0,0.0,0.0,0,(),0.0,0.0
82095,Center Drive,0.0,0.0,0.0,0,(),0.0,0.0
82100,Center Drive,0.0,0.0,0.0,0,(),0.0,0.0
82105,Center Drive,0.0,0.0,0.0,0,(),0.0,0.0
82110,Center Drive,0.0,0.0,0.0,0,(),0.0,0.0
82115,Center Drive,0.0,0.0,0.0,0,(),0.0,0.0
82120,Center Drive,0.0,0.0,0.0,0,(),0.0,0.0
82125,Center Drive,0.0,0.0,0.0,0,(),0.0,0.0
82130,Center Drive,0.0,0.0,0.0,0,(),0.0,0.0
82135,Center Drive,0.0,0.0,0.0,0,(),0.0,0.0
82140,Center Drive,0.0,0.0,0.0,0,(),0.0,0.0
82145,Center Drive,0.0,0.0,0.0,0,(),0.0,0.0
82150,Center Drive,0.0,0.0,0.0,0,(),0.0,0.0
82155,Center Drive,0.0,0.0,0.0,0,(),0.0,0.0
82160,Center Drive,0.0,0.0,0.0,0,(),0.0,0.0
82165,Center Drive,0.0,0.0,0.0,0,(),0.0,0.0
82170,Center Drive,0.0,0.0,0.0,0,(),0.0,0.0
82175,Center Drive,0.0,0.0,0.0,0,(),0.0,0.0
82180,Center Drive,0.0,0.0,0.0,0,(),0.0,0.0
82185,Center Drive,0.0,0.0,0.0,0,(),0.0,0.0
82190,Center Drive,0.0,0.0,0.0,0,(),0.0,0.0
82195,Center Drive,0.0,0.0,0.0,0,(),0.0,0.0
82200,Center Drive,0.0,0.0,0.0,0,(),0.0,0.0
82205,Center Drive,0.0,0.0,0.0,0,(),0.0,0.0
82210,Center Drive,0.0,0.0,0.0,0,(),0.0,0.0
82215,Center Drive,0.0,0.0,0.0,0,(),0.0,0.0
82220,Center Drive,0.0,0.0,0.0,0,(),0.0,0.0
82225,Center Drive,0.0,0.0,0.0,0,(),0.0,0.0
82230,Center Drive,0.0,0.0,0.0,0,(),0.0,0.0
82235,Center Drive,0.0,0.0,0.0,0,(),0.0,0.0
82240,Center Drive,0.0,0.0,0.0,0,(),0.0,0.0
82245,Center Drive,0.0,0.0,0.0,0,(),0.0,0.0
82250,Center Drive,0.0,0.0,0.0,0,(),0.0,0.0
82255,Center Drive,0.0,0.0,0.0,0,(),0.0,0.0
82260,Center Drive,0.0,0.0,0.0,0,(),0.0,0.0
82265,Center Drive,0.0,0.0,0.0,0,(),0.0,0.0
82270,Center Drive,0.0,0.0,0.0,0,(),0.0,0.0
82275,Center Drive,0.0,0.0,0.0,0,(),0.0,0.0
82280,Center Drive,0.0,0.0,0.0,0,(),0.0,0.0
82285,Center Drive,0.0,0.0,0.0,0,(),0.0,0.0
82290,Center Drive,0.0,0.0,0.0,0,(),0.0,0.0
82295,Center Drive,0.0,0.0,0.0,0,(),0.0,0.0
82300,Center Drive,0.0,0.0,0.0,0,(),0.0,0.0
82305,Center Drive,0.0,0.0,0.0,0,(),0.0,0.0
82310,Center Drive,0.0,0.0,0.0,0,(),0.0,0.0
82315,Center Drive,0.0,0.0,0.0,0,(),0.0,0.0
82320,Center Drive,0.0,0.0,0.0,0,(),0.0,0.0
82325,Center Drive,0.0,0.0,0.0,0,(),0.0,0.0
82330,Center Drive,0.0,0.0,0.0,0,(),0.0,0.0
82335,Center Drive,0.0,0.0,0.0,0,(),0.0,0.0
82340,Center Drive,0.0,0.0,0.0,0,(),0.0,0.0
82345,Center Drive,0.0,0.0,0.0,0,(),0.0,0.0
82350,Center Drive,0.0,0.0,0.0,0,(),0.0,0.0
82355,Center Drive,0.0,0.0,0.0,0,(),0.0,0.0
82360,Center Drive,0.0,0.0,0.0,0,(),0.0,0.0
82365,Center Drive,0.0,0.0,0.0,0,(),0.0,0.0
82370,Center Drive,0.0,0.0,0.0,0,(),0.0,0.0
82375,Center Drive,0.0,0.0,0.0,0,(),0.0,0.0
82380,Center Drive,0.0,0.0,0.0,0,(),0.0,0.0
82385,Center Drive,0.0,0.0,0.0,0,(),0.0,0.0
82390,Center Drive,0.0,0.0,0.0,0,(),0.0,0.0
82395,Center Drive,0.0,0.0,0.0,0,(),0.0,0.0
82400,Center Drive,0.0,0.0,0.0,0,(),0.0,0.0
82405,Center Drive,0.0,0.0,0.0,0,(),0.0,0.0
82410,Center Drive,0.0,0.0,0.0,0,(),0.0,0.0
82415,Center Drive,0.0,0.0,0.0,0,(),0.0,0.0
82420,Center Drive,0.0,0.0,0.0,0,(),0.0,0.0
82425,Center Drive,0.0,0.0,0.0,0,(),0.0,0.0
82430,Center Drive,0.0,0.0,0.0,0,(),0.0,0.0
82435,Center Drive,0.0,0.0,0.0,0,(),0.0,0.0
82440,Center Drive,0.0,0.0,0.0,0,(),0.0,0.0
82445,Center Drive,0.0,0.0,0.0,0,(),0.0,0.0
82450,Center Drive,0.0,0.0,0.0,0,(),0.0,0.0
82455,Center Drive,0.0,0.0,0.0,0,(),0.0,0.0
82460,Center Drive,0.0,0.0,0.0,0,(),0.0,0.0
82465,Center Drive,0.0,0.0,0.0,0,(),0.0,0.0
82470,Center Drive,0.0,0.0,0.0,0,(),0.0,0.0
82475,Center Drive,0.0,0.0,0.0,0,(),0.0,0.0
82480,Center Drive,0.0,0.0,0.0,0,(),0.0,0.0
82485,Center Drive,0.0,0.0,0.0,0,(),0.0,0.0
82490,Center Drive,0.0,0.0,0.0,0,(),0.0,0.0
82495,Center Drive,0.0,0.0,0.0,0,(),0.0,0.0
82500,Center Drive,0.0,0.0,0.0,0,(),0.0,0.0
82505,Center Drive,0.0,0.0,0.0,0,(),0.0,0.0
82510,Center Drive,0.0,0.0,0.0,0,(),0.0,0.0
82515,Center Drive,0.0,0.0,0.0,0,(),0.0,0.0
82520,Center Drive,0.0,0.0,0.0,0,(),0.0,0.0
82525,Center Drive,0.0,0.0,0.0,0,(),0.0,0.0
82530,Center Drive,0.0,0.0,0.0,0,(),0.0,0.0
82535,Center Drive,0.0,0.0,0.0,0,(),0.0,0.0
82540,Center Drive,0.0,0.0,0.0,0,(),0.0,0.0
82545,Center Drive,0.0,0.0,0.0,0,(),0.0,0.0
82550,Center Drive,0.0,0.0,0.0,0,(),0.0,0.0
82555,Center Drive,0.0,0.0,0.0,0,(),0.0,0.0
82560,Center Drive,0.0,0.0,0.0,0,(),0.0,0.0
82565,Center Drive,0.0,0.0,0.0,0,(),0.0,0.0
82570,Center Drive,0.0,0.0,0.0,0,(),0.0,0.0
82575,Center Drive,0.0,0.0,0.0,0,(),0.0,0.0
82580,Center Drive,0.0,0.0,0.0,0,(),0.0,0.0
82585,Center Drive,0.0,0.0,0.0,0,(),0.0,0.0
82590,Center Drive,0.0,0.0,0.0,0,(),0.0,0.0
82595,Center Drive,0.0,0.0,0.0,0,(),0.0,0.0
82600,Center Drive,0.0,0.0,0.0,0,(),0.0,0.0
82605,Center Drive,0.0,0.0,0.0,0,(),0.0,0.0
82610,Center Drive,0.0,0.0,0.0,0,(),0.0,0.0
82615,Center Drive,0.0,0.0,0.0,0,(),0.0,0.0
82620,Center Drive,0.0,0.0,0.0,0,(),0.0,0.0
82625,Center Drive,0.0,0.0,0.0,0,(),0.0,0.0
82630,Center Drive,0.0,0.0,0.0,0,(),0.0,0.0
82635,Center Drive,0.0,0.0,0.0,0,(),0.0,0.0
82640,Center Drive,0.0,0.0,0.0,0,(),0.0,0.0
82645,Center Drive,0.0,0.0,0.0,0,(),0.0,0.0
82650,Center Drive,0.0,0.0,0.0,0,(),0.0,0.0
82655,Center Drive,0.0,0.0,0.0,0,(),0.0,0.0
82660,Center Drive,0.0,0.0,0.0,0,(),0.0,0.0
82665,Center Drive,0.0,0.0,0.0,0,(),0.0,0.0
82670,Center Drive,0.0,0.0,0.0,0,(),0.0,0.0
82675,Center Drive,0.0,0.0,0.0,0,(),0.0,0.0
82680,Center Drive,0.0,0.0,0.0,0,(),0.0,0.0
82685,Center Drive,0.0,0.0,0.0,0,(),0.0,0.0
82690,Center Drive,0.0,0.0,0.0,0,(),0.0,0.0
82695,Center Drive,0.0,0.0,0.0,0,(),0.0,0.0
82700,Center Drive,0.0,0.0,0.0,0,(),0.0,0.0
82705,Center Drive,0.0,0.0,0.0,0,(),0.0,0.0
82710,Center Drive,0.0,0.0,0.0,0,(),0.0,0.0
82715,Center Drive,0.0,0.0,0.0,0,(),0.0,0.0
82720,Center Drive,0.0,0.0,0.0,0,(),0.0,0.0
82725,Center Drive,0.0,0.0,0.0,0,(),0.0,0.0
82730,Center Drive,0.0,0.0,0.0,0,(),0.0,0.0
82735,Center Drive,0.0,0.0,0.0,0,(),0.0,0.0
82740,Center Drive,0.0,0.0,0.0,0,(),0.0,0.0
82745,Center Drive,0.0,0.0,0.0,0,(),0.0,0.0
82750,Center Drive,0.0,0.0,0.0,0,(),0.0,0.0
82755,Center Drive,0.0,0.0,0.0,0,(),0.0,0.0
82760,Center Drive,0.0,0.0,0.0,0,(),0.0,0.0
82765,Center Drive,0.0,0.0,0.0,0,(),0.0,0.0
82770,Center Drive,0.0,0.0,0.0,0,(),0.0,0.0
82775,Center Drive,0.0,0.0,0.0,0,(),0.0,0.0
82780,Center Drive,0.0,0.0,0.0,0,(),0.0,0.0
82785,Center Drive,0.0,0.0,0.0,0,(),0.0,0.0
82790,Center Drive,0.0,0.0,0.0,0,(),0.0,0.0
82795,Center Drive,0.0,0.0,0.0,0,(),0.0,0.0
82800,Center Drive,0.0,0.0,0.0,0,(),0.0,0.0
82805,Center Drive,0.0,0.0,0.0,0,(),0.0,0.0
82810,Center Drive,0.0,0.0,0.0,0,(),0.0,0.0
82815,Center Drive,0.0,0.0,0.0,0,(),0.0,0.0
82820,Center Drive,0.0,0.0,0.0,0,(),0.0,0.0
82825,Center Drive,0.0,0.0,0.0,0,(),0.0,0.0
82830,Center Drive,0.0,0.0,0.0,0,(),0.0,0.0
82835,Center Drive,0.0,0.0,0.0,0,(),0.0,0.0
82840,Center Drive,0.0,0.0,0.0,0,(),0.0,0.0
82845,Center Drive,0.0,0.0,0.0,0,(),0.0,0.0
82850,Center Drive,0.0,0.0,0.0,0,(),0.0,0.0
82855,Center Drive,0.0,0.0,0.0,0,(),0.0,0.0
82860,Center Drive,0.0,0.0,0.0,0,(),0.0,0.0
82865,Center Drive,0.0,0.0,0.0,0,(),0.0,0.0
82870,Center Drive,0.0,0.0,0.0,0,(),0.0,0.0
82875,Center Drive,0.0,0.0,0.0,0,(),0.0,0.0
82880,Center Drive,0.0,0.0,0.0,0,(),0.0,0.0
82885,Center Drive,0.0,0.0,0.0,0,(),0.0,0.0
82890,Center Drive,0.0,0.0,0.0,0,(),0.0,0.0
82895,Center Drive,0.0,0.0,0.0,0,(),0.0,0.0
82900,Center Drive,0.0,0.0,0.0,0,(),0.0,0.0
82905,Center Drive,0.0,0.0,0.0,0,(),0.0,0.0
82910,Center Drive,0.0,0.0,0.0,0,(),0.0,0.0
82915,Center Drive,0.0,0.0,0.0,0,(),0.0,0.0
82920,Center Drive,0.0,0.0,0.0,0,(),0.0,0.0
82925,Center Drive,0.0,0.0,0.0,0,(),0.0,0.0
82930,Center Drive,0.0,0.0,0.0,0,(),0.0,0.0
82935,Center Drive,0.0,0.0,0.0,0,(),0.0,0.0
82940,Center Drive,0.0,0.0,0.0,0,(),0.0,0.0
82945,Center Drive,0.0,0.0,0.0,0,(),0.0,0.0
82950,Center Drive,0.0,0.0,0.0,0,(),0.0,0.0
82955,Center Drive,0.0,0.0,0.0,0,(),0.0,0.0
82960,Center Drive,0.0,0.0,0.0,0,(),0.0,0.0
82965,Center Drive,0.0,0.0,0.0,0,(),0.0,0.0
82970,Center Drive,0.0,0.0,0.0,0,(),0.0,0.0
82975,Center Drive,0.0,0.0,0.0,0,(),0.0,0.0
82980,Center Drive,0.0,0.0,0.0,0,(),0.0,0.0
82985,Center Drive,0.0,0.0,0.0,0,(),0.0,0.0
82990,Center Drive,0.0,0.0,0.0,0,(),0.0,0.0
82995,Center Drive,0.0,0.0,0.0,0,(),0.0,0.0
83000,Center Drive,0.0,0.0,0.0,0,(),0.0,0.0
83005,Center Drive,0.0,0.0,0.0,0,(),0.0,0.0
83010,Center Drive,0.0,0.0,0.0,0,(),0.0,0.0
83015,Center Drive,0.0,0.0,0.0,0,(),0.0,0.0
83020,Center Drive,0.0,0.0,0.0,0,(),0.0,0.0
83025,Center Drive,0.0,0.0,0.0,0,(),0.0,0.0
83030,Center Drive,0.0,0.0,0.0,0,(),0.0,0.0
83035,Center Drive,0.0,0.0,0.0,0,(),0.0,0.0
83040,Center Drive,0.0,0.0,0.0,0,(),0.0,0.0
83045,Center Drive,0.0,0.0,0.0,0,(),0.0,0.0
83050,Center Drive,0.0,0.0,0.0,0,(),0.0,0.0
83055,Center Drive,0.0,0.0,0.0,0,(),0.0,0.0
83060,Center Drive,0.0,0.0,0.0,0,(),0.0,0.0
83065,Center Drive,0.0,0.0,0.0,0,(),0.0,0.0
83070,Center Drive,0.0,0.0,0.0,0,(),0.0,0.0
83075,Center Drive,0.0,0.0,0.0,0,(),0.0,0.0
83080,Center Drive,0.0,0.0,0.0,0,(),0.0,0.0
83085,Center Drive,0.0,0.0,0.0,0,(),0.0,0.0
83090,Center Drive,0.0,0.0,0.0,0,(),0.0,0.0
83095,Center Drive,0.0,0.0,0.0,0,(),0.0,0.0
83100,Center Drive,0.0,0.0,0.0,0,(),0.0,0.0
83105,Center Drive,0.0,0.0,0.0,0,(),0.0,0.0
83110,Center Drive,0.0,0.0,0.0,0,(),0.0,0.0
83115,Center Drive,0.0,0.0,0.0,0,(),0.0,0.0
83120,Center Drive,0.0,0.0,0.0,0,(),0.0,0.0
83125,Center Drive,0.0,0.0,0.0,0,(),0.0,0.0
83130,Center Drive,0.0,0.0,0.0,0,(),0.0,0.0
83135,Center Drive,0.0,0.0,0.0,0,(),0.0,0.0
83140,Center Drive,0.0,0.0,0.0,0,(),0.0,0.0
83145,Center Drive,0.0,0.0,0.0,0,(),0.0,0.0
83150,Center Drive,0.0,0.0,0.0,0,(),0.0,0.0
83155,Center Drive,0.0,0.0,0.0,0,(),0.0,0.0
83160,Center Drive,0.0,0.0,0.0,0,(),0.0,0.0
83165,Center Drive,0.0,0.0,0.0,0,(),0.0,0.0
83170,Center Drive,0.0,0.0,0.0,0,(),0.0,0.0
83175,Center Drive,0.0,0.0,0.0,0,(),0.0,0.0
83180,Center Drive,0.0,0.0,0.0,0,(),0.0,0.0
83185,Center Drive,0.0,0.0,0.0,0,(),0.0,0.0
83190,Center Drive,0.0,0.0,0.0,0,(),0.0,0.0
83195,Center Drive,0.0,0.0,0.0,0,(),0.0,0.0
83200,Center Drive,0.0,0.0,0.0,0,(),0.0,0.0
83205,Center Drive,0.0,0.0,0.0,0,(),0.0,0.0
83210,Center Drive,0.0,0.0,0.0,0,(),0.0,0.0
83215,Center Drive,0.0,0.0,0.0,0,(),0.0,0.0
83220,Center Drive,0.0,0.0,0.0,0,(),0.0,0.0
83225,Center Drive,0.0,0.0,0.0,0,(),0.0,0.0
83230,Center Drive,0.0,0.0,0.0,0,(),0.0,0.0
83235,Center Drive,0.0,0.0,0.0,0,(),0.0,0.0
83240,Center Drive,0.0,0.0,0.0,0,(),0.0,0.0
83245,Center Drive,0.0,0.0,0.0,0,(),0.0,0.0
83250,Center Drive,0.0,0.0,0.0,0,(),0.0,0.0
83255,Center Drive,0.0,0.0,0.0,0,(),0.0,0.0
83260,Center Drive,0.0,0.0,0.0,0,(),0.0,0.0
83265,Center Drive,0.0,0.0,0.0,0,(),0.0,0.0
83270,Center Drive,0.0,0.0,0.0,0,(),0.0,0.0
83275,Center Drive,0.0,0.0,0.0,0,(),0.0,0.0
83280,Center Drive,0.0,0.0,0.0,0,(),0.0,0.0
83285,Center Drive,0.0,0.0,0.0,0,(),0.0,0.0
83290,Center Drive,0.0,0.0,0.0,0,(),0.0,0.0
83295,Center Drive,0.0,0.0,0.0,0,(),0.0,0.0
83300,Center Drive,0.0,0.0,0.0,0,(),0.0,0.0
83305,Center Drive,0.0,0.0,0.0,0,(),0.0,0.0
83310,Center Drive,0.0,0.0,0.0,0,(),0.0,0.0
83315,Center Drive,0.0,0.0,0.0,0,(),0.0,0.0
83320,Center Drive,0.0,0.0,0.0,0,(),0.0,0.0
83325,Center Drive,0.0,0.0,0.0,0,(),0.0,0.0
83330,Center Drive,0.0,0.0,0.0,0,(),0.0,0.0
83335,Center Drive,0.0,0.0,0.0,0,(),0.0,0.0
83340,Center Drive,0.0,0.0,0.0,0,(),0.0,0.0
83345,Center Drive,0.0,0.0,0.0,0,(),0.0,0.0
83350,Center Drive,0.0,0.0,0.0,0,(),0.0,0.0
83355,Center Drive,0.0,0.0,0.0,0,(),0.0,0.0
83360,Center Drive,0.0,0.0,0.0,0,(),0.0,0.0
83365,Center Drive,0.0,0.0,0.0,0,(),0.0,0.0
83370,Center Drive,0.0,0.0,0.0,0,(),0.0,0.0
83375,Center Drive,0.0,0.0,0.0,0,(),0.0,0.0
83380,Center Drive,0.0,0.0,0.0,0,(),0.0,0.0
83385,Center Drive,0.0,0.0,0.0,0,(),0.0,0.0
83390,Center Drive,0.0,0.0,0.0,0,(),0.0,0.0
83395,Center Drive,0.0,0.0,0.0,0,(),0.0,0.0
83400,Center Drive,0.0,0.0,0.0,0,(),0.0,0.0
83405,Center Drive,0.0,0.0,0.0,0,(),0.0,0.0
83410,Center Drive,0.0,0.0,0.0,0,(),0.0,0.0
83415,Center Drive,0.0,0.0,0.0,0,(),0.0,0.0
83420,Center Drive,0.0,0.0,0.0,0,(),0.0,0.0
83425,Center Drive,0.0,0.0,0.0,0,(),0.0,0.0
83430,Center Drive,0.0,0.0,0.0,0,(),0.0,0.0
83435,Center Drive,0.0,0.0,0.0,0,(),0.0,0.0
83440,Center Drive,0.0,0.0,0.0,0,(),0.0,0.0
83445,Center Drive,0.0,0.0,0.0,0,(),0.0,0.0
83450,Center Drive,0.0,0.0,0.0,0,(),0.0,0.0
83455,Center Drive,0.0,0.0,0.0,0,(),0.0,0.0
83460,Center Drive,0.0,0.0,0.0,0,(),0.0,0.0
83465,Center Drive,0.0,0.0,0.0,0,(),0.0,0.0
83470,Center Drive,0.0,0.0,0.0,0,(),0.0,0.0
83475,Center Drive,0.0,0.0,0.0,0,(),0.0,0.0
83480,Center Drive,0.0,0.0,0.0,0,(),0.0,0.0
83485,Center Drive,0.0,0.0,0.0,0,(),0.0,0.0
83490,Center Drive,0.0,0.0,0.0,0,(),0.0,0.0
83495,Center Drive,0.0,0.0,0.0,0,(),0.0,0.0
83500,Center Drive,0.0,0.0,0.0,0,(),0.0,0.0
83505,Center Drive,0.0,0.0,0.0,0,(),0.0,0.0
83510,Center Drive,0.0,0.0,0.0,0,(),0.0,0.0
83515,Center Drive,0.0,0.0,0.0,0,(),0.0,0.0
83520,Center Drive,0.0,0.0,0.0,0,(),0.0,0.0
83525,Center Drive,0.0,0.0,0.0,0,(),0.0,0.0
83530,Center Drive,0.0,0.0,0.0,0,(),0.0,0.0
83535,Center Drive,0.0,0.0,0.0,0,(),0.0,0.0
83540,Center Drive,0.0,0.0,0.0,0,(),0.0,0.0
83545,Center Drive,0.0,0.0,0.0,0,(),0.0,0.0
83550,Center Drive,0.0,0.0,0.0,0,(),0.0,0.0
83555,Center Drive,0.0,0.0,0.0,0,(),0.0,0.0
83560,Center Drive,0.0,0.0,0.0,0,(),0.0,0.0
83565,Center Drive,0.0,0.0,0.0,0,(),0.0,0.0
83570,Center Drive,0.0,0.0,0.0,0,(),0.0,0.0
83575,Center Drive,0.0,0.0,0.0,0,(),0.0,0.0
83580,Center Drive,0.0,0.0,0.0,0,(),0.0,0.0
83585,Center Drive,0.0,0.0,0.0,0,(),0.0,0.0
83590,Center Drive,0.0,0.0,0.0,0,(),0.0,0.0
83595,Center Drive,0.0,0.0,0.0,0,(),0.0,0.0
83600,Center Drive,0.0,0.0,0.0,0,(),0.0,0.0
83605,Center Drive,0.0,0.0,0.0,0,(),0.0,0.0
83610,Center Drive,0.0,0.0,0.0,0,(),0.0,0.0
83615,Center Drive,0.0,0.0,0.0,0,(),0.0,0.0
83620,Center Drive,0.0,0.0,0.0,0,(),0.0,0.0
83625,Center Drive,0.0,0.0,0.0,0,(),0.0,0.0
83630,Center Drive,0.0,0.0,0.0,0,(),0.0,0.0
83635,Center Drive,0.0,0.0,0.0,0,(),0.0,0.0
83640,Center Drive,0.0,0.0,0.0,0,(),0.0,0.0
83645,Center Drive,0.0,0.0,0.0,0,(),0.0,0.0
83650,Center Drive,0.0,0.0,0.0,0,(),0.0,0.0
83655,Center Drive,0.0,0.0,0.0,0,(),0.0,0.0
83660,Center Drive,0.0,0.0,0.0,0,(),0.0,0.0
83665,Center Drive,0.0,0.0,0.0,0,(),0.0,0.0
83670,Center Drive,0.0,0.0,0.0,0,(),0.0,0.0
83675,Center Drive,0.0,0.0,0.0,0,(),0.0,0.0
83680,Center Drive,0.0,0.0,0.0,0,(),0.0,0.0
83685,Center Drive,0.0,0.0,0.0,0,(),0.0,0.0
83690,Center Drive,0.0,0.0,0.0,0,(),0.0,0.0
83695,Center Drive,0.0,0.0,0.0,0,(),0.0,0.0
83700,Center Drive,0.0,0.0,0.0,0,(),0.0,0.0
83705,Center Drive,0.0,0.0,0.0,0,(),0.0,0.0
83710,Center Drive,0.0,0.0,0.0,0,(),0.0,0.0
83715,Center Drive,0.0,0.0,0.0,0,(),0.0,0.0
83720,Center Drive,0.0,0.0,0.0,0,(),0.0,0.0
83725,Center Drive,0.0,0.0,0.0,0,(),0.0,0.0
83730,Center Drive,0.0,0.0,0.0,0,(),0.0,0.0
83735,Center Drive,0.0,0.0,0.0,0,(),0.0,0.0
83740,Center Drive,0.0,0.0,0.0,0,(),0.0,0.0
83745,Center Drive,0.0,0.0,0.0,0,(),0.0,0.0
83750,Center Drive,0.0,0.0,0.0,0,(),0.0,0.0
83755,Center Drive,0.0,0.0,0.0,0,(),0.0,0.0
83760,Center Drive,0.0,0.0,0.0,0,(),0.0,0.0
83765,Center Drive,0.0,0.0,0.0,0,(),0.0,0.0
83770,Center Drive,0.0,0.0,0.0,0,(),0.0,0.0
83775,Center Drive,0.0,0.0,0.0,0,(),0.0,0.0
83780,Center Drive,0.0,0.0,0.0,0,(),0.0,0.0
83785,Center Drive,0.0,0.0,0.0,0,(),0.0,0.0
83790,Center Drive,0.0,0.0,0.0,0,(),0.0,0.0
83795,Center Drive,0.0,0.0,0.0,0,(),0.0,0.0
83800,Center Drive,0.0,0.0,0.0,0,(),0.0,0.0
83805,Center Drive,0.0,0.0,0.0,0,(),0.0,0.0
83810,Center Drive,0.0,0.0,0.0,0,(),0.0,0.0
83815,Center Drive,0.0,0.0,0.0,0,(),0.0,0.0
83820,Center Drive,0.0,0.0,0.0,0,(),0.0,0.0
83825,Center Drive,0.0,0.0,0.0,0,(),0.0,0.0
83830,Center Drive,0.0,0.0,0.0,0,(),0.0,0.0
83835,Center Drive,0.0,0.0,0.0,0,(),0.0,0.0
83840,Center Drive,0.0,0.0,0.0,0,(),0.0,0.0
83845,Center Drive,0.0,0.0,0.0,0,(),0.0,0.0
83850,Center Drive,0.0,0.0,0.0,0,(),0.0,0.0
83855,Center Drive,0.0,0.0,0.0,0,(),0.0,0.0
83860,Center Drive,0.0,0.0,0.0,0,(),0.0,0.0
83865,Center Drive,0.0,0.0,0.0,0,(),0.0,0.0
83870,Center Drive,0.0,0.0,0.0,0,(),0.0,0.0
83875,Center Drive,0.0,0.0,0.0,0,(),0.0,0.0
83880,Center Drive,0.0,0.0,0.0,0,(),0.0,0.0
83885,Center Drive,0.0,0.0,0.0,0,(),0.0,0.0
83890,Center Drive,0.0,0.0,0.0,0,(),0.0,0.0
83895,Center Drive,0.0,0.0,0.0,0,(),0.0,0.0
83900,Center Drive,0.0,0.0,0.0,0,(),0.0,0.0
83905,Center Drive,0.0,0.0,0.0,0,(),0.0,0.0
83910,Center Drive,0.0,0.0,0.0,0,(),0.0,0.0
83915,Center Drive,0.0,0.0,0.0,0,(),0.0,0.0
83920,Center Drive,0.0,0.0,0.0,0,(),0.0,0.0
83925,Center Drive,0.0,0.0,0.0,0,(),0.0,0.0
83930,Center Drive,0.0,0.0,0.0,0,(),0.0,0.0
83935,Center Drive,0.0,0.0,0.0,0,(),0.0,0.0
83940,Center Drive,0.0,0.0,0.0,0,(),0.0,0.0
83945,Center Drive,0.0,0.0,0.0,0,(),0.0,0.0
83950,Center Drive,0.0,0.0,0.0,0,(),0.0,0.0
83955,Center Drive,0.0,0.0,0.0,0,(),0.0,0.0
83960,Center Drive,0.0,0.0,0.0,0,(),0.0,0.0
83965,Center Drive,0.0,0.0,0.0,0,(),0.0,0.0
83970,Center Drive,0.0,0.0,0.0,0,(),0.0,0.0
83975,Center Drive,0.0,0.0,0.0,0,(),0.0,0.0
83980,Center Drive,0.0,0.0,0.0,0,(),0.0,0.0
83985,Center Drive,0.0,0.0,0.0,0,(),0.0,0.0
83990,Center Drive,0.0,0.0,0.0,0,(),0.0,0.0
83995,Center Drive,0.0,0.0,0.0,0,(),0.0,0.0
84000,Center Drive,0.0,0.0,0.0,0,(),0.0,0.0
84005,Center Drive,0.0,0.0,0.0,0,(),0.0,0.0
84010,Center Drive,0.0,0.0,0.0,0,(),0.0,0.0
84015,Center Drive,0.0,0.0,0.0,0,(),0.0,0.0
84020,Center Drive,0.0,0.0,0.0,0,(),0.0,0.0
84025,Center Drive,0.0,0.0,0.0,0,(),0.0,0.0
84030,Center Drive,0.0,0.0,0.0,0,(),0.0,0.0
84035,Center Drive,0.0,0.0,0.0,0,(),0.0,0.0
84040,Center Drive,0.0,0.0,0.0,0,(),0.0,0.0
84045,Center Drive,0.0,0.0,0.0,0,(),0.0,0.0
84050,Center Drive,0.0,0.0,0.0,0,(),0.0,0.0
84055,Center Drive,0.0,0.0,0.0,0,(),0.0,0.0
84060,Center Drive,0.0,0.0,0.0,0,(),0.0,0.0
84065,Center Drive,0.0,0.0,0.0,0,(),0.0,0.0
84070,Center Drive,0.0,0.0,0.0,0,(),0.0,0.0
84075,Center Drive,0.0,0.0,0.0,0,(),0.0,0.0
84080,Center Drive,0.0,0.0,0.0,0,(),0.0,0.0
84085,Center Drive,0.0,0.0,0.0,0,(),0.0,0.0
84090,Center Drive,0.0,0.0,0.0,0,(),0.0,0.0
84095,Center Drive,0.0,0.0,0.0,0,(),0.0,0.0
84100,Center Drive,0.0,0.0,0.0,0,(),0.0,0.0
84105,Center Drive,0.0,0.0,0.0,0,(),0.0,0.0
84110,Center Drive,0.0,0.0,0.0,0,(),0.0,0.0
84115,Center Drive,0.0,0.0,0.0,0,(),0.0,0.0
84120,Center Drive,0.0,0.0,0.0,0,(),0.0,0.0
84125,Center Drive,0.0,0.0,0.0,0,(),0.0,0.0
84130,Center Drive,0.0,0.0,0.0,0,(),0.0,0.0
84135,Center Drive,0.0,0.0,0.0,0,(),0.0,0.0
84140,Center Drive,0.0,0.0,0.0,0,(),0.0,0.0
84145,Center Drive,0.0,0.0,0.0,0,(),0.0,0.0
84150,Center Drive,0.0,0.0,0.0,0,(),0.0,0.0
84155,Center Drive,0.0,0.0,0.0,0,(),0.0,0.0
84160,Center Drive,0.0,0.0,0.0,0,(),0.0,0.0
84165,Center Drive,0.0,0.0,0.0,0,(),0.0,0.0
84170,Center Drive,0.0,0.0,0.0,0,(),0.0,0.0
84175,Center Drive,0.0,0.0,0.0,0,(),0.0,0.0
84180,Center Drive,0.0,0.0,0.0,0,(),0.0,0.0
84185,Center Drive,0.0,0.0,0.0,0,(),0.0,0.0
84190,Center Drive,0.0,0.0,0.0,0,(),0.0,0.0
84195,Center Drive,0.0,0.0,0.0,0,(),0.0,0.0
84200,Center Drive,0.0,0.0,0.0,0,(),0.0,0.0
84205,Center Drive,0.0,0.0,0.0,0,(),0.0,0.0
84210,Center Drive,0.0,0.0,0.0,0,(),0.0,0.0
84215,Center Drive,0.0,0.0,0.0,0,(),0.0,0.0
84220,Center Drive,0.0,0.0,0.0,0,(),0.0,0.0
84225,Center Drive,0.0,0.0,0.0,0,(),0.0,0.0
84230,Center Drive,0.0,0.0,0.0,0,(),0.0,0.0
84235,Center Drive,0.0,0.0,0.0,0,(),0.0,0.0
84240,Center Drive,0.0,0.0,0.0,0,(),0.0,0.0
84245,Center Drive,0.0,0.0,0.0,0,(),0.0,0.0
84250,Center Drive,0.0,0.0,0.0,0,(),0.0,0.0
84255,Center Drive,0.0,0.0,0.0,0,(),0.0,0.0
84260,Center Drive,0.0,0.0,0.0,0,(),0.0,0.0
84265,Center Drive,0.0,0.0,0.0,0,(),0.0,0.0
84270,Center Drive,0.0,0.0,0.0,0,(),0.0,0.0
84275,Center Drive,0.0,0.0,0.0,0,(),0.0,0.0
84280,Center Drive,0.0,0.0,0.0,0,(),0.0,0.0
84285,Center Drive,0.0,0.0,0.0,0,(),0.0,0.0
84290,Center Drive,0.0,0.0,0.0,0,(),0.0,0.0
84295,Center Drive,0.0,0.0,0.0,0,(),0.0,0.0
84300,Center Drive,0.0,0.0,0.0,0,(),0.0,0.0
84305,Center Drive,0.0,0.0,0.0,0,(),0.0,0.0
84310,Center Drive,0.0,0.0,0.0,0,(),0.0,0.0
84315,Center Drive,0.0,0.0,0.0,0,(),0.0,0.0
84320,Center Drive,0.0,0.0,0.0,0,(),0.0,0.0
84325,Center Drive,0.0,0.0,0.0,0,(),0.0,0.0
84330,Center Drive,0.0,0.0,0.0,0,(),0.0,0.0
84335,Center Drive,0.0,0.0,0.0,0,(),0.0,0.0
84340,Center Drive,0.0,0.0,0.0,0,(),0.0,0.0
84345,Center Drive,0.0,0.0,0.0,0,(),0.0,0.0
84350,Center Drive,0.0,0.0,0.0,0,(),0.0,0.0
84355,Center Drive,0.0,0.0,0.0,0,(),0.0,0.0
84360,Center Drive,0.0,0.0,0.0,0,(),0.0,0.0
84365,Center Drive,0.0,0.0,0.0,0,(),0.0,0.0
84370,Center Drive,0.0,0.0,0.0,0,(),0.0,0.0
84375,Center Drive,0.0,0.0,0.0,0,(),0.0,0.0
84380,Center Drive,0.0,0.0,0.0,0,(),0.0,0.0
84385,Center Drive,0.0,0.0,0.0,0,(),0.0,0.0
84390,Center Drive,0.0,0.0,0.0,0,(),0.0,0.0
84395,Center Drive,0.0,0.0,0.0,0,(),0.0,0.0
84400,Center Drive,0.0,0.0,0.0,0,(),0.0,0.0
84405,Center Drive,0.0,0.0,0.0,0,(),0.0,0.0
84410,Center Drive,0.0,0.0,0.0,0,(),0.0,0.0
84415,Center Drive,0.0,0.0,0.0,0,(),0.0,0.0
84420,Center Drive,0.0,0.0,0.0,0,(),0.0,0.0
84425,Center Drive,0.0,0.0,0.0,0,(),0.0,0.0
84430,Center Drive,0.0,0.0,0.0,0,(),0.0,0.0
84435,Center Drive,0.0,0.0,0.0,0,(),0.0,0.0
84440,Center Drive,0.0,0.0,0.0,0,(),0.0,0.0
84445,Center Drive,0.0,0.0,0.0,0,(),0.0,0.0
84450,Center Drive,0.0,0.0,0.0,0,(),0.0,0.0
84455,Center Drive,0.0,0.0,0.0,0,(),0.0,0.0
84460,Center Drive,0.0,0.0,0.0,0,(),0.0,0.0
84465,Center Drive,0.0,0.0,0.0,0,(),0.0,0.0
84470,Center Drive,0.0,0.0,0.0,0,(),0.0,0.0
84475,Center Drive,0.0,0.0,0.0,0,(),0.0,0.0
84480,Center Drive,0.0,0.0,0.0,0,(),0.0,0.0
84485,Center Drive,0.0,0.0,0.0,0,(),0.0,0.0
84490,Center Drive,0.0,0.0,0.0,0,(),0.0,0.0
84495,Center Drive,0.0,0.0,0.0,0,(),0.0,0.0
84500,Center Drive,0.0,0.0,0.0,0,(),0.0,0.0
84505,Center Drive,0.0,0.0,0.0,0,(),0.0,0.0
84510,Center Drive,0.0,0.0,0.0,0,(),0.0,0.0
84515,Center Drive,0.0,0.0,0.0,0,(),0.0,0.0
84520,Center Drive,0.0,0.0,0.0,0,(),0.0,0.0
84525,Center Drive,0.0,0.0,0.0,0,(),0.0,0.0
84530,Center Drive,0.0,0.0,0.0,0,(),0.0,0.0
84535,Center Drive,0.0,0.0,0.0,0,(),0.0,0.0
84540,Center Drive,0.0,0.0,0.0,0,(),0.0,0.0
84545,Center Drive,0.0,0.0,0.0,0,(),0.0,0.0
84550,Center Drive,0.0,0.0,0.0,0,(),0.0,0.0
84555,Center Drive,0.0,0.0,0.0,0,(),0.0,0.0
84560,Center Drive,0.0,0.0,0.0,0,(),0.0,0.0
84565,Center Drive,0.0,0.0,0.0,0,(),0.0,0.0
84570,Center Drive,0.0,0.0,0.0,0,(),0.0,0.0
84575,Center Drive,0.0,0.0,0.0,0,(),0.0,0.0
84580,Center Drive,0.0,0.0,0.0,0,(),0.0,0.0
84585,Center Drive,0.0,0.0,0.0,0,(),0.0,0.0
84590,Center Drive,0.0,0.0,0.0,0,(),0.0,0.0
84595,Center Drive,0.0,0.0,0.0,0,(),0.0,0.0
84600,Center Drive,0.0,0.0,0.0,0,(),0.0,0.0
84605,Center Drive,0.0,0.0,0.0,0,(),0.0,0.0
84610,Center Drive,0.0,0.0,0.0,0,(),0.0,0.0
84615,Center Drive,0.0,0.0,0.0,0,(),0.0,0.0
84620,Center Drive,0.0,0.0,0.0,0,(),0.0,0.0
84625,Center Drive,0.0,0.0,0.0,0,(),0.0,0.0
84630,Center Drive,0.0,0.0,0.0,0,(),0.0,0.0
84635,Center Drive,0.0,0.0,0.0,0,(),0.0,0.0
84640,Center Drive,0.0,0.0,0.0,0,(),0.0,0.0
84645,Center Drive,0.0,0.0,0.0,0,(),0.0,0.0
84650,Center Drive,0.0,0.0,0.0,0,(),0.0,0.0
84655,Center Drive,0.0,0.0,0.0,0,(),0.0,0.0
84660,Center Drive,0.0,0.0,0.0,0,(),0.0,0.0
84665,Center Drive,0.0,0.0,0.0,0,(),0.0,0.0
84670,Center Drive,0.0,0.0,0.0,0,(),0.0,0.0
84675,Center Drive,0.0,0.0,0.0,0,(),0.0,0.0
84680,Center Drive,0.0,0.0,0.0,0,(),0.0,0.0
84685,Center Drive,0.0,0.0,0.0,0,(),0.0,0.0
84690,Center Drive,0.0,0.0,0.0,0,(),0.0,0.0
84695,Center Drive,0.0,0.0,0.0,0,(),0.0,0.0
84700,Center Drive,0.0,0.0,0.0,0,(),0.0,0.0
84705,Center Drive,0.0,0.0,0.0,0,(),0.0,0.0
84710,Center Drive,0.0,0.0,0.0,0,(),0.0,0.0
84715,Center Drive,0.0,0.0,0.0,0,(),0.0,0.0
84720,Center Drive,0.0,0.0,0.0,0,(),0.0,0.0
84725,Center Drive,0.0,0.0,0.0,0,(),0.0,0.0
84730,Center Drive,0.0,0.0,0.0,0,(),0.0,0.0
84735,Center Drive,0.0,0.0,0.0,0,(),0.0,0.0
84740,Center Drive,0.0,0.0,0.0,0,(),0.0,0.0
84745,Center Drive,0.0,0.0,0.0,0,(),0.0,0.0
84750,Center Drive,0.0,0.0,0.0,0,(),0.0,0.0
84755,Center Drive,0.0,0.0,0.0,0,(),0.0,0.0
84760,Center Drive,0.0,0.0,0.0,0,(),0.0,0.0
84765,Center Drive,0.0,0.0,0.0,0,(),0.0,0.0
84770,Center Drive,0.0,0.0,0.0,0,(),0.0,0.0
84775,Center Drive,0.0,0.0,0.0,0,(),0.0,0.0
84780,Center Drive,0.0,0.0,0.0,0,(),0.0,0.0
84785,Center Drive,0.0,0.0,0.0,0,(),0.0,0.0
84790,Center Drive,0.0,0.0,0.0,0,(),0.0,0.0
84795,Center Drive,0.0,0.0,0.0,0,(),0.0,0.0
84800,Center Drive,0.0,0.0,0.0,0,(),0.0,0.0
84805,Center Drive,0.0,0.0,0.0,0,(),0.0,0.0
84810,Center Drive,0.0,0.0,0.0,0,(),0.0,0.0
84815,Center Drive,0.0,0.0,0.0,0,(),0.0,0.0
84820,Center Drive,0.0,0.0,0.0,0,(),0.0,0.0
84825,Center Drive,0.0,0.0,0.0,0,(),0.0,0.0
84830,Center Drive,0.0,0.0,0.0,0,(),0.0,0.0
84835,Center Drive,0.0,0.0,0.0,0,(),0.0,0.0
84840,Center Drive,0.0,0.0,0.0,0,(),0.0,0.0
84845,Center Drive,0.0,0.0,0.0,0,(),0.0,0.0
84850,Center Drive,0.0,0.0,0.0,0,(),0.0,0.0
84855,Center Drive,0.0,0.0,0.0,0,(),0.0,0.0
84860,Center Drive,0.0,0.0,0.0,0,(),0.0,0.0
84865,Center Drive,0.0,0.0,0.0,0,(),0.0,0.0
84870,Center Drive,0.0,0.0,0.0,0,(),0.0,0.0
84875,Center Drive,0.0,0.0,0.0,0,(),0.0,0.0
84880,Center Drive,0.0,0.0,0.0,0,(),0.0,0.0
84885,Center Drive,0.0,0.0,0.0,0,(),0.0,0.0
84890,Center Drive,0.0,0.0,0.0,0,(),0.0,0.0
84895,Center Drive,0.0,0.0,0.0,0,(),0.0,0.0
84900,Center Drive,0.0,0.0,0.0,0,(),0.0,0.0
84905,Center Drive,0.0,0.0,0.0,0,(),0.0,0.0
84910,Center Drive,0.0,0.0,0.0,0,(),0.0,0.0
84915,Center Drive,0.0,0.0,0.0,0,(),0.0,0.0
84920,Center Drive,0.0,0.0,0.0,0,(),0.0,0.0
84925,Center Drive,0.0,0.0,0.0,0,(),0.0,0.0
84930,Center Drive,0.0,0.0,0.0,0,(),0.0,0.0
84935,Center Drive,0.0,0.0,0.0,0,(),0.0,0.0
84940,Center Drive,0.0,0.0,0.0,0,(),0.0,0.0
84945,Center Drive,0.0,0.0,0.0,0,(),0.0,0.0
84950,Center Drive,0.0,0.0,0.0,0,(),0.0,0.0
84955,Center Drive,0.0,0.0,0.0,0,(),0.0,0.0
84960,Center Drive,0.0,0.0,0.0,0,(),0.0,0.0
84965,Center Drive,0.0,0.0,0.0,0,(),0.0,0.0
84970,Center Drive,0.0,0.0,0.0,0,(),0.0,0.0
84975,Center Drive,0.0,0.0,0.0,0,(),0.0,0.0
84980,Center Drive,0.0,0.0,0.0,0,(),0.0,0.0
84985,Center Drive,0.0,0.0,0.0,0,(),0.0,0.0
84990,Center Drive,0.0,0.0,0.0,0,(),0.0,0.0
84995,Center Drive,0.0,0.0,0.0,0,(),0.0,0.0
85000,Center Drive,0.0,0.0,0.0,0,(),0.0,0.0
85005,Center Drive,0.0,0.0,0.0,0,(),0.0,0.0
85010,Center Drive,0.0,0.0,0.0,0,(),0.0,0.0
85015,Center Drive,0.0,0.0,0.0,0,(),0.0,0.0
85020,Center Drive,0.0,0.0,0.0,0,(),0.0,0.0
85025,Center Drive,0.0,0.0,0.0,0,(),0.0,0.0
85030,Center Drive,0.0,0.0,0.0,0,(),0.0,0.0
85035,Center Drive,0.0,0.0,0.0,0,(),0.0,0.0
85040,Center Drive,0.0,0.0,0.0,0,(),0.0,0.0
85045,Center Drive,0.0,0.0,0.0,0,(),0.0,0.0
85050,Center Drive,0.0,0.0,0.0,0,(),0.0,0.0
85055,Center Drive,0.0,0.0,0.0,0,(),0.0,0.0
85060,Center Drive,0.0,0.0,0.0,0,(),0.0,0.0
85065,Center Drive,0.0,0.0,0.0,0,(),0.0,0.0
85070,Center Drive,0.0,0.0,0.0,0,(),0.0,0.0
85075,Center Drive,0.0,0.0,0.0,0,(),0.0,0.0
85080,Center Drive,0.0,0.0,0.0,0,(),0.0,0.0
85085,Center Drive,0.0,0.0,0.0,0,(),0.0,0.0
85090,Center Drive,0.0,0.0,0.0,0,(),0.0,0.0
85095,Center Drive,0.0,0.0,0.0,0,(),0.0,0.0
85100,Center Drive,0.0,0.0,0.0,0,(),0.0,0.0
85105,Center Drive,0.0,0.0,0.0,0,(),0.0,0.0
85110,Center Drive,0.0,0.0,0.0,0,(),0.0,0.0
85115,Center Drive,0.0,0.0,0.0,0,(),0.0,0.0
85120,Center Drive,0.0,0.0,0.0,0,(),0.0,0.0
85125,Center Drive,0.0,0.0,0.0,0,(),0.0,0.0
85130,Center Drive,0.0,0.0,0.0,0,(),0.0,0.0
85135,Center Drive,0.0,0.0,0.0,0,(),0.0,0.0
85140,Center Drive,0.0,0.0,0.0,0,(),0.0,0.0
85145,Center Drive,0.0,0.0,0.0,0,(),0.0,0.0
85150,Center Drive,0.0,0.0,0.0,0,(),0.0,0.0
85155,Center Drive,0.0,0.0,0.0,0,(),0.0,0.0
85160,Center Drive,0.0,0.0,0.0,0,(),0.0,0.0
85165,Center Drive,0.0,0.0,0.0,0,(),0.0,0.0
85170,Center Drive,0.0,0.0,0.0,0,(),0.0,0.0
85175,Center Drive,0.0,0.0,0.0,0,(),0.0,0.0
85180,Center Drive,0.0,0.0,0.0,0,(),0.0,0.0
85185,Center Drive,0.0,0.0,0.0,0,(),0.0,0.0
85190,Center Drive,0.0,0.0,0.0,0,(),0.0,0.0
85195,Center Drive,0.0,0.0,0.0,0,(),0.0,0.0
85200,Center Drive,0.0,0.0,0.0,0,(),0.0,0.0
85205,Center Drive,0.0,0.0,0.0,0,(),0.0,0.0
85210,Center Drive,0.0,0.0,0.0,0,(),0.0,0.0
85215,Center Drive,0.0,0.0,0.0,0,(),0.0,0.0
85220,Center Drive,0.0,0.0,0.0,0,(),0.0,0.0
85225,Center Drive,0.0,0.0,0.0,0,(),0.0,0.0
85230,Center Drive,0.0,0.0,0.0,0,(),0.0,0.0
85235,Center Drive,0.0,0.0,0.0,0,(),0.0,0.0
85240,Center Drive,0.0,0.0,0.0,0,(),0.0,0.0
85245,Center Drive,0.0,0.0,0.0,0,(),0.0,0.0
85250,Center Drive,0.0,0.0,0.0,0,(),0.0,0.0
85255,Center Drive,0.0,0.0,0.0,0,(),0.0,0.0
85260,Center Drive,0.0,0.0,0.0,0,(),0.0,0.0
85265,Center Drive,0.0,0.0,0.0,0,(),0.0,0.0
85270,Center Drive,0.0,0.0,0.0,0,(),0.0,0.0
85275,Center Drive,0.0,0.0,0.0,0,(),0.0,0.0
85280,Center Drive,0.0,0.0,0.0,0,(),0.0,0.0
85285,Center Drive,0.0,0.0,0.0,0,(),0.0,0.0
85290,Center Drive,0.0,0.0,0.0,0,(),0.0,0.0
85295,Center Drive,0.0,0.0,0.0,0,(),0.0,0.0
85300,Center Drive,0.0,0.0,0.0,0,(),0.0,0.0
85305,Center Drive,0.0,0.0,0.0,0,(),0.0,0.0
85310,Center Drive,0.0,0.0,0.0,0,(),0.0,0.0
85315,Center Drive,0.0,0.0,0.0,0,(),0.0,0.0
85320,Center Drive,0.0,0.0,0.0,0,(),0.0,0.0
85325,Center Drive,0.0,0.0,0.0,0,(),0.0,0.0
85330,Center Drive,0.0,0.0,0.0,0,(),0.0,0.0
85335,Center Drive,0.0,0.0,0.0,0,(),0.0,0.0
85340,Center Drive,0.0,0.0,0.0,0,(),0.0,0.0
85345,Center Drive,0.0,0.0,0.0,0,(),0.0,0.0
85350,Center Drive,0.0,0.0,0.0,0,(),0.0,0.0
85355,Center Drive,0.0,0.0,0.0,0,(),0.0,0.0
85360,Center Drive,0.0,0.0,0.0,0,(),0.0,0.0
85365,Center Drive,0.0,0.0,0.0,0,(),0.0,0.0
85370,Center Drive,0.0,0.0,0.0,0,(),0.0,0.0
85375,Center Drive,0.0,0.0,0.0,0,(),0.0,0.0
85380,Center Drive,0.0,0.0,0.0,0,(),0.0,0.0
85385,Center Drive,0.0,0.0,0.0,0,(),0.0,0.0
85390,Center Drive,0.0,0.0,0.0,0,(),0.0,0.0
85395,Center Drive,0.0,0.0,0.0,0,(),0.0,0.0
85400,Center Drive,0.0,0.0,0.0,0,(),0.0,0.0
85405,Center Drive,0.0,0.0,0.0,0,(),0.0,0.0
85410,Center Drive,0.0,0.0,0.0,0,(),0.0,0.0
85415,Center Drive,0.0,0.0,0.0,0,(),0.0,0.0
85420,Center Drive,0.0,0.0,0.0,0,(),0.0,0.0
85425,Center Drive,0.0,0.0,0.0,0,(),0.0,0.0
85430,Center Drive,0.0,0.0,0.0,0,(),0.0,0.0
85435,Center Drive,0.0,0.0,0.0,0,(),0.0,0.0
85440,Center Drive,0.0,0.0,0.0,0,(),0.0,0.0
85445,Center Drive,0.0,0.0,0.0,0,(),0.0,0.0
85450,Center Drive,0.0,0.0,0.0,0,(),0.0,0.0
85455,Center Drive,0.0,0.0,0.0,0,(),0.0,0.0
85460,Center Drive,0.0,0.0,0.0,0,(),0.0,0.0
85465,Center Drive,0.0,0.0,0.0,0,(),0.0,0.0
85470,Center Drive,0.0,0.0,0.0,0,(),0.0,0.0
85475,Center Drive,0.0,0.0,0.0,0,(),0.0,0.0
85480,Center Drive,0.0,0.0,0.0,0,(),0.0,0.0
85485,Center Drive,0.0,0.0,0.0,0,(),0.0,0.0
85490,Center Drive,0.0,0.0,0.0,0,(),0.0,0.0
85495,Center Drive,0.0,0.0,0.0,0,(),0.0,0.0
85500,Center Drive,0.0,0.0,0.0,0,(),0.0,0.0
85505,Center Drive,0.0,0.0,0.0,0,(),0.0,0.0
85510,Center Drive,0.0,0.0,0.0,0,(),0.0,0.0
85515,Center Drive,0.0,0.0,0.0,0,(),0.0,0.0
85520,Center Drive,0.0,0.0,0.0,0,(),0.0,0.0
85525,Center Drive,0.0,0.0,0.0,0,(),0.0,0.0
85530,Center Drive,0.0,0.0,0.0,0,(),0.0,0.0
85535,Center Drive,0.0,0.0,0.0,0,(),0.0,0.0
85540,Center Drive,0.0,0.0,0.0,0,(),0.0,0.0
85545,Center Drive,0.0,0.0,0.0,0,(),0.0,0.0
85550,Center Drive,0.0,0.0,0.0,0,(),0.0,0.0
85555,Center Drive,0.0,0.0,0.0,0,(),0.0,0.0
85560,Center Drive,0.0,0.0,0.0,0,(),0.0,0.0
85565,Center Drive,0.0,0.0,0.0,0,(),0.0,0.0
85570,Center Drive,0.0,0.0,0.0,0,(),0.0,0.0
85575,Center Drive,0.0,0.0,0.0,0,(),0.0,0.0
85580,Center Drive,0.0,0.0,0.0,0,(),0.0,0.0
85585,Center Drive,0.0,0.0,0.0,0,(),0.0,0.0
85590,Center Drive,0.0,0.0,0.0,0,(),0.0,0.0
85595,Center Drive,0.0,0.0,0.0,0,(),0.0,0.0
85600,Center Drive,0.0,0.0,0.0,0,(),0.0,0.0
85605,Center Drive,0.0,0.0,0.0,0,(),0.0,0.0
85610,Center Drive,0.0,0.0,0.0,0,(),0.0,0.0
85615,Center Drive,0.0,0.0,0.0,0,(),0.0,0.0
85620,Center Drive,0.0,0.0,0.0,0,(),0.0,0.0
85625,Center Drive,0.0,0.0,0.0,0,(),0.0,0.0
85630,Center Drive,0.0,0.0,0.0,0,(),0.0,0.0
85635,Center Drive,0.0,0.0,0.0,0,(),0.0,0.0
85640,Center Drive,0.0,0.0,0.0,0,(),0.0,0.0
85645,Center Drive,0.0,0.0,0.0,0,(),0.0,0.0
85650,Center Drive,0.0,0.0,0.0,0,(),0.0,0.0
85655,Center Drive,0.0,0.0,0.0,0,(),0.0,0.0
85660,Center Drive,0.0,0.0,0.0,0,(),0.0,0.0
85665,Center Drive,0.0,0.0,0.0,0,(),0.0,0.0
85670,Center Drive,0.0,0.0,0.0,0,(),0.0,0.0
85675,Center Drive,0.0,0.0,0.0,0,(),0.0,0.0
85680,Center Drive,0.0,0.0,0.0,0,(),0.0,0.0
85685,Center Drive,0.0,0.0,0.0,0,(),0.0,0.0
85690,Center Drive,0.0,0.0,0.0,0,(),0.0,0.0
85695,Center Drive,0.0,0.0,0.0,0,(),0.0,0.0
85700,Center Drive,0.0,0.0,0.0,0,(),0.0,0.0
85705,Center Drive,0.0,0.0,0.0,0,(),0.0,0.0
85710,Center Drive,0.0,0.0,0.0,0,(),0.0,0.0
85715,Center Drive,0.0,0.0,0.0,0,(),0.0,0.0
85720,Center Drive,0.0,0.0,0.0,0,(),0.0,0.0
85725,Center Drive,0.0,0.0,0.0,0,(),0.0,0.0
85730,Center Drive,0.0,0.0,0.0,0,(),0.0,0.0
85735,Center Drive,0.0,0.0,0.0,0,(),0.0,0.0
85740,Center Drive,0.0,0.0,0.0,0,(),0.0,0.0
85745,Center Drive,0.0,0.0,0.0,0,(),0.0,0.0
85750,Center Drive,0.0,0.0,0.0,0,(),0.0,0.0
85755,Center Drive,0.0,0.0,0.0,0,(),0.0,0.0
85760,Center Drive,0.0,0.0,0.0,0,(),0.0,0.0
85765,Center Drive,0.0,0.0,0.0,0,(),0.0,0.0
85770,Center Drive,0.0,0.0,0.0,0,(),0.0,0.0
85775,Center Drive,0.0,0.0,0.0,0,(),0.0,0.0
85780,Center Drive,0.0,0.0,0.0,0,(),0.0,0.0
85785,Center Drive,0.0,0.0,0.0,0,(),0.0,0.0
85790,Center Drive,0.0,0.0,0.0,0,(),0.0,0.0
85795,Center Drive,0.0,0.0,0.0,0,(),0.0,0.0
85800,Center Drive,0.0,0.0,0.0,0,(),0.0,0.0
85805,Center Drive,0.0,0.0,0.0,0,(),0.0,0.0
85810,Center Drive,0.0,0.0,0.0,0,(),0.0,0.0
85815,Center Drive,0.0,0.0,0.0,0,(),0.0,0.0
85820,Center Drive,0.0,0.0,0.0,0,(),0.0,0.0
85825,Center Drive,0.0,0.0,0.0,0,(),0.0,0.0
85830,Center Drive,0.0,0.0,0.0,0,(),0.0,0.0
85835,Center Drive,0.0,0.0,0.0,0,(),0.0,0.0
85840,Center Drive,0.0,0.0,0.0,0,(),0.0,0.0
85845,Center Drive,0.0,0.0,0.0,0,(),0.0,0.0
85850,Center Drive,0.0,0.0,0.0,0,(),0.0,0.0
85855,Center Drive,0.0,0.0,0.0,0,(),0.0,0.0
85860,Center Drive,0.0,0.0,0.0,0,(),0.0,0.0
85865,Center Drive,0.0,0.0,0.0,0,(),0.0,0.0
85870,Center Drive,0.0,0.0,0.0,0,(),0.0,0.0
85875,Center Drive,0.0,0.0,0.0,0,(),0.0,0.0
85880,Center Drive,0.0,0.0,0.0,0,(),0.0,0.0
85885,Center Drive,0.0,0.0,0.0,0,(),0.0,0.0
85890,Center Drive,0.0,0.0,0.0,0,(),0.0,0.0
85895,Center Drive,0.0,0.0,0.0,0,(),0.0,0.0
85900,Center Drive,0.0,0.0,0.0,0,(),0.0,0.0
85905,Center Drive,0.0,0.0,0.0,0,(),0.0,0.0
85910,Center Drive,0.0,0.0,0.0,0,(),0.0,0.0
85915,Center Drive,0.0,0.0,0.0,0,(),0.0,0.0
85920,Center Drive,0.0,0.0,0.0,0,(),0.0,0.0
85925,Center Drive,0.0,0.0,0.0,0,(),0.0,0.0
85930,Center Drive,0.0,0.0,0.0,0,(),0.0,0.0
85935,Center Drive,0.0,0.0,0.0,0,(),0.0,0.0
85940,Center Drive,0.0,0.0,0.0,0,(),0.0,0.0
85945,Center Drive,0.0,0.0,0.0,0,(),0.0,0.0
85950,Center Drive,0.0,0.0,0.0,0,(),0.0,0.0
85955,Center Drive,0.0,0.0,0.0,0,(),0.0,0.0
85960,Center Drive,0.0,0.0,0.0,0,(),0.0,0.0
85965,Center Drive,0.0,0.0,0.0,0,(),0.0,0.0
85970,Center Drive,0.0,0.0,0.0,0,(),0.0,0.0
85975,Center Drive,0.0,0.0,0.0,0,(),0.0,0.0
85980,Center Drive,0.0,0.0,0.0,0,(),0.0,0.0
85985,Center Drive,0.0,0.0,0.0,0,(),0.0,0.0
85990,Center Drive,0.0,0.0,0.0,0,(),0.0,0.0
85995,Center Drive,0.0,0.0,0.0,0,(),0.0,0.0
86000,Center Drive,0.0,0.0,0.0,0,(),0.0,0.0
86005,Center Drive,0.0,0.0,0.0,0,(),0.0,0.0
86010,Center Drive,0.0,0.0,0.0,0,(),0.0,0.0
86015,Center Drive,0.0,0.0,0.0,0,(),0.0,0.0
86020,Center Drive,0.0,0.0,0.0,0,(),0.0,0.0
86025,Center Drive,0.0,0.0,0.0,0,(),0.0,0.0
86030,Center Drive,0.0,0.0,0.0,0,(),0.0,0.0
86035,Center Drive,0.0,0.0,0.0,0,(),0.0,0.0
86040,Center Drive,0.0,0.0,0.0,0,(),0.0,0.0
86045,Center Drive,0.0,0.0,0.0,0,(),0.0,0.0
86050,Center Drive,0.0,0.0,0.0,0,(),0.0,0.0
86055,Center Drive,0.0,0.0,0.0,0,(),0.0,0.0
86060,Center Drive,0.0,0.0,0.0,0,(),0.0,0.0
86065,Center Drive,0.0,0.0,0.0,0,(),0.0,0.0
86070,Center Drive,0.0,0.0,0.0,0,(),0.0,0.0
86075,Center Drive,0.0,0.0,0.0,0,(),0.0,0.0
86080,Center Drive,0.0,0.0,0.0,0,(),0.0,0.0
86085,Center Drive,0.0,0.0,0.0,0,(),0.0,0.0
86090,Center Drive,0.0,0.0,0.0,0,(),0.0,0.0
86095,Center Drive,0.0,0.0,0.0,0,(),0.0,0.0
86100,Center Drive,0.0,0.0,0.0,0,(),0.0,0.0
86105,Center Drive,0.0,0.0,0.0,0,(),0.0,0.0
86110,Center Drive,0.0,0.0,0.0,0,(),0.0,0.0
86115,Center Drive,0.0,0.0,0.0,0,(),0.0,0.0
86120,Center Drive,0.0,0.0,0.0,0,(),0.0,0.0
86125,Center Drive,0.0,0.0,0.0,0,(),0.0,0.0
86130,Center Drive,0.0,0.0,0.0,0,(),0.0,0.0
86135,Center Drive,0.0,0.0,0.0,0,(),0.0,0.0
86140,Center Drive,0.0,0.0,0.0,0,(),0.0,0.0
86145,Center Drive,0.0,0.0,0.0,0,(),0.0,0.0
86150,Center Drive,0.0,0.0,0.0,0,(),0.0,0.0
86155,Center Drive,0.0,0.0,0.0,0,(),0.0,0.0
86160,Center Drive,0.0,0.0,0.0,0,(),0.0,0.0
86165,Center Drive,0.0,0.0,0.0,0,(),0.0,0.0
86170,Center Drive,0.0,0.0,0.0,0,(),0.0,0.0
86175,Center Drive,0.0,0.0,0.0,0,(),0.0,0.0
86180,Center Drive,0.0,0.0,0.0,0,(),0.0,0.0
86185,Center Drive,0.0,0.0,0.0,0,(),0.0,0.0
86190,Center Drive,0.0,0.0,0.0,0,(),0.0,0.0
86195,Center Drive,0.0,0.0,0.0,0,(),0.0,0.0
86200,Center Drive,0.0,0.0,0.0,0,(),0.0,0.0
86205,Center Drive,0.0,0.0,0.0,0,(),0.0,0.0
86210,Center Drive,0.0,0.0,0.0,0,(),0.0,0.0
86215,Center Drive,0.0,0.0,0.0,0,(),0.0,0.0
86220,Center Drive,0.0,0.0,0.0,0,(),0.0,0.0
86225,Center Drive,0.0,0.0,0.0,0,(),0.0,0.0
86230,Center Drive,0.0,0.0,0.0,0,(),0.0,0.0
86235,Center Drive,0.0,0.0,0.0,0,(),0.0,0.0
86240,Center Drive,0.0,0.0,0.0,0,(),0.0,0.0
86245,Center Drive,0.0,0.0,0.0,0,(),0.0,0.0
86250,Center Drive,0.0,0.0,0.0,0,(),0.0,0.0
86255,Center Drive,0.0,0.0,0.0,0,(),0.0,0.0
86260,Center Drive,0.0,0.0,0.0,0,(),0.0,0.0
86265,Center Drive,0.0,0.0,0.0,0,(),0.0,0.0
86270,Center Drive,0.0,0.0,0.0,0,(),0.0,0.0
86275,Center Drive,0.0,0.0,0.0,0,(),0.0,0.0
86280,Center Drive,0.0,0.0,0.0,0,(),0.0,0.0
86285,Center Drive,0.0,0.0,0.0,0,(),0.0,0.0
86290,Center Drive,0.0,0.0,0.0,0,(),0.0,0.0
86295,Center Drive,0.0,0.0,0.0,0,(),0.0,0.0
86300,Center Drive,0.0,0.0,0.0,0,(),0.0,0.0
86305,Center Drive,0.0,0.0,0.0,0,(),0.0,0.0
86310,Center Drive,0.0,0.0,0.0,0,(),0.0,0.0
86315,Center Drive,0.0,0.0,0.0,0,(),0.0,0.0
86320,Center Drive,0.0,0.0,0.0,0,(),0.0,0.0
86325,Center Drive,0.0,0.0,0.0,0,(),0.0,0.0
86330,Center Drive,0.0,0.0,0.0,0,(),0.0,0.0
86335,Center Drive,0.0,0.0,0.0,0,(),0.0,0.0
86340,Center Drive,0.0,0.0,0.0,0,(),0.0,0.0
86345,Center Drive,0.0,0.0,0.0,0,(),0.0,0.0
86350,Center Drive,0.0,0.0,0.0,0,(),0.0,0.0
86355,Center Drive,0.0,0.0,0.0,0,(),0.0,0.0
86360,Center Drive,0.0,0.0,0.0,0,(),0.0,0.0
86365,Center Drive,0.0,0.0,0.0,0,(),0.0,0.0
86370,Center Drive,0.0,0.0,0.0,0,(),0.0,0.0
86375,Center Drive,0.0,0.0,0.0,0,(),0.0,0.0
86380,Center Drive,0.0,0.0,0.0,0,(),0.0,0.0
86385,Center Drive,0.0,0.0,0.0,0,(),0.0,0.0
86390,Center Drive,0.0,0.0,0.0,0,(),0.0,0.0
86395,Center Drive,0.0,0.0,0.0,0,(),0.0,0.0
86400,Center Drive,0.0,0.0,0.0,0,(),0.0,0.0
86405,Center Drive,0.0,0.0,0.0,0,(),0.0,0.0
86410,Center Drive,0.0,0.0,0.0,0,(),0.0,0.0
86415,Center Drive,0.0,0.0,0.0,0,(),0.0,0.0
86420,Center Drive,0.0,0.0,0.0,0,(),0.0,0.0
86425,Center Drive,0.0,0.0,0.0,0,(),0.0,0.0
86430,Center Drive,0.0,0.0,0.0,0,(),0.0,0.0
86435,Center Drive,0.0,0.0,0.0,0,(),0.0,0.0
86440,Center Drive,0.0,0.0,0.0,0,(),0.0,0.0
86445,Center Drive,0.0,0.0,0.0,0,(),0.0,0.0
86450,Center Drive,0.0,0.0,0.0,0,(),0.0,0.0
86455,Center Drive,0.0,0.0,0.0,0,(),0.0,0.0
86460,Center Drive,0.0,0.0,0.0,0,(),0.0,0.0
86465,Center Drive,0.0,0.0,0.0,0,(),0.0,0.0
86470,Center Drive,0.0,0.0,0.0,0,(),0.0,0.0
86475,Center Drive,0.0,0.0,0.0,0,(),0.0,0.0
86480,Center Drive,0.0,0.0,0.0,0,(),0.0,0.0
86485,Center Drive,0.0,0.0,0.0,0,(),0.0,0.0
86490,Center Drive,0.0,0.0,0.0,0,(),0.0,0.0
86495,Center Drive,0.0,0.0,0.0,0,(),0.0,0.0
86500,Center Drive,0.0,0.0,0.0,0,(),0.0,0.0
86505,Center Drive,0.0,0.0,0.0,0,(),0.0,0.0
86510,Center Drive,0.0,0.0,0.0,0,(),0.0,0.0
86515,Center Drive,0.0,0.0,0.0,0,(),0.0,0.0
86520,Center Drive,0.0,0.0,0.0,0,(),0.0,0.0
86525,Center Drive,0.0,0.0,0.0,0,(),0.0,0.0
86530,Center Drive,0.0,0.0,0.0,0,(),0.0,0.0
86535,Center Drive,0.0,0.0,0.0,0,(),0.0,0.0
86540,Center Drive,0.0,0.0,0.0,0,(),0.0,0.0
86545,Center Drive,0.0,0.0,0.0,0,(),0.0,0.0
86550,Center Drive,0.0,0.0,0.0,0,(),0.0,0.0
86555,Center Drive,0.0,0.0,0.0,0,(),0.0,0.0
86560,Center Drive,0.0,0.0,0.0,0,(),0.0,0.0
86565,Center Drive,0.0,0.0,0.0,0,(),0.0,0.0
86570,Center Drive,0.0,0.0,0.0,0,(),0.0,0.0
86575,Center Drive,0.0,0.0,0.0,0,(),0.0,0.0
86580,Center Drive,0.0,0.0,0.0,0,(),0.0,0.0
86585,Center Drive,0.0,0.0,0.0,0,(),0.0,0.0
86590,Center Drive,0.0,0.0,0.0,0,(),0.0,0.0
86595,Center Drive,0.0,0.0,0.0,0,(),0.0,0.0
86600,Center Drive,0.0,0.0,0.0,0,(),0.0,0.0
86605,Center Drive,0.0,0.0,0.0,0,(),0.0,0.0
86610,Center Drive,0.0,0.0,0.0,0,(),0.0,0.0
86615,Center Drive,0.0,0.0,0.0,0,(),0.0,0.0
86620,Center Drive,0.0,0.0,0.0,0,(),0.0,0.0
86625,Center Drive,0.0,0.0,0.0,0,(),0.0,0.0
86630,Center Drive,0.0,0.0,0.0,0,(),0.0,0.0
86635,Center Drive,0.0,0.0,0.0,0,(),0.0,0.0
86640,Center Drive,0.0,0.0,0.0,0,(),0.0,0.0
86645,Center Drive,0.0,0.0,0.0,0,(),0.0,0.0
86650,Center Drive,0.0,0.0,0.0,0,(),0.0,0.0
86655,Center Drive,0.0,0.0,0.0,0,(),0.0,0.0
86660,Center Drive,0.0,0.0,0.0,0,(),0.0,0.0
86665,Center Drive,0.0,0.0,0.0,0,(),0.0,0.0
86670,Center Drive,0.0,0.0,0.0,0,(),0.0,0.0
86675,Center Drive,0.0,0.0,0.0,0,(),0.0,0.0
86680,Center Drive,0.0,0.0,0.0,0,(),0.0,0.0
86685,Center Drive,0.0,0.0,0.0,0,(),0.0,0.0
86690,Center Drive,0.0,0.0,0.0,0,(),0.0,0.0
86695,Center Drive,0.0,0.0,0.0,0,(),0.0,0.0
86700,Center Drive,0.0,0.0,0.0,0,(),0.0,0.0
86705,Center Drive,0.0,0.0,0.0,0,(),0.0,0.0
86710,Center Drive,0.0,0.0,0.0,0,(),0.0,0.0
86715,Center Drive,0.0,0.0,0.0,0,(),0.0,0.0
86720,Center Drive,0.0,0.0,0.0,0,(),0.0,0.0
86725,Center Drive,0.0,0.0,0.0,0,(),0.0,0.0
86730,Center Drive,0.0,0.0,0.0,0,(),0.0,0.0
86735,Center Drive,0.0,0.0,0.0,0,(),0.0,0.0
86740,Center Drive,0.0,0.0,0.0,0,(),0.0,0.0
86745,Center Drive,0.0,0.0,0.0,0,(),0.0,0.0
86750,Center Drive,0.0,0.0,0.0,0,(),0.0,0.0
86755,Center Drive,0.0,0.0,0.0,0,(),0.0,0.0
86760,Center Drive,0.0,0.0,0.0,0,(),0.0,0.0
86765,Center Drive,0.0,0.0,0.0,0,(),0.0,0.0
86770,Center Drive,0.0,0.0,0.0,0,(),0.0,0.0
86775,Center Drive,0.0,0.0,0.0,0,(),0.0,0.0
86780,Center Drive,0.0,0.0,0.0,0,(),0.0,0.0
86785,Center Drive,0.0,0.0,0.0,0,(),0.0,0.0
86790,Center Drive,0.0,0.0,0.0,0,(),0.0,0.0
86795,Center Drive,0.0,0.0,0.0,0,(),0.0,0.0
86800,Center Drive,0.0,0.0,0.0,0,(),0.0,0.0
86805,Center Drive,0.0,0.0,0.0,0,(),0.0,0.0
86810,Center Drive,0.0,0.0,0.0,0,(),0.0,0.0
86815,Center Drive,0.0,0.0,0.0,0,(),0.0,0.0
86820,Center Drive,0.0,0.0,0.0,0,(),0.0,0.0
86825,Center Drive,0.0,0.0,0.0,0,(),0.0,0.0
86830,Center Drive,0.0,0.0,0.0,0,(),0.0,0.0
86835,Center Drive,0.0,0.0,0.0,0,(),0.0,0.0
86840,Center Drive,0.0,0.0,0.0,0,(),0.0,0.0
86845,Center Drive,0.0,0.0,0.0,0,(),0.0,0.0
86850,Center Drive,0.0,0.0,0.0,0,(),0.0,0.0
86855,Center Drive,0.0,0.0,0.0,0,(),0.0,0.0
86860,Center Drive,0.0,0.0,0.0,0,(),0.0,0.0
86865,Center Drive,0.0,0.0,0.0,0,(),0.0,0.0
86870,Center Drive,0.0,0.0,0.0,0,(),0.0,0.0
86875,Center Drive,0.0,0.0,0.0,0,(),0.0,0.0
86880,Center Drive,0.0,0.0,0.0,0,(),0.0,0.0
86885,Center Drive,0.0,0.0,0.0,0,(),0.0,0.0
86890,Center Drive,0.0,0.0,0.0,0,(),0.0,0.0
86895,Center Drive,0.0,0.0,0.0,0,(),0.0,0.0
86900,Center Drive,0.0,0.0,0.0,0,(),0.0,0.0
86905,Center Drive,0.0,0.0,0.0,0,(),0.0,0.0
86910,Center Drive,0.0,0.0,0.0,0,(),0.0,0.0
86915,Center Drive,0.0,0.0,0.0,0,(),0.0,0.0
86920,Center Drive,0.0,0.0,0.0,0,(),0.0,0.0
86925,Center Drive,0.0,0.0,0.0,0,(),0.0,0.0
86930,Center Drive,0.0,0.0,0.0,0,(),0.0,0.0
86935,Center Drive,0.0,0.0,0.0,0,(),0.0,0.0
86940,Center Drive,0.0,0.0,0.0,0,(),0.0,0.0
86945,Center Drive,0.0,0.0,0.0,0,(),0.0,0.0
86950,Center Drive,0.0,0.0,0.0,0,(),0.0,0.0
86955,Center Drive,0.0,0.0,0.0,0,(),0.0,0.0
86960,Center Drive,0.0,0.0,0.0,0,(),0.0,0.0
86965,Center Drive,0.0,0.0,0.0,0,(),0.0,0.0
86970,Center Drive,0.0,0.0,0.0,0,(),0.0,0.0
86975,Center Drive,0.0,0.0,0.0,0,(),0.0,0.0
86980,Center Drive,0.0,0.0,0.0,0,(),0.0,0.0
86985,Center Drive,0.0,0.0,0.0,0,(),0.0,0.0
86990,Center Drive,0.0,0.0,0.0,0,(),0.0,0.0
86995,Center Drive,0.0,0.0,0.0,0,(),0.0,0.0
87000,Center Drive,0.0,0.0,0.0,0,(),0.0,0.0
87005,Center Drive,0.0,0.0,0.0,0,(),0.0,0.0
87010,Center Drive,0.0,0.0,0.0,0,(),0.0,0.0
87015,Center Drive,0.0,0.0,0.0,0,(),0.0,0.0
87020,Center Drive,0.0,0.0,0.0,0,(),0.0,0.0
87025,Center Drive,0.0,0.0,0.0,0,(),0.0,0.0
87030,Center Drive,0.0,0.0,0.0,0,(),0.0,0.0
87035,Center Drive,0.0,0.0,0.0,0,(),0.0,0.0
87040,Center Drive,0.0,0.0,0.0,0,(),0.0,0.0
87045,Center Drive,0.0,0.0,0.0,0,(),0.0,0.0
87050,Center Drive,0.0,0.0,0.0,0,(),0.0,0.0
87055,Center Drive,0.0,0.0,0.0,0,(),0.0,0.0
87060,Center Drive,0.0,0.0,0.0,0,(),0.0,0.0
87065,Center Drive,0.0,0.0,0.0,0,(),0.0,0.0
87070,Center Drive,0.0,0.0,0.0,0,(),0.0,0.0
87075,Center Drive,0.0,0.0,0.0,0,(),0.0,0.0
87080,Center Drive,0.0,0.0,0.0,0,(),0.0,0.0
87085,Center Drive,0.0,0.0,0.0,0,(),0.0,0.0
87090,Center Drive,0.0,0.0,0.0,0,(),0.0,0.0
87095,Center Drive,0.0,0.0,0.0,0,(),0.0,0.0
87100,Center Drive,0.0,0.0,0.0,0,(),0.0,0.0
87105,Center Drive,0.0,0.0,0.0,0,(),0.0,0.0
87110,Center Drive,0.0,0.0,0.0,0,(),0.0,0.0
87115,Center Drive,0.0,0.0,0.0,0,(),0.0,0.0
87120,Center Drive,0.0,0.0,0.0,0,(),0.0,0.0
87125,Center Drive,0.0,0.0,0.0,0,(),0.0,0.0
87130,Center Drive,0.0,0.0,0.0,0,(),0.0,0.0
87135,Center Drive,0.0,0.0,0.0,0,(),0.0,0.0
87140,Center Drive,0.0,0.0,0.0,0,(),0.0,0.0
87145,Center Drive,0.0,0.0,0.0,0,(),0.0,0.0
87150,Center Drive,0.0,0.0,0.0,0,(),0.0,0.0
87155,Center Drive,0.0,0.0,0.0,0,(),0.0,0.0
87160,Center Drive,0.0,0.0,0.0,0,(),0.0,0.0
87165,Center Drive,0.0,0.0,0.0,0,(),0.0,0.0
87170,Center Drive,0.0,0.0,0.0,0,(),0.0,0.0
87175,Center Drive,0.0,0.0,0.0,0,(),0.0,0.0
87180,Center Drive,0.0,0.0,0.0,0,(),0.0,0.0
87185,Center Drive,0.0,0.0,0.0,0,(),0.0,0.0
87190,Center Drive,0.0,0.0,0.0,0,(),0.0,0.0
87195,Center Drive,0.0,0.0,0.0,0,(),0.0,0.0
87200,Center Drive,0.0,0.0,0.0,0,(),0.0,0.0
87205,Center Drive,0.0,0.0,0.0,0,(),0.0,0.0
87210,Center Drive,0.0,0.0,0.0,0,(),0.0,0.0
87215,Center Drive,0.0,0.0,0.0,0,(),0.0,0.0
87220,Center Drive,0.0,0.0,0.0,0,(),0.0,0.0
87225,Center Drive,0.0,0.0,0.0,0,(),0.0,0.0
87230,Center Drive,0.0,0.0,0.0,0,(),0.0,0.0
87235,Center Drive,0.0,0.0,0.0,0,(),0.0,0.0
87240,Center Drive,0.0,0.0,0.0,0,(),0.0,0.0
87245,Center Drive,0.0,0.0,0.0,0,(),0.0,0.0
87250,Center Drive,0.0,0.0,0.0,0,(),0.0,0.0
87255,Center Drive,0.0,0.0,0.0,0,(),0.0,0.0
87260,Center Drive,0.0,0.0,0.0,0,(),0.0,0.0
87265,Center Drive,0.0,0.0,0.0,0,(),0.0,0.0
87270,Center Drive,0.0,0.0,0.0,0,(),0.0,0.0
87275,Center Drive,0.0,0.0,0.0,0,(),0.0,0.0
87280,Center Drive,0.0,0.0,0.0,0,(),0.0,0.0
87285,Center Drive,0.0,0.0,0.0,0,(),0.0,0.0
87290,Center Drive,0.0,0.0,0.0,0,(),0.0,0.0
87295,Center Drive,0.0,0.0,0.0,0,(),0.0,0.0
87300,Center Drive,0.0,0.0,0.0,0,(),0.0,0.0
87305,Center Drive,0.0,0.0,0.0,0,(),0.0,0.0
87310,Center Drive,0.0,0.0,0.0,0,(),0.0,0.0
87315,Center Drive,0.0,0.0,0.0,0,(),0.0,0.0
87320,Center Drive,0.0,0.0,0.0,0,(),0.0,0.0
87325,Center Drive,0.0,0.0,0.0,0,(),0.0,0.0
87330,Center Drive,0.0,0.0,0.0,0,(),0.0,0.0
87335,Center Drive,0.0,0.0,0.0,0,(),0.0,0.0
87340,Center Drive,0.0,0.0,0.0,0,(),0.0,0.0
87345,Center Drive,0.0,0.0,0.0,0,(),0.0,0.0
87350,Center Drive,0.0,0.0,0.0,0,(),0.0,0.0
87355,Center Drive,0.0,0.0,0.0,0,(),0.0,0.0
87360,Center Drive,0.0,0.0,0.0,0,(),0.0,0.0
87365,Center Drive,0.0,0.0,0.0,0,(),0.0,0.0
87370,Center Drive,0.0,0.0,0.0,0,(),0.0,0.0
87375,Center Drive,0.0,0.0,0.0,0,(),0.0,0.0
87380,Center Drive,0.0,0.0,0.0,0,(),0.0,0.0
87385,Center Drive,0.0,0.0,0.0,0,(),0.0,0.0
87390,Center Drive,0.0,0.0,0.0,0,(),0.0,0.0
87395,Center Drive,0.0,0.0,0.0,0,(),0.0,0.0
87400,Center Drive,0.0,0.0,0.0,0,(),0.0,0.0
87405,Center Drive,0.0,0.0,0.0,0,(),0.0,0.0
87410,Center Drive,0.0,0.0,0.0,0,(),0.0,0.0
87415,Center Drive,0.0,0.0,0.0,0,(),0.0,0.0
87420,Center Drive,0.0,0.0,0.0,0,(),0.0,0.0
87425,Center Drive,0.0,0.0,0.0,0,(),0.0,0.0
87430,Center Drive,0.0,0.0,0.0,0,(),0.0,0.0
87435,Center Drive,0.0,0.0,0.0,0,(),0.0,0.0
87440,Center Drive,0.0,0.0,0.0,0,(),0.0,0.0
87445,Center Drive,0.0,0.0,0.0,0,(),0.0,0.0
87450,Center Drive,0.0,0.0,0.0,0,(),0.0,0.0
87455,Center Drive,0.0,0.0,0.0,0,(),0.0,0.0
87460,Center Drive,0.0,0.0,0.0,0,(),0.0,0.0
87465,Center Drive,0.0,0.0,0.0,0,(),0.0,0.0
87470,Center Drive,0.0,0.0,0.0,0,(),0.0,0.0
87475,Center Drive,0.0,0.0,0.0,0,(),0.0,0.0
87480,Center Drive,0.0,0.0,0.0,0,(),0.0,0.0
87485,Center Drive,0.0,0.0,0.0,0,(),0.0,0.0
87490,Center Drive,0.0,0.0,0.0,0,(),0.0,0.0
87495,Center Drive,0.0,0.0,0.0,0,(),0.0,0.0
87500,Center Drive,0.0,0.0,0.0,0,(),0.0,0.0
87505,Center Drive,0.0,0.0,0.0,0,(),0.0,0.0
87510,Center Drive,0.0,0.0,0.0,0,(),0.0,0.0
87515,Center Drive,0.0,0.0,0.0,0,(),0.0,0.0
87520,Center Drive,0.0,0.0,0.0,0,(),0.0,0.0
87525,Center Drive,0.0,0.0,0.0,0,(),0.0,0.0
87530,Center Drive,0.0,0.0,0.0,0,(),0.0,0.0
87535,Center Drive,0.0,0.0,0.0,0,(),0.0,0.0
87540,Center Drive,0.0,0.0,0.0,0,(),0.0,0.0
87545,Center Drive,0.0,0.0,0.0,0,(),0.0,0.0
87550,Center Drive,0.0,0.0,0.0,0,(),0.0,0.0
87555,Center Drive,0.0,0.0,0.0,0,(),0.0,0.0
87560,Center Drive,0.0,0.0,0.0,0,(),0.0,0.0
87565,Center Drive,0.0,0.0,0.0,0,(),0.0,0.0
87570,Center Drive,0.0,0.0,0.0,0,(),0.0,0.0
87575,Center Drive,0.0,0.0,0.0,0,(),0.0,0.0
87580,Center Drive,0.0,0.0,0.0,0,(),0.0,0.0
87585,Center Drive,0.0,0.0,0.0,0,(),0.0,0.0
87590,Center Drive,0.0,0.0,0.0,0,(),0.0,0.0
87595,Center Drive,0.0,0.0,0.0,0,(),0.0,0.0
87600,Center Drive,0.0,0.0,0.0,0,(),0.0,0.0
87605,Center Drive,0.0,0.0,0.0,0,(),0.0,0.0
87610,Center Drive,0.0,0.0,0.0,0,(),0.0,0.0
87615,Center Drive,0.0,0.0,0.0,0,(),0.0,0.0
87620,Center Drive,0.0,0.0,0.0,0,(),0.0,0.0
87625,Center Drive,0.0,0.0,0.0,0,(),0.0,0.0
87630,Center Drive,0.0,0.0,0.0,0,(),0.0,0.0
87635,Center Drive,0.0,0.0,0.0,0,(),0.0,0.0
87640,Center Drive,0.0,0.0,0.0,0,(),0.0,0.0
87645,Center Drive,0.0,0.0,0.0,0,(),0.0,0.0
87650,Center Drive,0.0,0.0,0.0,0,(),0.0,0.0
87655,Center Drive,0.0,0.0,0.0,0,(),0.0,0.0
87660,Center Drive,0.0,0.0,0.0,0,(),0.0,0.0
87665,Center Drive,0.0,0.0,0.0,0,(),0.0,0.0
87670,Center Drive,0.0,0.0,0.0,0,(),0.0,0.0
87675,Center Drive,0.0,0.0,0.0,0,(),0.0,0.0
87680,Center Drive,0.0,0.0,0.0,0,(),0.0,0.0
87685,Center Drive,0.0,0.0,0.0,0,(),0.0,0.0
87690,Center Drive,0.0,0.0,0.0,0,(),0.0,0.0
87695,Center Drive,0.0,0.0,0.0,0,(),0.0,0.0
87700,Center Drive,0.0,0.0,0.0,0,(),0.0,0.0
87705,Center Drive,0.0,0.0,0.0,0,(),0.0,0.0
87710,Center Drive,0.0,0.0,0.0,0,(),0.0,0.0
87715,Center Drive,0.0,0.0,0.0,0,(),0.0,0.0
87720,Center Drive,0.0,0.0,0.0,0,(),0.0,0.0
87725,Center Drive,0.0,0.0,0.0,0,(),0.0,0.0
87730,Center Drive,0.0,0.0,0.0,0,(),0.0,0.0
87735,Center Drive,0.0,0.0,0.0,0,(),0.0,0.0
87740,Center Drive,0.0,0.0,0.0,0,(),0.0,0.0
87745,Center Drive,0.0,0.0,0.0,0,(),0.0,0.0
87750,Center Drive,0.0,0.0,0.0,0,(),0.0,0.0
87755,Center Drive,0.0,0.0,0.0,0,(),0.0,0.0
87760,Center Drive,0.0,0.0,0.0,0,(),0.0,0.0
87765,Center Drive,0.0,0.0,0.0,0,(),0.0,0.0
87770,Center Drive,0.0,0.0,0.0,0,(),0.0,0.0
87775,Center Drive,0.0,0.0,0.0,0,(),0.0,0.0
87780,Center Drive,0.0,0.0,0.0,0,(),0.0,0.0
87785,Center Drive,0.0,0.0,0.0,0,(),0.0,0.0
87790,Center Drive,0.0,0.0,0.0,0,(),0.0,0.0
87795,Center Drive,0.0,0.0,0.0,0,(),0.0,0.0
87800,Center Drive,0.0,0.0,0.0,0,(),0.0,0.0
87805,Center Drive,0.0,0.0,0.0,0,(),0.0,0.0
87810,Center Drive,0.0,0.0,0.0,0,(),0.0,0.0
87815,Center Drive,0.0,0.0,0.0,0,(),0.0,0.0
87820,Center Drive,0.0,0.0,0.0,0,(),0.0,0.0
87825,Center Drive,0.0,0.0,0.0,0,(),0.0,0.0
87830,Center Drive,0.0,0.0,0.0,0,(),0.0,0.0
87835,Center Drive,0.0,0.0,0.0,0,(),0.0,0.0
87840,Center Drive,0.0,0.0,0.0,0,(),0.0,0.0
87845,Center Drive,0.0,0.0,0.0,0,(),0.0,0.0
87850,Center Drive,0.0,0.0,0.0,0,(),0.0,0.0
87855,Center Drive,0.0,0.0,0.0,0,(),0.0,0.0
87860,Center Drive,0.0,0.0,0.0,0,(),0.0,0.0
87865,Center Drive,0.0,0.0,0.0,0,(),0.0,0.0
87870,Center Drive,0.0,0.0,0.0,0,(),0.0,0.0
87875,Center Drive,0.0,0.0,0.0,0,(),0.0,0.0
87880,Center Drive,0.0,0.0,0.0,0,(),0.0,0.0
87885,Center Drive,0.0,0.0,0.0,0,(),0.0,0.0
87890,Center Drive,0.0,0.0,0.0,0,(),0.0,0.0
87895,Center Drive,0.0,0.0,0.0,0,(),0.0,0.0
87900,Center Drive,0.0,0.0,0.0,0,(),0.0,0.0
87905,Center Drive,0.0,0.0,0.0,0,(),0.0,0.0
87910,Center Drive,0.0,0.0,0.0,0,(),0.0,0.0
87915,Center Drive,0.0,0.0,0.0,0,(),0.0,0.0
87920,Center Drive,0.0,0.0,0.0,0,(),0.0,0.0
87925,Center Drive,0.0,0.0,0.0,0,(),0.0,0.0
87930,Center Drive,0.0,0.0,0.0,0,(),0.0,0.0
87935,Center Drive,0.0,0.0,0.0,0,(),0.0,0.0
87940,Center Drive,0.0,0.0,0.0,0,(),0.0,0.0
87945,Center Drive,0.0,0.0,0.0,0,(),0.0,0.0
87950,Center Drive,0.0,0.0,0.0,0,(),0.0,0.0
87955,Center Drive,0.0,0.0,0.0,0,(),0.0,0.0
87960,Center Drive,0.0,0.0,0.0,0,(),0.0,0.0
87965,Center Drive,0.0,0.0,0.0,0,(),0.0,0.0
87970,Center Drive,0.0,0.0,0.0,0,(),0.0,0.0
87975,Center Drive,0.0,0.0,0.0,0,(),0.0,0.0
87980,Center Drive,0.0,0.0,0.0,0,(),0.0,0.0
87985,Center Drive,0.0,0.0,0.0,0,(),0.0,0.0
87990,Center Drive,0.0,0.0,0.0,0,(),0.0,0.0
87995,Center Drive,0.0,0.0,0.0,0,(),0.0,0.0
88000,Center Drive,0.0,0.0,0.0,0,(),0.0,0.0
88005,Center Drive,0.0,0.0,0.0,0,(),0.0,0.0
88010,Center Drive,0.0,0.0,0.0,0,(),0.0,0.0
88015,Center Drive,0.0,0.0,0.0,0,(),0.0,0.0
88020,Center Drive,0.0,0.0,0.0,0,(),0.0,0.0
88025,Center Drive,0.0,0.0,0.0,0,(),0.0,0.0
88030,Center Drive,0.0,0.0,0.0,0,(),0.0,0.0
88035,Center Drive,0.0,0.0,0.0,0,(),0.0,0.0
88040,Center Drive,0.0,0.0,0.0,0,(),0.0,0.0
88045,Center Drive,0.0,0.0,0.0,0,(),0.0,0.0
88050,Center Drive,0.0,0.0,0.0,0,(),0.0,0.0
88055,Center Drive,0.0,0.0,0.0,0,(),0.0,0.0
88060,Center Drive,0.0,0.0,0.0,0,(),0.0,0.0
88065,Center Drive,0.0,0.0,0.0,0,(),0.0,0.0
88070,Center Drive,0.0,0.0,0.0,0,(),0.0,0.0
88075,Center Drive,0.0,0.0,0.0,0,(),0.0,0.0
88080,Center Drive,0.0,0.0,0.0,0,(),0.0,0.0
88085,Center Drive,0.0,0.0,0.0,0,(),0.0,0.0
88090,Center Drive,0.0,0.0,0.0,0,(),0.0,0.0
88095,Center Drive,0.0,0.0,0.0,0,(),0.0,0.0
88100,Center Drive,0.0,0.0,0.0,0,(),0.0,0.0
88105,Center Drive,0.0,0.0,0.0,0,(),0.0,0.0
88110,Center Drive,0.0,0.0,0.0,0,(),0.0,0.0
88115,Center Drive,0.0,0.0,0.0,0,(),0.0,0.0
88120,Center Drive,0.0,0.0,0.0,0,(),0.0,0.0
88125,Center Drive,0.0,0.0,0.0,0,(),0.0,0.0
88130,Center Drive,0.0,0.0,0.0,0,(),0.0,0.0
88135,Center Drive,0.0,0.0,0.0,0,(),0.0,0.0
88140,Center Drive,0.0,0.0,0.0,0,(),0.0,0.0
88145,Center Drive,0.0,0.0,0.0,0,(),0.0,0.0
88150,Center Drive,0.0,0.0,0.0,0,(),0.0,0.0
88155,Center Drive,0.0,0.0,0.0,0,(),0.0,0.0
88160,Center Drive,0.0,0.0,0.0,0,(),0.0,0.0
88165,Center Drive,0.0,0.0,0.0,0,(),0.0,0.0
88170,Center Drive,0.0,0.0,0.0,0,(),0.0,0.0
88175,Center Drive,0.0,0.0,0.0,0,(),0.0,0.0
88180,Center Drive,0.0,0.0,0.0,0,(),0.0,0.0
88185,Center Drive,0.0,0.0,0.0,0,(),0.0,0.0
88190,Center Drive,0.0,0.0,0.0,0,(),0.0,0.0
88195,Center Drive,0.0,0.0,0.0,0,(),0.0,0.0
88200,Center Drive,0.0,0.0,0.0,0,(),0.0,0.0
88205,Center Drive,0.0,0.0,0.0,0,(),0.0,0.0
88210,Center Drive,0.0,0.0,0.0,0,(),0.0,0.0
88215,Center Drive,0.0,0.0,0.0,0,(),0.0,0.0
88220,Center Drive,0.0,0.0,0.0,0,(),0.0,0.0
88225,Center Drive,0.0,0.0,0.0,0,(),0.0,0.0
88230,Center Drive,0.0,0.0,0.0,0,(),0.0,0.0
88235,Center Drive,0.0,0.0,0.0,0,(),0.0,0.0
88240,Center Drive,0.0,0.0,0.0,0,(),0.0,0.0
88245,Center Drive,0.0,0.0,0.0,0,(),0.0,0.0
88250,Center Drive,0.0,0.0,0.0,0,(),0.0,0.0
88255,Center Drive,0.0,0.0,0.0,0,(),0.0,0.0
88260,Center Drive,0.0,0.0,0.0,0,(),0.0,0.0
88265,Center Drive,0.0,0.0,0.0,0,(),0.0,0.0
88270,Center Drive,0.0,0.0,0.0,0,(),0.0,0.0
88275,Center Drive,0.0,0.0,0.0,0,(),0.0,0.0
88280,Center Drive,0.0,0.0,0.0,0,(),0.0,0.0
88285,Center Drive,0.0,0.0,0.0,0,(),0.0,0.0
88290,Center Drive,0.0,0.0,0.0,0,(),0.0,0.0
88295,Center Drive,0.0,0.0,0.0,0,(),0.0,0.0
88300,Center Drive,0.0,0.0,0.0,0,(),0.0,0.0
88305,Center Drive,0.0,0.0,0.0,0,(),0.0,0.0
88310,Center Drive,0.0,0.0,0.0,0,(),0.0,0.0
88315,Center Drive,0.0,0.0,0.0,0,(),0.0,0.0
88320,Center Drive,0.0,0.0,0.0,0,(),0.0,0.0
88325,Center Drive,0.0,0.0,0.0,0,(),0.0,0.0
88330,Center Drive,0.0,0.0,0.0,0,(),0.0,0.0
88335,Center Drive,0.0,0.0,0.0,0,(),0.0,0.0
88340,Center Drive,0.0,0.0,0.0,0,(),0.0,0.0
88345,Center Drive,0.0,0.0,0.0,0,(),0.0,0.0
88350,Center Drive,0.0,0.0,0.0,0,(),0.0,0.0
88355,Center Drive,0.0,0.0,0.0,0,(),0.0,0.0
88360,Center Drive,0.0,0.0,0.0,0,(),0.0,0.0
88365,Center Drive,0.0,0.0,0.0,0,(),0.0,0.0
88370,Center Drive,0.0,0.0,0.0,0,(),0.0,0.0
88375,Center Drive,0.0,0.0,0.0,0,(),0.0,0.0
88380,Center Drive,0.0,0.0,0.0,0,(),0.0,0.0
88385,Center Drive,0.0,0.0,0.0,0,(),0.0,0.0
88390,Center Drive,0.0,0.0,0.0,0,(),0.0,0.0
88395,Center Drive,0.0,0.0,0.0,0,(),0.0,0.0
88400,Center Drive,0.0,0.0,0.0,0,(),0.0,0.0
88405,Center Drive,0.0,0.0,0.0,0,(),0.0,0.0
88410,Center Drive,0.0,0.0,0.0,0,(),0.0,0.0
88415,Center Drive,0.0,0.0,0.0,0,(),0.0,0.0
88420,Center Drive,0.0,0.0,0.0,0,(),0.0,0.0
88425,Center Drive,0.0,0.0,0.0,0,(),0.0,0.0
88430,Center Drive,0.0,0.0,0.0,0,(),0.0,0.0
88435,Center Drive,0.0,0.0,0.0,0,(),0.0,0.0
88440,Center Drive,0.0,0.0,0.0,0,(),0.0,0.0
88445,Center Drive,0.0,0.0,0.0,0,(),0.0,0.0
88450,Center Drive,0.0,0.0,0.0,0,(),0.0,0.0
88455,Center Drive,0.0,0.0,0.0,0,(),0.0,0.0
88460,Center Drive,0.0,0.0,0.0,0,(),0.0,0.0
88465,Center Drive,0.0,0.0,0.0,0,(),0.0,0.0
88470,Center Drive,0.0,0.0,0.0,0,(),0.0,0.0
88475,Center Drive,0.0,0.0,0.0,0,(),0.0,0.0
88480,Center Drive,0.0,0.0,0.0,0,(),0.0,0.0
88485,Center Drive,0.0,0.0,0.0,0,(),0.0,0.0
88490,Center Drive,0.0,0.0,0.0,0,(),0.0,0.0
88495,Center Drive,0.0,0.0,0.0,0,(),0.0,0.0
88500,Center Drive,0.0,0.0,0.0,0,(),0.0,0.0
88505,Center Drive,0.0,0.0,0.0,0,(),0.0,0.0
88510,Center Drive,0.0,0.0,0.0,0,(),0.0,0.0
88515,Center Drive,0.0,0.0,0.0,0,(),0.0,0.0
88520,Center Drive,0.0,0.0,0.0,0,(),0.0,0.0
88525,Center Drive,0.0,0.0,0.0,0,(),0.0,0.0
88530,Center Drive,0.0,0.0,0.0,0,(),0.0,0.0
88535,Center Drive,0.0,0.0,0.0,0,(),0.0,0.0
88540,Center Drive,0.0,0.0,0.0,0,(),0.0,0.0
88545,Center Drive,0.0,0.0,0.0,0,(),0.0,0.0
88550,Center Drive,0.0,0.0,0.0,0,(),0.0,0.0
88555,Center Drive,0.0,0.0,0.0,0,(),0.0,0.0
88560,Center Drive,0.0,0.0,0.0,0,(),0.0,0.0
88565,Center Drive,0.0,0.0,0.0,0,(),0.0,0.0
88570,Center Drive,0.0,0.0,0.0,0,(),0.0,0.0
88575,Center Drive,0.0,0.0,0.0,0,(),0.0,0.0
88580,Center Drive,0.0,0.0,0.0,0,(),0.0,0.0
88585,Center Drive,0.0,0.0,0.0,0,(),0.0,0.0
88590,Center Drive,0.0,0.0,0.0,0,(),0.0,0.0
88595,Center Drive,0.0,0.0,0.0,0,(),0.0,0.0
88600,Center Drive,0.0,0.0,0.0,0,(),0.0,0.0
88605,Center Drive,0.0,0.0,0.0,0,(),0.0,0.0
88610,Center Drive,0.0,0.0,0.0,0,(),0.0,0.0
88615,Center Drive,0.0,0.0,0.0,0,(),0.0,0.0
88620,Center Drive,0.0,0.0,0.0,0,(),0.0,0.0
88625,Center Drive,0.0,0.0,0.0,0,(),0.0,0.0
88630,Center Drive,0.0,0.0,0.0,0,(),0.0,0.0
88635,Center Drive,0.0,0.0,0.0,0,(),0.0,0.0
88640,Center Drive,0.0,0.0,0.0,0,(),0.0,0.0
88645,Center Drive,0.0,0.0,0.0,0,(),0.0,0.0
88650,Center Drive,0.0,0.0,0.0,0,(),0.0,0.0
88655,Center Drive,0.0,0.0,0.0,0,(),0.0,0.0
88660,Center Drive,0.0,0.0,0.0,0,(),0.0,0.0
88665,Center Drive,0.0,0.0,0.0,0,(),0.0,0.0
88670,Center Drive,0.0,0.0,0.0,0,(),0.0,0.0
88675,Center Drive,0.0,0.0,0.0,0,(),0.0,0.0
88680,Center Drive,0.0,0.0,0.0,0,(),0.0,0.0
88685,Center Drive,0.0,0.0,0.0,0,(),0.0,0.0
88690,Center Drive,0.0,0.0,0.0,0,(),0.0,0.0
88695,Center Drive,0.0,0.0,0.0,0,(),0.0,0.0
88700,Center Drive,0.0,0.0,0.0,0,(),0.0,0.0
88705,Center Drive,0.0,0.0,0.0,0,(),0.0,0.0
88710,Center Drive,0.0,0.0,0.0,0,(),0.0,0.0
88715,Center Drive,0.0,0.0,0.0,0,(),0.0,0.0
88720,Center Drive,0.0,0.0,0.0,0,(),0.0,0.0
88725,Center Drive,0.0,0.0,0.0,0,(),0.0,0.0
88730,Center Drive,0.0,0.0,0.0,0,(),0.0,0.0
88735,Center Drive,0.0,0.0,0.0,0,(),0.0,0.0
88740,Center Drive,0.0,0.0,0.0,0,(),0.0,0.0
88745,Center Drive,0.0,0.0,0.0,0,(),0.0,0.0
88750,Center Drive,0.0,0.0,0.0,0,(),0.0,0.0
88755,Center Drive,0.0,0.0,0.0,0,(),0.0,0.0
88760,Center Drive,0.0,0.0,0.0,0,(),0.0,0.0
88765,Center Drive,0.0,0.0,0.0,0,(),0.0,0.0
88770,Center Drive,0.0,0.0,0.0,0,(),0.0,0.0
88775,Center Drive,0.0,0.0,0.0,0,(),0.0,0.0
88780,Center Drive,0.0,0.0,0.0,0,(),0.0,0.0
88785,Center Drive,0.0,0.0,0.0,0,(),0.0,0.0
88790,Center Drive,0.0,0.0,0.0,0,(),0.0,0.0
88795,Center Drive,0.0,0.0,0.0,0,(),0.0,0.0
88800,Center Drive,0.0,0.0,0.0,0,(),0.0,0.0
88805,Center Drive,0.0,0.0,0.0,0,(),0.0,0.0
88810,Center Drive,0.0,0.0,0.0,0,(),0.0,0.0
88815,Center Drive,0.0,0.0,0.0,0,(),0.0,0.0
88820,Center Drive,0.0,0.0,0.0,0,(),0.0,0.0
88825,Center Drive,0.0,0.0,0.0,0,(),0.0,0.0
88830,Center Drive,0.0,0.0,0.0,0,(),0.0,0.0
88835,Center Drive,0.0,0.0,0.0,0,(),0.0,0.0
88840,Center Drive,0.0,0.0,0.0,0,(),0.0,0.0
88845,Center Drive,0.0,0.0,0.0,0,(),0.0,0.0
88850,Center Drive,0.0,0.0,0.0,0,(),0.0,0.0
88855,Center Drive,0.0,0.0,0.0,0,(),0.0,0.0
88860,Center Drive,0.0,0.0,0.0,0,(),0.0,0.0
88865,Center Drive,0.0,0.0,0.0,0,(),0.0,0.0
88870,Center Drive,0.0,0.0,0.0,0,(),0.0,0.0
88875,Center Drive,0.0,0.0,0.0,0,(),0.0,0.0
88880,Center Drive,0.0,0.0,0.0,0,(),0.0,0.0
88885,Center Drive,0.0,0.0,0.0,0,(),0.0,0.0
88890,Center Drive,0.0,0.0,0.0,0,(),0.0,0.0
88895,Center Drive,0.0,0.0,0.0,0,(),0.0,0.0
88900,Center Drive,0.0,0.0,0.0,0,(),0.0,0.0
88905,Center Drive,0.0,0.0,0.0,0,(),0.0,0.0
88910,Center Drive,0.0,0.0,0.0,0,(),0.0,0.0
88915,Center Drive,0.0,0.0,0.0,0,(),0.0,0.0
88920,Center Drive,0.0,0.0,0.0,0,(),0.0,0.0
88925,Center Drive,0.0,0.0,0.0,0,(),0.0,0.0
88930,Center Drive,0.0,0.0,0.0,0,(),0.0,0.0
88935,Center Drive,0.0,0.0,0.0,0,(),0.0,0.0
88940,Center Drive,0.0,0.0,0.0,0,(),0.0,0.0
88945,Center Drive,0.0,0.0,0.0,0,(),0.0,0.0
88950,Center Drive,0.0,0.0,0.0,0,(),0.0,0.0
88955,Center Drive,0.0,0.0,0.0,0,(),0.0,0.0
88960,Center Drive,0.0,0.0,0.0,0,(),0.0,0.0
88965,Center Drive,0.0,0.0,0.0,0,(),0.0,0.0
88970,Center Drive,0.0,0.0,0.0,0,(),0.0,0.0
88975,Center Drive,0.0,0.0,0.0,0,(),0.0,0.0
88980,Center Drive,0.0,0.0,0.0,0,(),0.0,0.0
88985,Center Drive,0.0,0.0,0.0,0,(),0.0,0.0
88990,Center Drive,0.0,0.0,0.0,0,(),0.0,0.0
88995,Center Drive,0.0,0.0,0.0,0,(),0.0,0.0
89000,Center Drive,0.0,0.0,0.0,0,(),0.0,0.0
89005,Center Drive,0.0,0.0,0.0,0,(),0.0,0.0
89010,Center Drive,0.0,0.0,0.0,0,(),0.0,0.0
89015,Center Drive,0.0,0.0,0.0,0,(),0.0,0.0
89020,Center Drive,0.0,0.0,0.0,0,(),0.0,0.0
89025,Center Drive,0.0,0.0,0.0,0,(),0.0,0.0
89030,Center Drive,0.0,0.0,0.0,0,(),0.0,0.0
89035,Center Drive,0.0,0.0,0.0,0,(),0.0,0.0
89040,Center Drive,0.0,0.0,0.0,0,(),0.0,0.0
89045,Center Drive,0.0,0.0,0.0,0,(),0.0,0.0
89050,Center Drive,0.0,0.0,0.0,0,(),0.0,0.0
89055,Center Drive,0.0,0.0,0.0,0,(),0.0,0.0
89060,Center Drive,0.0,0.0,0.0,0,(),0.0,0.0
89065,Center Drive,0.0,0.0,0.0,0,(),0.0,0.0
89070,Center Drive,0.0,0.0,0.0,0,(),0.0,0.0
89075,Center Drive,0.0,0.0,0.0,0,(),0.0,0.0
89080,Center Drive,0.0,0.0,0.0,0,(),0.0,0.0
89085,Center Drive,0.0,0.0,0.0,0,(),0.0,0.0
89090,Center Drive,0.0,0.0,0.0,0,(),0.0,0.0
89095,Center Drive,0.0,0.0,0.0,0,(),0.0,0.0
89100,Center Drive,0.0,0.0,0.0,0,(),0.0,0.0
89105,Center Drive,0.0,0.0,0.0,0,(),0.0,0.0
89110,Center Drive,0.0,0.0,0.0,0,(),0.0,0.0
89115,Center Drive,0.0,0.0,0.0,0,(),0.0,0.0
89120,Center Drive,0.0,0.0,0.0,0,(),0.0,0.0
89125,Center Drive,0.0,0.0,0.0,0,(),0.0,0.0
89130,Center Drive,0.0,0.0,0.0,0,(),0.0,0.0
89135,Center Drive,0.0,0.0,0.0,0,(),0.0,0.0
89140,Center Drive,0.0,0.0,0.0,0,(),0.0,0.0
89145,Center Drive,0.0,0.0,0.0,0,(),0.0,0.0
89150,Center Drive,0.0,0.0,0.0,0,(),0.0,0.0
89155,Center Drive,0.0,0.0,0.0,0,(),0.0,0.0
89160,Center Drive,0.0,0.0,0.0,0,(),0.0,0.0
89165,Center Drive,0.0,0.0,0.0,0,(),0.0,0.0
89170,Center Drive,0.0,0.0,0.0,0,(),0.0,0.0
89175,Center Drive,0.0,0.0,0.0,0,(),0.0,0.0
89180,Center Drive,0.0,0.0,0.0,0,(),0.0,0.0
89185,Center Drive,0.0,0.0,0.0,0,(),0.0,0.0
89190,Center Drive,0.0,0.0,0.0,0,(),0.0,0.0
89195,Center Drive,0.0,0.0,0.0,0,(),0.0,0.0
89200,Center Drive,0.0,0.0,0.0,0,(),0.0,0.0
89205,Center Drive,0.0,0.0,0.0,0,(),0.0,0.0
89210,Center Drive,0.0,0.0,0.0,0,(),0.0,0.0
89215,Center Drive,0.0,0.0,0.0,0,(),0.0,0.0
89220,Center Drive,0.0,0.0,0.0,0,(),0.0,0.0
89225,Center Drive,0.0,0.0,0.0,0,(),0.0,0.0
89230,Center Drive,0.0,0.0,0.0,0,(),0.0,0.0
89235,Center Drive,0.0,0.0,0.0,0,(),0.0,0.0
89240,Center Drive,0.0,0.0,0.0,0,(),0.0,0.0
89245,Center Drive,0.0,0.0,0.0,0,(),0.0,0.0
89250,Center Drive,0.0,0.0,0.0,0,(),0.0,0.0
89255,Center Drive,0.0,0.0,0.0,0,(),0.0,0.0
89260,Center Drive,0.0,0.0,0.0,0,(),0.0,0.0
89265,Center Drive,0.0,0.0,0.0,0,(),0.0,0.0
89270,Center Drive,0.0,0.0,0.0,0,(),0.0,0.0
89275,Center Drive,0.0,0.0,0.0,0,(),0.0,0.0
89280,Center Drive,0.0,0.0,0.0,0,(),0.0,0.0
89285,Center Drive,0.0,0.0,0.0,0,(),0.0,0.0
89290,Center Drive,0.0,0.0,0.0,0,(),0.0,0.0
89295,Center Drive,0.0,0.0,0.0,0,(),0.0,0.0
89300,Center Drive,0.0,0.0,0.0,0,(),0.0,0.0
89305,Center Drive,0.0,0.0,0.0,0,(),0.0,0.0
89310,Center Drive,0.0,0.0,0.0,0,(),0.0,0.0
89315,Center Drive,0.0,0.0,0.0,0,(),0.0,0.0
89320,Center Drive,0.0,0.0,0.0,0,(),0.0,0.0
89325,Center Drive,0.0,0.0,0.0,0,(),0.0,0.0
89330,Center Drive,0.0,0.0,0.0,0,(),0.0,0.0
89335,Center Drive,0.0,0.0,0.0,0,(),0.0,0.0
89340,Center Drive,0.0,0.0,0.0,0,(),0.0,0.0
89345,Center Drive,0.0,0.0,0.0,0,(),0.0,0.0
89350,Center Drive,0.0,0.0,0.0,0,(),0.0,0.0
89355,Center Drive,0.0,0.0,0.0,0,(),0.0,0.0
89360,Center Drive,0.0,0.0,0.0,0,(),0.0,0.0
89365,Center Drive,0.0,0.0,0.0,0,(),0.0,0.0
89370,Center Drive,0.0,0.0,0.0,0,(),0.0,0.0
89375,Center Drive,0.0,0.0,0.0,0,(),0.0,0.0
89380,Center Drive,0.0,0.0,0.0,0,(),0.0,0.0
89385,Center Drive,0.0,0.0,0.0,0,(),0.0,0.0
89390,Center Drive,0.0,0.0,0.0,0,(),0.0,0.0
89395,Center Drive,0.0,0.0,0.0,0,(),0.0,0.0
89400,Center Drive,0.0,0.0,0.0,0,(),0.0,0.0
89405,Center Drive,0.0,0.0,0.0,0,(),0.0,0.0
89410,Center Drive,0.0,0.0,0.0,0,(),0.0,0.0
89415,Center Drive,0.0,0.0,0.0,0,(),0.0,0.0
89420,Center Drive,0.0,0.0,0.0,0,(),0.0,0.0
89425,Center Drive,0.0,0.0,0.0,0,(),0.0,0.0
89430,Center Drive,0.0,0.0,0.0,0,(),0.0,0.0
89435,Center Drive,0.0,0.0,0.0,0,(),0.0,0.0
89440,Center Drive,0.0,0.0,0.0,0,(),0.0,0.0
89445,Center Drive,0.0,0.0,0.0,0,(),0.0,0.0
89450,Center Drive,0.0,0.0,0.0,0,(),0.0,0.0
89455,Center Drive,0.0,0.0,0.0,0,(),0.0,0.0
89460,Center Drive,0.0,0.0,0.0,0,(),0.0,0.0
89465,Center Drive,0.0,0.0,0.0,0,(),0.0,0.0
89470,Center Drive,0.0,0.0,0.0,0,(),0.0,0.0
89475,Center Drive,0.0,0.0,0.0,0,(),0.0,0.0
89480,Center Drive,0.0,0.0,0.0,0,(),0.0,0.0
89485,Center Drive,0.0,0.0,0.0,0,(),0.0,0.0
89490,Center Drive,0.0,0.0,0.0,0,(),0.0,0.0
89495,Center Drive,0.0,0.0,0.0,0,(),0.0,0.0
89500,Center Drive,0.0,0.0,0.0,0,(),0.0,0.0
89505,Center Drive,0.0,0.0,0.0,0,(),0.0,0.0
89510,Center Drive,0.0,0.0,0.0,0,(),0.0,0.0
89515,Center Drive,0.0,0.0,0.0,0,(),0.0,0.0
89520,Center Drive,0.0,0.0,0.0,0,(),0.0,0.0
89525,Center Drive,0.0,0.0,0.0,0,(),0.0,0.0
89530,Center Drive,0.0,0.0,0.0,0,(),0.0,0.0
89535,Center Drive,0.0,0.0,0.0,0,(),0.0,0.0
89540,Center Drive,0.0,0.0,0.0,0,(),0.0,0.0
89545,Center Drive,0.0,0.0,0.0,0,(),0.0,0.0
89550,Center Drive,0.0,0.0,0.0,0,(),0.0,0.0
89555,Center Drive,0.0,0.0,0.0,0,(),0.0,0.0
89560,Center Drive,0.0,0.0,0.0,0,(),0.0,0.0
89565,Center Drive,0.0,0.0,0.0,0,(),0.0,0.0
89570,Center Drive,0.0,0.0,0.0,0,(),0.0,0.0
89575,Center Drive,0.0,0.0,0.0,0,(),0.0,0.0
89580,Center Drive,0.0,0.0,0.0,0,(),0.0,0.0
89585,Center Drive,0.0,0.0,0.0,0,(),0.0,0.0
89590,Center Drive,0.0,0.0,0.0,0,(),0.0,0.0
89595,Center Drive,0.0,0.0,0.0,0,(),0.0,0.0
89600,Center Drive,0.0,0.0,0.0,0,(),0.0,0.0
89605,Center Drive,0.0,0.0,0.0,0,(),0.0,0.0
89610,Center Drive,0.0,0.0,0.0,0,(),0.0,0.0
89615,Center Drive,0.0,0.0,0.0,0,(),0.0,0.0
89620,Center Drive,0.0,0.0,0.0,0,(),0.0,0.0
89625,Center Drive,0.0,0.0,0.0,0,(),0.0,0.0
89630,Center Drive,0.0,0.0,0.0,0,(),0.0,0.0
89635,Center Drive,0.0,0.0,0.0,0,(),0.0,0.0
89640,Center Drive,0.0,0.0,0.0,0,(),0.0,0.0
89645,Center Drive,0.0,0.0,0.0,0,(),0.0,0.0
89650,Center Drive,0.0,0.0,0.0,0,(),0.0,0.0
89655,Center Drive,0.0,0.0,0.0,0,(),0.0,0.0
89660,Center Drive,0.0,0.0,0.0,0,(),0.0,0.0
89665,Center Drive,0.0,0.0,0.0,0,(),0.0,0.0
89670,Center Drive,0.0,0.0,0.0,0,(),0.0,0.0
89675,Center Drive,0.0,0.0,0.0,0,(),0.0,0.0
89680,Center Drive,0.0,0.0,0.0,0,(),0.0,0.0
89685,Center Drive,0.0,0.0,0.0,0,(),0.0,0.0
89690,Center Drive,0.0,0.0,0.0,0,(),0.0,0.0
89695,Center Drive,0.0,0.0,0.0,0,(),0.0,0.0
89700,Center Drive,0.0,0.0,0.0,0,(),0.0,0.0
89705,Center Drive,0.0,0.0,0.0,0,(),0.0,0.0
89710,Center Drive,0.0,0.0,0.0,0,(),0.0,0.0
89715,Center Drive,0.0,0.0,0.0,0,(),0.0,0.0
89720,Center Drive,0.0,0.0,0.0,0,(),0.0,0.0
89725,Center Drive,0.0,0.0,0.0,0,(),0.0,0.0
89730,Center Drive,0.0,0.0,0.0,0,(),0.0,0.0
89735,Center Drive,0.0,0.0,0.0,0,(),0.0,0.0
89740,Center Drive,0.0,0.0,0.0,0,(),0.0,0.0
89745,Center Drive,0.0,0.0,0.0,0,(),0.0,0.0
89750,Center Drive,0.0,0.0,0.0,0,(),0.0,0.0
89755,Center Drive,0.0,0.0,0.0,0,(),0.0,0.0
89760,Center Drive,0.0,0.0,0.0,0,(),0.0,0.0
89765,Center Drive,0.0,0.0,0.0,0,(),0.0,0.0
89770,Center Drive,0.0,0.0,0.0,0,(),0.0,0.0
89775,Center Drive,0.0,0.0,0.0,0,(),0.0,0.0
89780,Center Drive,0.0,0.0,0.0,0,(),0.0,0.0
89785,Center Drive,0.0,0.0,0.0,0,(),0.0,0.0
89790,Center Drive,0.0,0.0,0.0,0,(),0.0,0.0
89795,Center Drive,0.0,0.0,0.0,0,(),0.0,0.0
89800,Center Drive,0.0,0.0,0.0,0,(),0.0,0.0
89805,Center Drive,0.0,0.0,0.0,0,(),0.0,0.0
89810,Center Drive,0.0,0.0,0.0,0,(),0.0,0.0
89815,Center Drive,0.0,0.0,0.0,0,(),0.0,0.0
89820,Center Drive,0.0,0.0,0.0,0,(),0.0,0.0
89825,Center Drive,0.0,0.0,0.0,0,(),0.0,0.0
89830,Center Drive,0.0,0.0,0.0,0,(),0.0,0.0
89835,Center Drive,0.0,0.0,0.0,0,(),0.0,0.0
89840,Center Drive,0.0,0.0,0.0,0,(),0.0,0.0
89845,Center Drive,0.0,0.0,0.0,0,(),0.0,0.0
89850,Center Drive,0.0,0.0,0.0,0,(),0.0,0.0
89855,Center Drive,0.0,0.0,0.0,0,(),0.0,0.0
89860,Center Drive,0.0,0.0,0.0,0,(),0.0,0.0
89865,Center Drive,0.0,0.0,0.0,0,(),0.0,0.0
89870,Center Drive,0.0,0.0,0.0,0,(),0.0,0.0
89875,Center Drive,0.0,0.0,0.0,0,(),0.0,0.0
89880,Center Drive,0.0,0.0,0.0,0,(),0.0,0.0
89885,Center Drive,0.0,0.0,0.0,0,(),0.0,0.0
89890,Center Drive,0.0,0.0,0.0,0,(),0.0,0.0
89895,Center Drive,0.0,0.0,0.0,0,(),0.0,0.0
89900,Center Drive,0.0,0.0,0.0,0,(),0.0,0.0
89905,Center Drive,0.0,0.0,0.0,0,(),0.0,0.0
89910,Center Drive,0.0,0.0,0.0,0,(),0.0,0.0
89915,Center Drive,0.0,0.0,0.0,0,(),0.0,0.0
89920,Center Drive,0.0,0.0,0.0,0,(),0.0,0.0
89925,Center Drive,0.0,0.0,0.0,0,(),0.0,0.0
89930,Center Drive,0.0,0.0,0.0,0,(),0.0,0.0
89935,Center Drive,0.0,0.0,0.0,0,(),0.0,0.0
89940,Center Drive,0.0,0.0,0.0,0,(),0.0,0.0
89945,Center Drive,0.0,0.0,0.0,0,(),0.0,0.0
89950,Center Drive,0.0,0.0,0.0,0,(),0.0,0.0
89955,Center Drive,0.0,0.0,0.0,0,(),0.0,0.0
89960,Center Drive,0.0,0.0,0.0,0,(),0.0,0.0
89965,Center Drive,0.0,0.0,0.0,0,(),0.0,0.0
89970,Center Drive,0.0,0.0,0.0,0,(),0.0,0.0
89975,Center Drive,0.0,0.0,0.0,0,(),0.0,0.0
89980,Center Drive,0.0,0.0,0.0,0,(),0.0,0.0
89985,Center Drive,0.0,0.0,0.0,0,(),0.0,0.0
89990,Center Drive,0.0,0.0,0.0,0,(),0.0,0.0
89995,Center Drive,0.0,0.0,0.0,0,(),0.0,0.0
90000,Center Drive,0.0,0.0,0.0,0,(),0.0,0.0
90005,Center Drive,0.0,0.0,0.0,0,(),0.0,0.0
90010,Center Drive,0.0,0.0,0.0,0,(),0.0,0.0
90015,Center Drive,0.0,0.0,0.0,0,(),0.0,0.0
90020,Center Drive,0.0,0.0,0.0,0,(),0.0,0.0
90025,Center Drive,0.0,0.0,0.0,0,(),0.0,0.0
90030,Center Drive,0.0,0.0,0.0,0,(),0.0,0.0
90035,Center Drive,0.0,0.0,0.0,0,(),0.0,0.0
90040,Center Drive,0.0,0.0,0.0,0,(),0.0,0.0
90045,Center Drive,0.0,0.0,0.0,0,(),0.0,0.0
90050,Center Drive,0.0,0.0,0.0,0,(),0.0,0.0
90055,Center Drive,0.0,0.0,0.0,0,(),0.0,0.0
90060,Center Drive,0.0,0.0,0.0,0,(),0.0,0.0
90065,Center Drive,0.0,0.0,0.0,0,(),0.0,0.0
90070,Center Drive,0.0,0.0,0.0,0,(),0.0,0.0
90075,Center Drive,0.0,0.0,0.0,0,(),0.0,0.0
90080,Center Drive,0.0,0.0,0.0,0,(),0.0,0.0
90085,Center Drive,0.0,0.0,0.0,0,(),0.0,0.0
90090,Center Drive,0.0,0.0,0.0,0,(),0.0,0.0
90095,Center Drive,0.0,0.0,0.0,0,(),0.0,0.0
90100,Center Drive,0.0,0.0,0.0,0,(),0.0,0.0
90105,Center Drive,0.0,0.0,0.0,0,(),0.0,0.0
90110,Center Drive,0.0,0.0,0.0,0,(),0.0,0.0
90115,Center Drive,0.0,0.0,0.0,0,(),0.0,0.0
90120,Center Drive,0.0,0.0,0.0,0,(),0.0,0.0
90125,Center Drive,0.0,0.0,0.0,0,(),0.0,0.0
90130,Center Drive,0.0,0.0,0.0,0,(),0.0,0.0
90135,Center Drive,0.0,0.0,0.0,0,(),0.0,0.0
90140,Center Drive,0.0,0.0,0.0,0,(),0.0,0.0
90145,Center Drive,0.0,0.0,0.0,0,(),0.0,0.0
90150,Center Drive,0.0,0.0,0.0,0,(),0.0,0.0
90155,Center Drive,0.0,0.0,0.0,0,(),0.0,0.0
90160,Center Drive,0.0,0.0,0.0,0,(),0.0,0.0
90165,Center Drive,0.0,0.0,0.0,0,(),0.0,0.0
90170,Center Drive,0.0,0.0,0.0,0,(),0.0,0.0
90175,Center Drive,0.0,0.0,0.0,0,(),0.0,0.0
90180,Center Drive,0.0,0.0,0.0,0,(),0.0,0.0
90185,Center Drive,0.0,0.0,0.0,0,(),0.0,0.0
90190,Center Drive,0.0,0.0,0.0,0,(),0.0,0.0
90195,Center Drive,0.0,0.0,0.0,0,(),0.0,0.0
90200,Center Drive,0.0,0.0,0.0,0,(),0.0,0.0
90205,Center Drive,0.0,0.0,0.0,0,(),0.0,0.0
90210,Center Drive,0.0,0.0,0.0,0,(),0.0,0.0
90215,Center Drive,0.0,0.0,0.0,0,(),0.0,0.0
90220,Center Drive,0.0,0.0,0.0,0,(),0.0,0.0
90225,Center Drive,0.0,0.0,0.0,0,(),0.0,0.0
90230,Center Drive,0.0,0.0,0.0,0,(),0.0,0.0
90235,Center Drive,0.0,0.0,0.0,0,(),0.0,0.0
90240,Center Drive,0.0,0.0,0.0,0,(),0.0,0.0
90245,Center Drive,0.0,0.0,0.0,0,(),0.0,0.0
90250,Center Drive,0.0,0.0,0.0,0,(),0.0,0.0
90255,Center Drive,0.0,0.0,0.0,0,(),0.0,0.0
90260,Center Drive,0.0,0.0,0.0,0,(),0.0,0.0
90265,Center Drive,0.0,0.0,0.0,0,(),0.0,0.0
90270,Center Drive,0.0,0.0,0.0,0,(),0.0,0.0
90275,Center Drive,0.0,0.0,0.0,0,(),0.0,0.0
90280,Center Drive,0.0,0.0,0.0,0,(),0.0,0.0
90285,Center Drive,0.0,0.0,0.0,0,(),0.0,0.0
90290,Center Drive,0.0,0.0,0.0,0,(),0.0,0.0
90295,Center Drive,0.0,0.0,0.0,0,(),0.0,0.0
90300,Center Drive,0.0,0.0,0.0,0,(),0.0,0.0
90305,Center Drive,0.0,0.0,0.0,0,(),0.0,0.0
90310,Center Drive,0.0,0.0,0.0,0,(),0.0,0.0
90315,Center Drive,0.0,0.0,0.0,0,(),0.0,0.0
90320,Center Drive,0.0,0.0,0.0,0,(),0.0,0.0
90325,Center Drive,0.0,0.0,0.0,0,(),0.0,0.0
90330,Center Drive,0.0,0.0,0.0,0,(),0.0,0.0
90335,Center Drive,0.0,0.0,0.0,0,(),0.0,0.0
90340,Center Drive,0.0,0.0,0.0,0,(),0.0,0.0
90345,Center Drive,0.0,0.0,0.0,0,(),0.0,0.0
90350,Center Drive,0.0,0.0,0.0,0,(),0.0,0.0
90355,Center Drive,0.0,0.0,0.0,0,(),0.0,0.0
90360,Center Drive,0.0,0.0,0.0,0,(),0.0,0.0
90365,Center Drive,0.0,0.0,0.0,0,(),0.0,0.0
90370,Center Drive,0.0,0.0,0.0,0,(),0.0,0.0
90375,Center Drive,0.0,0.0,0.0,0,(),0.0,0.0
90380,Center Drive,0.0,0.0,0.0,0,(),0.0,0.0
90385,Center Drive,0.0,0.0,0.0,0,(),0.0,0.0
90390,Center Drive,0.0,0.0,0.0,0,(),0.0,0.0
90395,Center Drive,0.0,0.0,0.0,0,(),0.0,0.0
90400,Center Drive,0.0,0.0,0.0,0,(),0.0,0.0
90405,Center Drive,0.0,0.0,0.0,0,(),0.0,0.0
90410,Center Drive,0.0,0.0,0.0,0,(),0.0,0.0
90415,Center Drive,0.0,0.0,0.0,0,(),0.0,0.0
90420,Center Drive,0.0,0.0,0.0,0,(),0.0,0.0
90425,Center Drive,0.0,0.0,0.0,0,(),0.0,0.0
90430,Center Drive,0.0,0.0,0.0,0,(),0.0,0.0
90435,Center Drive,0.0,0.0,0.0,0,(),0.0,0.0
90440,Center Drive,0.0,0.0,0.0,0,(),0.0,0.0
90445,Center Drive,0.0,0.0,0.0,0,(),0.0,0.0
90450,Center Drive,0.0,0.0,0.0,0,(),0.0,0.0
90455,Center Drive,0.0,0.0,0.0,0,(),0.0,0.0
90460,Center Drive,0.0,0.0,0.0,0,(),0.0,0.0
90465,Center Drive,0.0,0.0,0.0,0,(),0.0,0.0
90470,Center Drive,0.0,0.0,0.0,0,(),0.0,0.0
90475,Center Drive,0.0,0.0,0.0,0,(),0.0,0.0
90480,Center Drive,0.0,0.0,0.0,0,(),0.0,0.0
90485,Center Drive,0.0,0.0,0.0,0,(),0.0,0.0
90490,Center Drive,0.0,0.0,0.0,0,(),0.0,0.0
90495,Center Drive,0.0,0.0,0.0,0,(),0.0,0.0
90500,Center Drive,0.0,0.0,0.0,0,(),0.0,0.0
90505,Center Drive,0.0,0.0,0.0,0,(),0.0,0.0
90510,Center Drive,0.0,0.0,0.0,0,(),0.0,0.0
90515,Center Drive,0.0,0.0,0.0,0,(),0.0,0.0
90520,Center Drive,0.0,0.0,0.0,0,(),0.0,0.0
90525,Center Drive,0.0,0.0,0.0,0,(),0.0,0.0
90530,Center Drive,0.0,0.0,0.0,0,(),0.0,0.0
90535,Center Drive,0.0,0.0,0.0,0,(),0.0,0.0
90540,Center Drive,0.0,0.0,0.0,0,(),0.0,0.0
90545,Center Drive,0.0,0.0,0.0,0,(),0.0,0.0
90550,Center Drive,0.0,0.0,0.0,0,(),0.0,0.0
90555,Center Drive,0.0,0.0,0.0,0,(),0.0,0.0
90560,Center Drive,0.0,0.0,0.0,0,(),0.0,0.0
90565,Center Drive,0.0,0.0,0.0,0,(),0.0,0.0
90570,Center Drive,0.0,0.0,0.0,0,(),0.0,0.0
90575,Center Drive,0.0,0.0,0.0,0,(),0.0,0.0
90580,Center Drive,0.0,0.0,0.0,0,(),0.0,0.0
90585,Center Drive,0.0,0.0,0.0,0,(),0.0,0.0
90590,Center Drive,0.0,0.0,0.0,0,(),0.0,0.0
90595,Center Drive,0.0,0.0,0.0,0,(),0.0,0.0
90600,Center Drive,0.0,0.0,0.0,0,(),0.0,0.0
90605,Center Drive,0.0,0.0,0.0,0,(),0.0,0.0
90610,Center Drive,0.0,0.0,0.0,0,(),0.0,0.0
90615,Center Drive,0.0,0.0,0.0,0,(),0.0,0.0
90620,Center Drive,0.0,0.0,0.0,0,(),0.0,0.0
90625,Center Drive,0.0,0.0,0.0,0,(),0.0,0.0
90630,Center Drive,0.0,0.0,0.0,0,(),0.0,0.0
90635,Center Drive,0.0,0.0,0.0,0,(),0.0,0.0
90640,Center Drive,0.0,0.0,0.0,0,(),0.0,0.0
90645,Center Drive,0.0,0.0,0.0,0,(),0.0,0.0
90650,Center Drive,0.0,0.0,0.0,0,(),0.0,0.0
90655,Center Drive,0.0,0.0,0.0,0,(),0.0,0.0
90660,Center Drive,0.0,0.0,0.0,0,(),0.0,0.0
90665,Center Drive,0.0,0.0,0.0,0,(),0.0,0.0
90670,Center Drive,0.0,0.0,0.0,0,(),0.0,0.0
90675,Center Drive,0.0,0.0,0.0,0,(),0.0,0.0
90680,Center Drive,0.0,0.0,0.0,0,(),0.0,0.0
90685,Center Drive,0.0,0.0,0.0,0,(),0.0,0.0
90690,Center Drive,0.0,0.0,0.0,0,(),0.0,0.0
90695,Center Drive,0.0,0.0,0.0,0,(),0.0,0.0
90700,Center Drive,0.0,0.0,0.0,0,(),0.0,0.0
90705,Center Drive,0.0,0.0,0.0,0,(),0.0,0.0
90710,Center Drive,0.0,0.0,0.0,0,(),0.0,0.0
90715,Center Drive,0.0,0.0,0.0,0,(),0.0,0.0
90720,Center Drive,0.0,0.0,0.0,0,(),0.0,0.0
90725,Center Drive,0.0,0.0,0.0,0,(),0.0,0.0
90730,Center Drive,0.0,0.0,0.0,0,(),0.0,0.0
90735,Center Drive,0.0,0.0,0.0,0,(),0.0,0.0
90740,Center Drive,0.0,0.0,0.0,0,(),0.0,0.0
90745,Center Drive,0.0,0.0,0.0,0,(),0.0,0.0
90750,Center Drive,0.0,0.0,0.0,0,(),0.0,0.0
90755,Center Drive,0.0,0.0,0.0,0,(),0.0,0.0
90760,Center Drive,0.0,0.0,0.0,0,(),0.0,0.0
90765,Center Drive,0.0,0.0,0.0,0,(),0.0,0.0
90770,Center Drive,0.0,0.0,0.0,0,(),0.0,0.0
90775,Center Drive,0.0,0.0,0.0,0,(),0.0,0.0
90780,Center Drive,0.0,0.0,0.0,0,(),0.0,0.0
90785,Center Drive,0.0,0.0,0.0,0,(),0.0,0.0
90790,Center Drive,0.0,0.0,0.0,0,(),0.0,0.0
90795,Center Drive,0.0,0.0,0.0,0,(),0.0,0.0
90800,Center Drive,0.0,0.0,0.0,0,(),0.0,0.0
90805,Center Drive,0.0,0.0,0.0,0,(),0.0,0.0
90810,Center Drive,0.0,0.0,0.0,0,(),0.0,0.0
90815,Center Drive,0.0,0.0,0.0,0,(),0.0,0.0
90820,Center Drive,0.0,0.0,0.0,0,(),0.0,0.0
90825,Center Drive,0.0,0.0,0.0,0,(),0.0,0.0
90830,Center Drive,0.0,0.0,0.0,0,(),0.0,0.0
90835,Center Drive,0.0,0.0,0.0,0,(),0.0,0.0
90840,Center Drive,0.0,0.0,0.0,0,(),0.0,0.0
90845,Center Drive,0.0,0.0,0.0,0,(),0.0,0.0
90850,Center Drive,0.0,0.0,0.0,0,(),0.0,0.0
90855,Center Drive,0.0,0.0,0.0,0,(),0.0,0.0
90860,Center Drive,0.0,0.0,0.0,0,(),0.0,0.0
90865,Center Drive,0.0,0.0,0.0,0,(),0.0,0.0
90870,Center Drive,0.0,0.0,0.0,0,(),0.0,0.0
90875,Center Drive,0.0,0.0,0.0,0,(),0.0,0.0
90880,Center Drive,0.0,0.0,0.0,0,(),0.0,0.0
90885,Center Drive,0.0,0.0,0.0,0,(),0.0,0.0
90890,Center Drive,0.0,0.0,0.0,0,(),0.0,0.0
90895,Center Drive,0.0,0.0,0.0,0,(),0.0,0.0
90900,Center Drive,0.0,0.0,0.0,0,(),0.0,0.0
90905,Center Drive,0.0,0.0,0.0,0,(),0.0,0.0
90910,Center Drive,0.0,0.0,0.0,0,(),0.0,0.0
90915,Center Drive,0.0,0.0,0.0,0,(),0.0,0.0
90920,Center Drive,0.0,0.0,0.0,0,(),0.0,0.0
90925,Center Drive,0.0,0.0,0.0,0,(),0.0,0.0
90930,Center Drive,0.0,0.0,0.0,0,(),0.0,0.0
90935,Center Drive,0.0,0.0,0.0,0,(),0.0,0.0
90940,Center Drive,0.0,0.0,0.0,0,(),0.0,0.0
90945,Center Drive,0.0,0.0,0.0,0,(),0.0,0.0
90950,Center Drive,0.0,0.0,0.0,0,(),0.0,0.0
90955,Center Drive,0.0,0.0,0.0,0,(),0.0,0.0
90960,Center Drive,0.0,0.0,0.0,0,(),0.0,0.0
90965,Center Drive,0.0,0.0,0.0,0,(),0.0,0.0
90970,Center Drive,0.0,0.0,0.0,0,(),0.0,0.0
90975,Center Drive,0.0,0.0,0.0,0,(),0.0,0.0
90980,Center Drive,0.0,0.0,0.0,0,(),0.0,0.0
90985,Center Drive,0.0,0.0,0.0,0,(),0.0,0.0
90990,Center Drive,0.0,0.0,0.0,0,(),0.0,0.0
90995,Center Drive,0.0,0.0,0.0,0,(),0.0,0.0
91000,Center Drive,0.0,0.0,0.0,0,(),0.0,0.0
91005,Center Drive,0.0,0.0,0.0,0,(),0.0,0.0
91010,Center Drive,0.0,0.0,0.0,0,(),0.0,0.0
91015,Center Drive,0.0,0.0,0.0,0,(),0.0,0.0
91020,Center Drive,0.0,0.0,0.0,0,(),0.0,0.0
91025,Center Drive,0.0,0.0,0.0,0,(),0.0,0.0
91030,Center Drive,0.0,0.0,0.0,0,(),0.0,0.0
91035,Center Drive,0.0,0.0,0.0,0,(),0.0,0.0
91040,Center Drive,0.0,0.0,0.0,0,(),0.0,0.0
91045,Center Drive,0.0,0.0,0.0,0,(),0.0,0.0
91050,Center Drive,0.0,0.0,0.0,0,(),0.0,0.0
91055,Center Drive,0.0,0.0,0.0,0,(),0.0,0.0
91060,Center Drive,0.0,0.0,0.0,0,(),0.0,0.0
91065,Center Drive,0.0,0.0,0.0,0,(),0.0,0.0
91070,Center Drive,0.0,0.0,0.0,0,(),0.0,0.0
91075,Center Drive,0.0,0.0,0.0,0,(),0.0,0.0
91080,Center Drive,0.0,0.0,0.0,0,(),0.0,0.0
91085,Center Drive,0.0,0.0,0.0,0,(),0.0,0.0
91090,Center Drive,0.0,0.0,0.0,0,(),0.0,0.0
91095,Center Drive,0.0,0.0,0.0,0,(),0.0,0.0
91100,Center Drive,0.0,0.0,0.0,0,(),0.0,0.0
91105,Center Drive,0.0,0.0,0.0,0,(),0.0,0.0
91110,Center Drive,0.0,0.0,0.0,0,(),0.0,0.0
91115,Center Drive,0.0,0.0,0.0,0,(),0.0,0.0
91120,Center Drive,0.0,0.0,0.0,0,(),0.0,0.0
91125,Center Drive,0.0,0.0,0.0,0,(),0.0,0.0
91130,Center Drive,0.0,0.0,0.0,0,(),0.0,0.0
91135,Center Drive,0.0,0.0,0.0,0,(),0.0,0.0
91140,Center Drive,0.0,0.0,0.0,0,(),0.0,0.0
91145,Center Drive,0.0,0.0,0.0,0,(),0.0,0.0
91150,Center Drive,0.0,0.0,0.0,0,(),0.0,0.0
91155,Center Drive,0.0,0.0,0.0,0,(),0.0,0.0
91160,Center Drive,0.0,0.0,0.0,0,(),0.0,0.0
91165,Center Drive,0.0,0.0,0.0,0,(),0.0,0.0
91170,Center Drive,0.0,0.0,0.0,0,(),0.0,0.0
91175,Center Drive,0.0,0.0,0.0,0,(),0.0,0.0
91180,Center Drive,0.0,0.0,0.0,0,(),0.0,0.0
91185,Center Drive,0.0,0.0,0.0,0,(),0.0,0.0
91190,Center Drive,0.0,0.0,0.0,0,(),0.0,0.0
91195,Center Drive,0.0,0.0,0.0,0,(),0.0,0.0
91200,Center Drive,0.0,0.0,0.0,0,(),0.0,0.0
91205,Center Drive,0.0,0.0,0.0,0,(),0.0,0.0
91210,Center Drive,0.0,0.0,0.0,0,(),0.0,0.0
91215,Center Drive,0.0,0.0,0.0,0,(),0.0,0.0
91220,Center Drive,0.0,0.0,0.0,0,(),0.0,0.0
91225,Center Drive,0.0,0.0,0.0,0,(),0.0,0.0
91230,Center Drive,0.0,0.0,0.0,0,(),0.0,0.0
91235,Center Drive,0.0,0.0,0.0,0,(),0.0,0.0
91240,Center Drive,0.0,0.0,0.0,0,(),0.0,0.0
91245,Center Drive,0.0,0.0,0.0,0,(),0.0,0.0
91250,Center Drive,0.0,0.0,0.0,0,(),0.0,0.0
91255,Center Drive,0.0,0.0,0.0,0,(),0.0,0.0
91260,Center Drive,0.0,0.0,0.0,0,(),0.0,0.0
91265,Center Drive,0.0,0.0,0.0,0,(),0.0,0.0
91270,Center Drive,0.0,0.0,0.0,0,(),0.0,0.0
91275,Center Drive,0.0,0.0,0.0,0,(),0.0,0.0
91280,Center Drive,0.0,0.0,0.0,0,(),0.0,0.0
91285,Center Drive,0.0,0.0,0.0,0,(),0.0,0.0
91290,Center Drive,0.0,0.0,0.0,0,(),0.0,0.0
91295,Center Drive,0.0,0.0,0.0,0,(),0.0,0.0
91300,Center Drive,0.0,0.0,0.0,0,(),0.0,0.0
91305,Center Drive,0.0,0.0,0.0,0,(),0.0,0.0
91310,Center Drive,0.0,0.0,0.0,0,(),0.0,0.0
91315,Center Drive,0.0,0.0,0.0,0,(),0.0,0.0
91320,Center Drive,0.0,0.0,0.0,0,(),0.0,0.0
91325,Center Drive,0.0,0.0,0.0,0,(),0.0,0.0
91330,Center Drive,0.0,0.0,0.0,0,(),0.0,0.0
91335,Center Drive,0.0,0.0,0.0,0,(),0.0,0.0
91340,Center Drive,0.0,0.0,0.0,0,(),0.0,0.0
91345,Center Drive,0.0,0.0,0.0,0,(),0.0,0.0
91350,Center Drive,0.0,0.0,0.0,0,(),0.0,0.0
91355,Center Drive,0.0,0.0,0.0,0,(),0.0,0.0
91360,Center Drive,0.0,0.0,0.0,0,(),0.0,0.0
91365,Center Drive,0.0,0.0,0.0,0,(),0.0,0.0
91370,Center Drive,0.0,0.0,0.0,0,(),0.0,0.0
91375,Center Drive,0.0,0.0,0.0,0,(),0.0,0.0
91380,Center Drive,0.0,0.0,0.0,0,(),0.0,0.0
91385,Center Drive,0.0,0.0,0.0,0,(),0.0,0.0
91390,Center Drive,0.0,0.0,0.0,0,(),0.0,0.0
91395,Center Drive,0.0,0.0,0.0,0,(),0.0,0.0
91400,Center Drive,0.0,0.0,0.0,0,(),0.0,0.0
91405,Center Drive,0.0,0.0,0.0,0,(),0.0,0.0
91410,Center Drive,0.0,0.0,0.0,0,(),0.0,0.0
91415,Center Drive,0.0,0.0,0.0,0,(),0.0,0.0
91420,Center Drive,0.0,0.0,0.0,0,(),0.0,0.0
91425,Center Drive,0.0,0.0,0.0,0,(),0.0,0.0
91430,Center Drive,0.0,0.0,0.0,0,(),0.0,0.0
91435,Center Drive,0.0,0.0,0.0,0,(),0.0,0.0
91440,Center Drive,0.0,0.0,0.0,0,(),0.0,0.0
91445,Center Drive,0.0,0.0,0.0,0,(),0.0,0.0
91450,Center Drive,0.0,0.0,0.0,0,(),0.0,0.0
91455,Center Drive,0.0,0.0,0.0,0,(),0.0,0.0
91460,Center Drive,0.0,0.0,0.0,0,(),0.0,0.0
91465,Center Drive,0.0,0.0,0.0,0,(),0.0,0.0
91470,Center Drive,0.0,0.0,0.0,0,(),0.0,0.0
91475,Center Drive,0.0,0.0,0.0,0,(),0.0,0.0
91480,Center Drive,0.0,0.0,0.0,0,(),0.0,0.0
91485,Center Drive,0.0,0.0,0.0,0,(),0.0,0.0
91490,Center Drive,0.0,0.0,0.0,0,(),0.0,0.0
91495,Center Drive,0.0,0.0,0.0,0,(),0.0,0.0
91500,Center Drive,0.0,0.0,0.0,0,(),0.0,0.0
91505,Center Drive,0.0,0.0,0.0,0,(),0.0,0.0
91510,Center Drive,0.0,0.0,0.0,0,(),0.0,0.0
91515,Center Drive,0.0,0.0,0.0,0,(),0.0,0.0
91520,Center Drive,0.0,0.0,0.0,0,(),0.0,0.0
91525,Center Drive,0.0,0.0,0.0,0,(),0.0,0.0
91530,Center Drive,0.0,0.0,0.0,0,(),0.0,0.0
91535,Center Drive,0.0,0.0,0.0,0,(),0.0,0.0
91540,Center Drive,0.0,0.0,0.0,0,(),0.0,0.0
91545,Center Drive,0.0,0.0,0.0,0,(),0.0,0.0
91550,Center Drive,0.0,0.0,0.0,0,(),0.0,0.0
91555,Center Drive,0.0,0.0,0.0,0,(),0.0,0.0
91560,Center Drive,0.0,0.0,0.0,0,(),0.0,0.0
91565,Center Drive,0.0,0.0,0.0,0,(),0.0,0.0
91570,Center Drive,0.0,0.0,0.0,0,(),0.0,0.0
91575,Center Drive,0.0,0.0,0.0,0,(),0.0,0.0
91580,Center Drive,0.0,0.0,0.0,0,(),0.0,0.0
91585,Center Drive,0.0,0.0,0.0,0,(),0.0,0.0
91590,Center Drive,0.0,0.0,0.0,0,(),0.0,0.0
91595,Center Drive,0.0,0.0,0.0,0,(),0.0,0.0
91600,Center Drive,0.0,0.0,0.0,0,(),0.0,0.0
91605,Center Drive,0.0,0.0,0.0,0,(),0.0,0.0
91610,Center Drive,0.0,0.0,0.0,0,(),0.0,0.0
91615,Center Drive,0.0,0.0,0.0,0,(),0.0,0.0
91620,Center Drive,0.0,0.0,0.0,0,(),0.0,0.0
91625,Center Drive,0.0,0.0,0.0,0,(),0.0,0.0
91630,Center Drive,0.0,0.0,0.0,0,(),0.0,0.0
91635,Center Drive,0.0,0.0,0.0,0,(),0.0,0.0
91640,Center Drive,0.0,0.0,0.0,0,(),0.0,0.0
91645,Center Drive,0.0,0.0,0.0,0,(),0.0,0.0
91650,Center Drive,0.0,0.0,0.0,0,(),0.0,0.0
91655,Center Drive,0.0,0.0,0.0,0,(),0.0,0.0
91660,Center Drive,0.0,0.0,0.0,0,(),0.0,0.0
91665,Center Drive,0.0,0.0,0.0,0,(),0.0,0.0
91670,Center Drive,0.0,0.0,0.0,0,(),0.0,0.0
91675,Center Drive,0.0,0.0,0.0,0,(),0.0,0.0
91680,Center Drive,0.0,0.0,0.0,0,(),0.0,0.0
91685,Center Drive,0.0,0.0,0.0,0,(),0.0,0.0
91690,Center Drive,0.0,0.0,0.0,0,(),0.0,0.0
91695,Center Drive,0.0,0.0,0.0,0,(),0.0,0.0
91700,Center Drive,0.0,0.0,0.0,0,(),0.0,0.0
91705,Center Drive,0.0,0.0,0.0,0,(),0.0,0.0
91710,Center Drive,0.0,0.0,0.0,0,(),0.0,0.0
91715,Center Drive,0.0,0.0,0.0,0,(),0.0,0.0
91720,Center Drive,0.0,0.0,0.0,0,(),0.0,0.0
91725,Center Drive,0.0,0.0,0.0,0,(),0.0,0.0
91730,Center Drive,0.0,0.0,0.0,0,(),0.0,0.0
91735,Center Drive,0.0,0.0,0.0,0,(),0.0,0.0
91740,Center Drive,0.0,0.0,0.0,0,(),0.0,0.0
91745,Center Drive,0.0,0.0,0.0,0,(),0.0,0.0
91750,Center Drive,0.0,0.0,0.0,0,(),0.0,0.0
91755,Center Drive,0.0,0.0,0.0,0,(),0.0,0.0
91760,Center Drive,0.0,0.0,0.0,0,(),0.0,0.0
91765,Center Drive,0.0,0.0,0.0,0,(),0.0,0.0
91770,Center Drive,0.0,0.0,0.0,0,(),0.0,0.0
91775,Center Drive,0.0,0.0,0.0,0,(),0.0,0.0
91780,Center Drive,0.0,0.0,0.0,0,(),0.0,0.0
91785,Center Drive,0.0,0.0,0.0,0,(),0.0,0.0
91790,Center Drive,0.0,0.0,0.0,0,(),0.0,0.0
91795,Center Drive,0.0,0.0,0.0,0,(),0.0,0.0
91800,Center Drive,0.0,0.0,0.0,0,(),0.0,0.0
91805,Center Drive,0.0,0.0,0.0,0,(),0.0,0.0
91810,Center Drive,0.0,0.0,0.0,0,(),0.0,0.0
91815,Center Drive,0.0,0.0,0.0,0,(),0.0,0.0
91820,Center Drive,0.0,0.0,0.0,0,(),0.0,0.0
91825,Center Drive,0.0,0.0,0.0,0,(),0.0,0.0
91830,Center Drive,0.0,0.0,0.0,0,(),0.0,0.0
91835,Center Drive,0.0,0.0,0.0,0,(),0.0,0.0
91840,Center Drive,0.0,0.0,0.0,0,(),0.0,0.0
91845,Center Drive,0.0,0.0,0.0,0,(),0.0,0.0
91850,Center Drive,0.0,0.0,0.0,0,(),0.0,0.0
91855,Center Drive,0.0,0.0,0.0,0,(),0.0,0.0
91860,Center Drive,0.0,0.0,0.0,0,(),0.0,0.0
91865,Center Drive,0.0,0.0,0.0,0,(),0.0,0.0
91870,Center Drive,0.0,0.0,0.0,0,(),0.0,0.0
91875,Center Drive,0.0,0.0,0.0,0,(),0.0,0.0
91880,Center Drive,0.0,0.0,0.0,0,(),0.0,0.0
91885,Center Drive,0.0,0.0,0.0,0,(),0.0,0.0
91890,Center Drive,0.0,0.0,0.0,0,(),0.0,0.0
91895,Center Drive,0.0,0.0,0.0,0,(),0.0,0.0
91900,Center Drive,0.0,0.0,0.0,0,(),0.0,0.0
91905,Center Drive,0.0,0.0,0.0,0,(),0.0,0.0
91910,Center Drive,0.0,0.0,0.0,0,(),0.0,0.0
91915,Center Drive,0.0,0.0,0.0,0,(),0.0,0.0
91920,Center Drive,0.0,0.0,0.0,0,(),0.0,0.0
91925,Center Drive,0.0,0.0,0.0,0,(),0.0,0.0
91930,Center Drive,0.0,0.0,0.0,0,(),0.0,0.0
91935,Center Drive,0.0,0.0,0.0,0,(),0.0,0.0
91940,Center Drive,0.0,0.0,0.0,0,(),0.0,0.0
91945,Center Drive,0.0,0.0,0.0,0,(),0.0,0.0
91950,Center Drive,0.0,0.0,0.0,0,(),0.0,0.0
91955,Center Drive,0.0,0.0,0.0,0,(),0.0,0.0
91960,Center Drive,0.0,0.0,0.0,0,(),0.0,0.0
91965,Center Drive,0.0,0.0,0.0,0,(),0.0,0.0
91970,Center Drive,0.0,0.0,0.0,0,(),0.0,0.0
91975,Center Drive,0.0,0.0,0.0,0,(),0.0,0.0
91980,Center Drive,0.0,0.0,0.0,0,(),0.0,0.0
91985,Center Drive,0.0,0.0,0.0,0,(),0.0,0.0
91990,Center Drive,0.0,0.0,0.0,0,(),0.0,0.0
91995,Center Drive,0.0,0.0,0.0,0,(),0.0,0.0
92000,Center Drive,0.0,0.0,0.0,0,(),0.0,0.0
92005,Center Drive,0.0,0.0,0.0,0,(),0.0,0.0
92010,Center Drive,0.0,0.0,0.0,0,(),0.0,0.0
92015,Center Drive,0.0,0.0,0.0,0,(),0.0,0.0
92020,Center Drive,0.0,0.0,0.0,0,(),0.0,0.0
92025,Center Drive,0.0,0.0,0.0,0,(),0.0,0.0
92030,Center Drive,0.0,0.0,0.0,0,(),0.0,0.0
92035,Center Drive,0.0,0.0,0.0,0,(),0.0,0.0
92040,Center Drive,0.0,0.0,0.0,0,(),0.0,0.0
92045,Center Drive,0.0,0.0,0.0,0,(),0.0,0.0
92050,Center Drive,0.0,0.0,0.0,0,(),0.0,0.0
92055,Center Drive,0.0,0.0,0.0,0,(),0.0,0.0
92060,Center Drive,0.0,0.0,0.0,0,(),0.0,0.0
92065,Center Drive,0.0,0.0,0.0,0,(),0.0,0.0
92070,Center Drive,0.0,0.0,0.0,0,(),0.0,0.0
92075,Center Drive,0.0,0.0,0.0,0,(),0.0,0.0
92080,Center Drive,0.0,0.0,0.0,0,(),0.0,0.0
92085,Center Drive,0.0,0.0,0.0,0,(),0.0,0.0
92090,Center Drive,0.0,0.0,0.0,0,(),0.0,0.0
92095,Center Drive,0.0,0.0,0.0,0,(),0.0,0.0
92100,Center Drive,0.0,0.0,0.0,0,(),0.0,0.0
92105,Center Drive,0.0,0.0,0.0,0,(),0.0,0.0
92110,Center Drive,0.0,0.0,0.0,0,(),0.0,0.0
92115,Center Drive,0.0,0.0,0.0,0,(),0.0,0.0
92120,Center Drive,0.0,0.0,0.0,0,(),0.0,0.0
92125,Center Drive,0.0,0.0,0.0,0,(),0.0,0.0
92130,Center Drive,0.0,0.0,0.0,0,(),0.0,0.0
92135,Center Drive,0.0,0.0,0.0,0,(),0.0,0.0
92140,Center Drive,0.0,0.0,0.0,0,(),0.0,0.0
92145,Center Drive,0.0,0.0,0.0,0,(),0.0,0.0
92150,Center Drive,0.0,0.0,0.0,0,(),0.0,0.0
92155,Center Drive,0.0,0.0,0.0,0,(),0.0,0.0
92160,Center Drive,0.0,0.0,0.0,0,(),0.0,0.0
92165,Center Drive,0.0,0.0,0.0,0,(),0.0,0.0
92170,Center Drive,0.0,0.0,0.0,0,(),0.0,0.0
92175,Center Drive,0.0,0.0,0.0,0,(),0.0,0.0
92180,Center Drive,0.0,0.0,0.0,0,(),0.0,0.0
92185,Center Drive,0.0,0.0,0.0,0,(),0.0,0.0
92190,Center Drive,0.0,0.0,0.0,0,(),0.0,0.0
92195,Center Drive,0.0,0.0,0.0,0,(),0.0,0.0
92200,Center Drive,0.0,0.0,0.0,0,(),0.0,0.0
92205,Center Drive,0.0,0.0,0.0,0,(),0.0,0.0
92210,Center Drive,0.0,0.0,0.0,0,(),0.0,0.0
92215,Center Drive,0.0,0.0,0.0,0,(),0.0,0.0
92220,Center Drive,0.0,0.0,0.0,0,(),0.0,0.0
92225,Center Drive,0.0,0.0,0.0,0,(),0.0,0.0
92230,Center Drive,0.0,0.0,0.0,0,(),0.0,0.0
92235,Center Drive,0.0,0.0,0.0,0,(),0.0,0.0
92240,Center Drive,0.0,0.0,0.0,0,(),0.0,0.0
92245,Center Drive,0.0,0.0,0.0,0,(),0.0,0.0
92250,Center Drive,0.0,0.0,0.0,0,(),0.0,0.0
92255,Center Drive,0.0,0.0,0.0,0,(),0.0,0.0
92260,Center Drive,0.0,0.0,0.0,0,(),0.0,0.0
92265,Center Drive,0.0,0.0,0.0,0,(),0.0,0.0
92270,Center Drive,0.0,0.0,0.0,0,(),0.0,0.0
92275,Center Drive,0.0,0.0,0.0,0,(),0.0,0.0
92280,Center Drive,0.0,0.0,0.0,0,(),0.0,0.0
92285,Center Drive,0.0,0.0,0.0,0,(),0.0,0.0
92290,Center Drive,0.0,0.0,0.0,0,(),0.0,0.0
92295,Center Drive,0.0,0.0,0.0,0,(),0.0,0.0
92300,Center Drive,0.0,0.0,0.0,0,(),0.0,0.0
92305,Center Drive,0.0,0.0,0.0,0,(),0.0,0.0
92310,Center Drive,0.0,0.0,0.0,0,(),0.0,0.0
92315,Center Drive,0.0,0.0,0.0,0,(),0.0,0.0
92320,Center Drive,0.0,0.0,0.0,0,(),0.0,0.0
92325,Center Drive,0.0,0.0,0.0,0,(),0.0,0.0
92330,Center Drive,0.0,0.0,0.0,0,(),0.0,0.0
92335,Center Drive,0.0,0.0,0.0,0,(),0.0,0.0
92340,Center Drive,0.0,0.0,0.0,0,(),0.0,0.0
92345,Center Drive,0.0,0.0,0.0,0,(),0.0,0.0
92350,Center Drive,0.0,0.0,0.0,0,(),0.0,0.0
92355,Center Drive,0.0,0.0,0.0,0,(),0.0,0.0
92360,Center Drive,0.0,0.0,0.0,0,(),0.0,0.0
92365,Center Drive,0.0,0.0,0.0,0,(),0.0,0.0
92370,Center Drive,0.0,0.0,0.0,0,(),0.0,0.0
92375,Center Drive,0.0,0.0,0.0,0,(),0.0,0.0
92380,Center Drive,0.0,0.0,0.0,0,(),0.0,0.0
92385,Center Drive,0.0,0.0,0.0,0,(),0.0,0.0
92390,Center Drive,0.0,0.0,0.0,0,(),0.0,0.0
92395,Center Drive,0.0,0.0,0.0,0,(),0.0,0.0
92400,Center Drive,0.0,0.0,0.0,0,(),0.0,0.0
92405,Center Drive,0.0,0.0,0.0,0,(),0.0,0.0
92410,Center Drive,0.0,0.0,0.0,0,(),0.0,0.0
92415,Center Drive,0.0,0.0,0.0,0,(),0.0,0.0
92420,Center Drive,0.0,0.0,0.0,0,(),0.0,0.0
92425,Center Drive,0.0,0.0,0.0,0,(),0.0,0.0
92430,Center Drive,0.0,0.0,0.0,0,(),0.0,0.0
92435,Center Drive,0.0,0.0,0.0,0,(),0.0,0.0
92440,Center Drive,0.0,0.0,0.0,0,(),0.0,0.0
92445,Center Drive,0.0,0.0,0.0,0,(),0.0,0.0
92450,Center Drive,0.0,0.0,0.0,0,(),0.0,0.0
92455,Center Drive,0.0,0.0,0.0,0,(),0.0,0.0
92460,Center Drive,0.0,0.0,0.0,0,(),0.0,0.0
92465,Center Drive,0.0,0.0,0.0,0,(),0.0,0.0
92470,Center Drive,0.0,0.0,0.0,0,(),0.0,0.0
92475,Center Drive,0.0,0.0,0.0,0,(),0.0,0.0
92480,Center Drive,0.0,0.0,0.0,0,(),0.0,0.0
92485,Center Drive,0.0,0.0,0.0,0,(),0.0,0.0
92490,Center Drive,0.0,0.0,0.0,0,(),0.0,0.0
92495,Center Drive,0.0,0.0,0.0,0,(),0.0,0.0
92500,Center Drive,0.0,0.0,0.0,0,(),0.0,0.0
92505,Center Drive,0.0,0.0,0.0,0,(),0.0,0.0
92510,Center Drive,0.0,0.0,0.0,0,(),0.0,0.0
92515,Center Drive,0.0,0.0,0.0,0,(),0.0,0.0
92520,Center Drive,0.0,0.0,0.0,0,(),0.0,0.0
92525,Center Drive,0.0,0.0,0.0,0,(),0.0,0.0
92530,Center Drive,0.0,0.0,0.0,0,(),0.0,0.0
92535,Center Drive,0.0,0.0,0.0,0,(),0.0,0.0
92540,Center Drive,0.0,0.0,0.0,0,(),0.0,0.0
92545,Center Drive,0.0,0.0,0.0,0,(),0.0,0.0
92550,Center Drive,0.0,0.0,0.0,0,(),0.0,0.0
92555,Center Drive,0.0,0.0,0.0,0,(),0.0,0.0
92560,Center Drive,0.0,0.0,0.0,0,(),0.0,0.0
92565,Center Drive,0.0,0.0,0.0,0,(),0.0,0.0
92570,Center Drive,0.0,0.0,0.0,0,(),0.0,0.0
92575,Center Drive,0.0,0.0,0.0,0,(),0.0,0.0
92580,Center Drive,0.0,0.0,0.0,0,(),0.0,0.0
92585,Center Drive,0.0,0.0,0.0,0,(),0.0,0.0
92590,Center Drive,0.0,0.0,0.0,0,(),0.0,0.0
92595,Center Drive,0.0,0.0,0.0,0,(),0.0,0.0
92600,Center Drive,0.0,0.0,0.0,0,(),0.0,0.0
92605,Center Drive,0.0,0.0,0.0,0,(),0.0,0.0
92610,Center Drive,0.0,0.0,0.0,0,(),0.0,0.0
92615,Center Drive,0.0,0.0,0.0,0,(),0.0,0.0
92620,Center Drive,0.0,0.0,0.0,0,(),0.0,0.0
92625,Center Drive,0.0,0.0,0.0,0,(),0.0,0.0
92630,Center Drive,0.0,0.0,0.0,0,(),0.0,0.0
92635,Center Drive,0.0,0.0,0.0,0,(),0.0,0.0
92640,Center Drive,0.0,0.0,0.0,0,(),0.0,0.0
92645,Center Drive,0.0,0.0,0.0,0,(),0.0,0.0
92650,Center Drive,0.0,0.0,0.0,0,(),0.0,0.0
92655,Center Drive,0.0,0.0,0.0,0,(),0.0,0.0
92660,Center Drive,0.0,0.0,0.0,0,(),0.0,0.0
92665,Center Drive,0.0,0.0,0.0,0,(),0.0,0.0
92670,Center Drive,0.0,0.0,0.0,0,(),0.0,0.0
92675,Center Drive,0.0,0.0,0.0,0,(),0.0,0.0
92680,Center Drive,0.0,0.0,0.0,0,(),0.0,0.0
92685,Center Drive,0.0,0.0,0.0,0,(),0.0,0.0
92690,Center Drive,0.0,0.0,0.0,0,(),0.0,0.0
92695,Center Drive,0.0,0.0,0.0,0,(),0.0,0.0
92700,Center Drive,0.0,0.0,0.0,0,(),0.0,0.0
92705,Center Drive,0.0,0.0,0.0,0,(),0.0,0.0
92710,Center Drive,0.0,0.0,0.0,0,(),0.0,0.0
92715,Center Drive,0.0,0.0,0.0,0,(),0.0,0.0
92720,Center Drive,0.0,0.0,0.0,0,(),0.0,0.0
92725,Center Drive,0.0,0.0,0.0,0,(),0.0,0.0
92730,Center Drive,0.0,0.0,0.0,0,(),0.0,0.0
92735,Center Drive,0.0,0.0,0.0,0,(),0.0,0.0
92740,Center Drive,0.0,0.0,0.0,0,(),0.0,0.0
92745,Center Drive,0.0,0.0,0.0,0,(),0.0,0.0
92750,Center Drive,0.0,0.0,0.0,0,(),0.0,0.0
92755,Center Drive,0.0,0.0,0.0,0,(),0.0,0.0
92760,Center Drive,0.0,0.0,0.0,0,(),0.0,0.0
92765,Center Drive,0.0,0.0,0.0,0,(),0.0,0.0
92770,Center Drive,0.0,0.0,0.0,0,(),0.0,0.0
92775,Center Drive,0.0,0.0,0.0,0,(),0.0,0.0
92780,Center Drive,0.0,0.0,0.0,0,(),0.0,0.0
92785,Center Drive,0.0,0.0,0.0,0,(),0.0,0.0
92790,Center Drive,0.0,0.0,0.0,0,(),0.0,0.0
92795,Center Drive,0.0,0.0,0.0,0,(),0.0,0.0
92800,Center Drive,0.0,0.0,0.0,0,(),0.0,0.0
92805,Center Drive,0.0,0.0,0.0,0,(),0.0,0.0
92810,Center Drive,0.0,0.0,0.0,0,(),0.0,0.0
92815,Center Drive,0.0,0.0,0.0,0,(),0.0,0.0
92820,Center Drive,0.0,0.0,0.0,0,(),0.0,0.0
92825,Center Drive,0.0,0.0,0.0,0,(),0.0,0.0
92830,Center Drive,0.0,0.0,0.0,0,(),0.0,0.0
92835,Center Drive,0.0,0.0,0.0,0,(),0.0,0.0
92840,Center Drive,0.0,0.0,0.0,0,(),0.0,0.0
92845,Center Drive,0.0,0.0,0.0,0,(),0.0,0.0
92850,Center Drive,0.0,0.0,0.0,0,(),0.0,0.0
92855,Center Drive,0.0,0.0,0.0,0,(),0.0,0.0
92860,Center Drive,0.0,0.0,0.0,0,(),0.0,0.0
92865,Center Drive,0.0,0.0,0.0,0,(),0.0,0.0
92870,Center Drive,0.0,0.0,0.0,0,(),0.0,0.0
92875,Center Drive,0.0,0.0,0.0,0,(),0.0,0.0
92880,Center Drive,0.0,0.0,0.0,0,(),0.0,0.0
92885,Center Drive,0.0,0.0,0.0,0,(),0.0,0.0
92890,Center Drive,0.0,0.0,0.0,0,(),0.0,0.0
92895,Center Drive,0.0,0.0,0.0,0,(),0.0,0.0
92900,Center Drive,0.0,0.0,0.0,0,(),0.0,0.0
92905,Center Drive,0.0,0.0,0.0,0,(),0.0,0.0
92910,Center Drive,0.0,0.0,0.0,0,(),0.0,0.0
92915,Center Drive,0.0,0.0,0.0,0,(),0.0,0.0
92920,Center Drive,0.0,0.0,0.0,0,(),0.0,0.0
92925,Center Drive,0.0,0.0,0.0,0,(),0.0,0.0
92930,Center Drive,0.0,0.0,0.0,0,(),0.0,0.0
92935,Center Drive,0.0,0.0,0.0,0,(),0.0,0.0
92940,Center Drive,0.0,0.0,0.0,0,(),0.0,0.0
92945,Center Drive,0.0,0.0,0.0,0,(),0.0,0.0
92950,Center Drive,0.0,0.0,0.0,0,(),0.0,0.0
92955,Center Drive,0.0,0.0,0.0,0,(),0.0,0.0
92960,Center Drive,0.0,0.0,0.0,0,(),0.0,0.0
92965,Center Drive,0.0,0.0,0.0,0,(),0.0,0.0
92970,Center Drive,0.0,0.0,0.0,0,(),0.0,0.0
92975,Center Drive,0.0,0.0,0.0,0,(),0.0,0.0
92980,Center Drive,0.0,0.0,0.0,0,(),0.0,0.0
92985,Center Drive,0.0,0.0,0.0,0,(),0.0,0.0
92990,Center Drive,0.0,0.0,0.0,0,(),0.0,0.0
92995,Center Drive,0.0,0.0,0.0,0,(),0.0,0.0
93000,Center Drive,0.0,0.0,0.0,0,(),0.0,0.0
93005,Center Drive,0.0,0.0,0.0,0,(),0.0,0.0
93010,Center Drive,0.0,0.0,0.0,0,(),0.0,0.0
93015,Center Drive,0.0,0.0,0.0,0,(),0.0,0.0
93020,Center Drive,0.0,0.0,0.0,0,(),0.0,0.0
93025,Center Drive,0.0,0.0,0.0,0,(),0.0,0.0
93030,Center Drive,0.0,0.0,0.0,0,(),0.0,0.0
93035,Center Drive,0.0,0.0,0.0,0,(),0.0,0.0
93040,Center Drive,0.0,0.0,0.0,0,(),0.0,0.0
93045,Center Drive,0.0,0.0,0.0,0,(),0.0,0.0
93050,Center Drive,0.0,0.0,0.0,0,(),0.0,0.0
93055,Center Drive,0.0,0.0,0.0,0,(),0.0,0.0
93060,Center Drive,0.0,0.0,0.0,0,(),0.0,0.0
93065,Center Drive,0.0,0.0,0.0,0,(),0.0,0.0
93070,Center Drive,0.0,0.0,0.0,0,(),0.0,0.0
93075,Center Drive,0.0,0.0,0.0,0,(),0.0,0.0
93080,Center Drive,0.0,0.0,0.0,0,(),0.0,0.0
93085,Center Drive,0.0,0.0,0.0,0,(),0.0,0.0
93090,Center Drive,0.0,0.0,0.0,0,(),0.0,0.0
93095,Center Drive,0.0,0.0,0.0,0,(),0.0,0.0
93100,Center Drive,0.0,0.0,0.0,0,(),0.0,0.0
93105,Center Drive,0.0,0.0,0.0,0,(),0.0,0.0
93110,Center Drive,0.0,0.0,0.0,0,(),0.0,0.0
93115,Center Drive,0.0,0.0,0.0,0,(),0.0,0.0
93120,Center Drive,0.0,0.0,0.0,0,(),0.0,0.0
93125,Center Drive,0.0,0.0,0.0,0,(),0.0,0.0
93130,Center Drive,0.0,0.0,0.0,0,(),0.0,0.0
93135,Center Drive,0.0,0.0,0.0,0,(),0.0,0.0
93140,Center Drive,0.0,0.0,0.0,0,(),0.0,0.0
93145,Center Drive,0.0,0.0,0.0,0,(),0.0,0.0
93150,Center Drive,0.0,0.0,0.0,0,(),0.0,0.0
93155,Center Drive,0.0,0.0,0.0,0,(),0.0,0.0
93160,Center Drive,0.0,0.0,0.0,0,(),0.0,0.0
93165,Center Drive,0.0,0.0,0.0,0,(),0.0,0.0
93170,Center Drive,0.0,0.0,0.0,0,(),0.0,0.0
93175,Center Drive,0.0,0.0,0.0,0,(),0.0,0.0
93180,Center Drive,0.0,0.0,0.0,0,(),0.0,0.0
93185,Center Drive,0.0,0.0,0.0,0,(),0.0,0.0
93190,Center Drive,0.0,0.0,0.0,0,(),0.0,0.0
93195,Center Drive,0.0,0.0,0.0,0,(),0.0,0.0
93200,Center Drive,0.0,0.0,0.0,0,(),0.0,0.0
93205,Center Drive,0.0,0.0,0.0,0,(),0.0,0.0
93210,Center Drive,0.0,0.0,0.0,0,(),0.0,0.0
93215,Center Drive,0.0,0.0,0.0,0,(),0.0,0.0
93220,Center Drive,0.0,0.0,0.0,0,(),0.0,0.0
93225,Center Drive,0.0,0.0,0.0,0,(),0.0,0.0
93230,Center Drive,0.0,0.0,0.0,0,(),0.0,0.0
93235,Center Drive,0.0,0.0,0.0,0,(),0.0,0.0
93240,Center Drive,0.0,0.0,0.0,0,(),0.0,0.0
93245,Center Drive,0.0,0.0,0.0,0,(),0.0,0.0
93250,Center Drive,0.0,0.0,0.0,0,(),0.0,0.0
93255,Center Drive,0.0,0.0,0.0,0,(),0.0,0.0
93260,Center Drive,0.0,0.0,0.0,0,(),0.0,0.0
93265,Center Drive,0.0,0.0,0.0,0,(),0.0,0.0
93270,Center Drive,0.0,0.0,0.0,0,(),0.0,0.0
93275,Center Drive,0.0,0.0,0.0,0,(),0.0,0.0
93280,Center Drive,0.0,0.0,0.0,0,(),0.0,0.0
93285,Center Drive,0.0,0.0,0.0,0,(),0.0,0.0
93290,Center Drive,0.0,0.0,0.0,0,(),0.0,0.0
93295,Center Drive,0.0,0.0,0.0,0,(),0.0,0.0
93300,Center Drive,0.0,0.0,0.0,0,(),0.0,0.0
93305,Center Drive,0.0,0.0,0.0,0,(),0.0,0.0
93310,Center Drive,0.0,0.0,0.0,0,(),0.0,0.0
93315,Center Drive,0.0,0.0,0.0,0,(),0.0,0.0
93320,Center Drive,0.0,0.0,0.0,0,(),0.0,0.0
93325,Center Drive,0.0,0.0,0.0,0,(),0.0,0.0
93330,Center Drive,0.0,0.0,0.0,0,(),0.0,0.0
93335,Center Drive,0.0,0.0,0.0,0,(),0.0,0.0
93340,Center Drive,0.0,0.0,0.0,0,(),0.0,0.0
93345,Center Drive,0.0,0.0,0.0,0,(),0.0,0.0
93350,Center Drive,0.0,0.0,0.0,0,(),0.0,0.0
93355,Center Drive,0.0,0.0,0.0,0,(),0.0,0.0
93360,Center Drive,0.0,0.0,0.0,0,(),0.0,0.0
93365,Center Drive,0.0,0.0,0.0,0,(),0.0,0.0
93370,Center Drive,0.0,0.0,0.0,0,(),0.0,0.0
93375,Center Drive,0.0,0.0,0.0,0,(),0.0,0.0
93380,Center Drive,0.0,0.0,0.0,0,(),0.0,0.0
93385,Center Drive,0.0,0.0,0.0,0,(),0.0,0.0
93390,Center Drive,0.0,0.0,0.0,0,(),0.0,0.0
93395,Center Drive,0.0,0.0,0.0,0,(),0.0,0.0
93400,Center Drive,0.0,0.0,0.0,0,(),0.0,0.0
93405,Center Drive,0.0,0.0,0.0,0,(),0.0,0.0
93410,Center Drive,0.0,0.0,0.0,0,(),0.0,0.0
93415,Center Drive,0.0,0.0,0.0,0,(),0.0,0.0
93420,Center Drive,0.0,0.0,0.0,0,(),0.0,0.0
93425,Center Drive,0.0,0.0,0.0,0,(),0.0,0.0
93430,Center Drive,0.0,0.0,0.0,0,(),0.0,0.0
93435,Center Drive,0.0,0.0,0.0,0,(),0.0,0.0
93440,Center Drive,0.0,0.0,0.0,0,(),0.0,0.0
93445,Center Drive,0.0,0.0,0.0,0,(),0.0,0.0
93450,Center Drive,0.0,0.0,0.0,0,(),0.0,0.0
93455,Center Drive,0.0,0.0,0.0,0,(),0.0,0.0
93460,Center Drive,0.0,0.0,0.0,0,(),0.0,0.0
93465,Center Drive,0.0,0.0,0.0,0,(),0.0,0.0
93470,Center Drive,0.0,0.0,0.0,0,(),0.0,0.0
93475,Center Drive,0.0,0.0,0.0,0,(),0.0,0.0
93480,Center Drive,0.0,0.0,0.0,0,(),0.0,0.0
93485,Center Drive,0.0,0.0,0.0,0,(),0.0,0.0
93490,Center Drive,0.0,0.0,0.0,0,(),0.0,0.0
93495,Center Drive,0.0,0.0,0.0,0,(),0.0,0.0
93500,Center Drive,0.0,0.0,0.0,0,(),0.0,0.0
93505,Center Drive,0.0,0.0,0.0,0,(),0.0,0.0
93510,Center Drive,0.0,0.0,0.0,0,(),0.0,0.0
93515,Center Drive,0.0,0.0,0.0,0,(),0.0,0.0
93520,Center Drive,0.0,0.0,0.0,0,(),0.0,0.0
93525,Center Drive,0.0,0.0,0.0,0,(),0.0,0.0
93530,Center Drive,0.0,0.0,0.0,0,(),0.0,0.0
93535,Center Drive,0.0,0.0,0.0,0,(),0.0,0.0
93540,Center Drive,0.0,0.0,0.0,0,(),0.0,0.0
93545,Center Drive,0.0,0.0,0.0,0,(),0.0,0.0
93550,Center Drive,0.0,0.0,0.0,0,(),0.0,0.0
93555,Center Drive,0.0,0.0,0.0,0,(),0.0,0.0
93560,Center Drive,0.0,0.0,0.0,0,(),0.0,0.0
93565,Center Drive,0.0,0.0,0.0,0,(),0.0,0.0
93570,Center Drive,0.0,0.0,0.0,0,(),0.0,0.0
93575,Center Drive,0.0,0.0,0.0,0,(),0.0,0.0
93580,Center Drive,0.0,0.0,0.0,0,(),0.0,0.0
93585,Center Drive,0.0,0.0,0.0,0,(),0.0,0.0
93590,Center Drive,0.0,0.0,0.0,0,(),0.0,0.0
93595,Center Drive,0.0,0.0,0.0,0,(),0.0,0.0
93600,Center Drive,0.0,0.0,0.0,0,(),0.0,0.0
93605,Center Drive,0.0,0.0,0.0,0,(),0.0,0.0
93610,Center Drive,0.0,0.0,0.0,0,(),0.0,0.0
93615,Center Drive,0.0,0.0,0.0,0,(),0.0,0.0
93620,Center Drive,0.0,0.0,0.0,0,(),0.0,0.0
93625,Center Drive,0.0,0.0,0.0,0,(),0.0,0.0
93630,Center Drive,0.0,0.0,0.0,0,(),0.0,0.0
93635,Center Drive,0.0,0.0,0.0,0,(),0.0,0.0
93640,Center Drive,0.0,0.0,0.0,0,(),0.0,0.0
93645,Center Drive,0.0,0.0,0.0,0,(),0.0,0.0
93650,Center Drive,0.0,0.0,0.0,0,(),0.0,0.0
93655,Center Drive,0.0,0.0,0.0,0,(),0.0,0.0
93660,Center Drive,0.0,0.0,0.0,0,(),0.0,0.0
93665,Center Drive,0.0,0.0,0.0,0,(),0.0,0.0
93670,Center Drive,0.0,0.0,0.0,0,(),0.0,0.0
93675,Center Drive,0.0,0.0,0.0,0,(),0.0,0.0
93680,Center Drive,0.0,0.0,0.0,0,(),0.0,0.0
93685,Center Drive,0.0,0.0,0.0,0,(),0.0,0.0
93690,Center Drive,0.0,0.0,0.0,0,(),0.0,0.0
93695,Center Drive,0.0,0.0,0.0,0,(),0.0,0.0
93700,Center Drive,0.0,0.0,0.0,0,(),0.0,0.0
93705,Center Drive,0.0,0.0,0.0,0,(),0.0,0.0
93710,Center Drive,0.0,0.0,0.0,0,(),0.0,0.0
93715,Center Drive,0.0,0.0,0.0,0,(),0.0,0.0
93720,Center Drive,0.0,0.0,0.0,0,(),0.0,0.0
93725,Center Drive,0.0,0.0,0.0,0,(),0.0,0.0
93730,Center Drive,0.0,0.0,0.0,0,(),0.0,0.0
93735,Center Drive,0.0,0.0,0.0,0,(),0.0,0.0
93740,Center Drive,0.0,0.0,0.0,0,(),0.0,0.0
93745,Center Drive,0.0,0.0,0.0,0,(),0.0,0.0
93750,Center Drive,0.0,0.0,0.0,0,(),0.0,0.0
93755,Center Drive,0.0,0.0,0.0,0,(),0.0,0.0
93760,Center Drive,0.0,0.0,0.0,0,(),0.0,0.0
93765,Center Drive,0.0,0.0,0.0,0,(),0.0,0.0
93770,Center Drive,0.0,0.0,0.0,0,(),0.0,0.0
93775,Center Drive,0.0,0.0,0.0,0,(),0.0,0.0
93780,Center Drive,0.0,0.0,0.0,0,(),0.0,0.0
93785,Center Drive,0.0,0.0,0.0,0,(),0.0,0.0
93790,Center Drive,0.0,0.0,0.0,0,(),0.0,0.0
93795,Center Drive,0.0,0.0,0.0,0,(),0.0,0.0
93800,Center Drive,0.0,0.0,0.0,0,(),0.0,0.0
93805,Center Drive,0.0,0.0,0.0,0,(),0.0,0.0
93810,Center Drive,0.0,0.0,0.0,0,(),0.0,0.0
93815,Center Drive,0.0,0.0,0.0,0,(),0.0,0.0
93820,Center Drive,0.0,0.0,0.0,0,(),0.0,0.0
93825,Center Drive,0.0,0.0,0.0,0,(),0.0,0.0
93830,Center Drive,0.0,0.0,0.0,0,(),0.0,0.0
93835,Center Drive,0.0,0.0,0.0,0,(),0.0,0.0
93840,Center Drive,0.0,0.0,0.0,0,(),0.0,0.0
93845,Center Drive,0.0,0.0,0.0,0,(),0.0,0.0
93850,Center Drive,0.0,0.0,0.0,0,(),0.0,0.0
93855,Center Drive,0.0,0.0,0.0,0,(),0.0,0.0
93860,Center Drive,0.0,0.0,0.0,0,(),0.0,0.0
93865,Center Drive,0.0,0.0,0.0,0,(),0.0,0.0
93870,Center Drive,0.0,0.0,0.0,0,(),0.0,0.0
93875,Center Drive,0.0,0.0,0.0,0,(),0.0,0.0
93880,Center Drive,0.0,0.0,0.0,0,(),0.0,0.0
93885,Center Drive,0.0,0.0,0.0,0,(),0.0,0.0
93890,Center Drive,0.0,0.0,0.0,0,(),0.0,0.0
93895,Center Drive,0.0,0.0,0.0,0,(),0.0,0.0
93900,Center Drive,0.0,0.0,0.0,0,(),0.0,0.0
93905,Center Drive,0.0,0.0,0.0,0,(),0.0,0.0
93910,Center Drive,0.0,0.0,0.0,0,(),0.0,0.0
93915,Center Drive,0.0,0.0,0.0,0,(),0.0,0.0
93920,Center Drive,0.0,0.0,0.0,0,(),0.0,0.0
93925,Center Drive,0.0,0.0,0.0,0,(),0.0,0.0
93930,Center Drive,0.0,0.0,0.0,0,(),0.0,0.0
93935,Center Drive,0.0,0.0,0.0,0,(),0.0,0.0
93940,Center Drive,0.0,0.0,0.0,0,(),0.0,0.0
93945,Center Drive,0.0,0.0,0.0,0,(),0.0,0.0
93950,Center Drive,0.0,0.0,0.0,0,(),0.0,0.0
93955,Center Drive,0.0,0.0,0.0,0,(),0.0,0.0
93960,Center Drive,0.0,0.0,0.0,0,(),0.0,0.0
93965,Center Drive,0.0,0.0,0.0,0,(),0.0,0.0
93970,Center Drive,0.0,0.0,0.0,0,(),0.0,0.0
93975,Center Drive,0.0,0.0,0.0,0,(),0.0,0.0
93980,Center Drive,0.0,0.0,0.0,0,(),0.0,0.0
93985,Center Drive,0.0,0.0,0.0,0,(),0.0,0.0
93990,Center Drive,0.0,0.0,0.0,0,(),0.0,0.0
93995,Center Drive,0.0,0.0,0.0,0,(),0.0,0.0
94000,Center Drive,0.0,0.0,0.0,0,(),0.0,0.0
94005,Center Drive,0.0,0.0,0.0,0,(),0.0,0.0
94010,Center Drive,0.0,0.0,0.0,0,(),0.0,0.0
94015,Center Drive,0.0,0.0,0.0,0,(),0.0,0.0
94020,Center Drive,0.0,0.0,0.0,0,(),0.0,0.0
94025,Center Drive,0.0,0.0,0.0,0,(),0.0,0.0
94030,Center Drive,0.0,0.0,0.0,0,(),0.0,0.0
94035,Center Drive,0.0,0.0,0.0,0,(),0.0,0.0
94040,Center Drive,0.0,0.0,0.0,0,(),0.0,0.0
94045,Center Drive,0.0,0.0,0.0,0,(),0.0,0.0
94050,Center Drive,0.0,0.0,0.0,0,(),0.0,0.0
94055,Center Drive,0.0,0.0,0.0,0,(),0.0,0.0
94060,Center Drive,0.0,0.0,0.0,0,(),0.0,0.0
94065,Center Drive,0.0,0.0,0.0,0,(),0.0,0.0
94070,Center Drive,0.0,0.0,0.0,0,(),0.0,0.0
94075,Center Drive,0.0,0.0,0.0,0,(),0.0,0.0
94080,Center Drive,0.0,0.0,0.0,0,(),0.0,0.0
94085,Center Drive,0.0,0.0,0.0,0,(),0.0,0.0
94090,Center Drive,0.0,0.0,0.0,0,(),0.0,0.0
94095,Center Drive,0.0,0.0,0.0,0,(),0.0,0.0
94100,Center Drive,0.0,0.0,0.0,0,(),0.0,0.0
94105,Center Drive,0.0,0.0,0.0,0,(),0.0,0.0
94110,Center Drive,0.0,0.0,0.0,0,(),0.0,0.0
94115,Center Drive,0.0,0.0,0.0,0,(),0.0,0.0
94120,Center Drive,0.0,0.0,0.0,0,(),0.0,0.0
94125,Center Drive,0.0,0.0,0.0,0,(),0.0,0.0
94130,Center Drive,0.0,0.0,0.0,0,(),0.0,0.0
94135,Center Drive,0.0,0.0,0.0,0,(),0.0,0.0
94140,Center Drive,0.0,0.0,0.0,0,(),0.0,0.0
94145,Center Drive,0.0,0.0,0.0,0,(),0.0,0.0
94150,Center Drive,0.0,0.0,0.0,0,(),0.0,0.0
94155,Center Drive,0.0,0.0,0.0,0,(),0.0,0.0
94160,Center Drive,0.0,0.0,0.0,0,(),0.0,0.0
94165,Center Drive,0.0,0.0,0.0,0,(),0.0,0.0
94170,Center Drive,0.0,0.0,0.0,0,(),0.0,0.0
94175,Center Drive,0.0,0.0,0.0,0,(),0.0,0.0
94180,Center Drive,0.0,0.0,0.0,0,(),0.0,0.0
94185,Center Drive,0.0,0.0,0.0,0,(),0.0,0.0
94190,Center Drive,0.0,0.0,0.0,0,(),0.0,0.0
94195,Center Drive,0.0,0.0,0.0,0,(),0.0,0.0
94200,Center Drive,0.0,0.0,0.0,0,(),0.0,0.0
94205,Center Drive,0.0,0.0,0.0,0,(),0.0,0.0
94210,Center Drive,0.0,0.0,0.0,0,(),0.0,0.0
94215,Center Drive,0.0,0.0,0.0,0,(),0.0,0.0
94220,Center Drive,0.0,0.0,0.0,0,(),0.0,0.0
94225,Center Drive,0.0,0.0,0.0,0,(),0.0,0.0
94230,Center Drive,0.0,0.0,0.0,0,(),0.0,0.0
94235,Center Drive,0.0,0.0,0.0,0,(),0.0,0.0
94240,Center Drive,0.0,0.0,0.0,0,(),0.0,0.0
94245,Center Drive,0.0,0.0,0.0,0,(),0.0,0.0
94250,Center Drive,0.0,0.0,0.0,0,(),0.0,0.0
94255,Center Drive,0.0,0.0,0.0,0,(),0.0,0.0
94260,Center Drive,0.0,0.0,0.0,0,(),0.0,0.0
94265,Center Drive,0.0,0.0,0.0,0,(),0.0,0.0
94270,Center Drive,0.0,0.0,0.0,0,(),0.0,0.0
94275,Center Drive,0.0,0.0,0.0,0,(),0.0,0.0
94280,Center Drive,0.0,0.0,0.0,0,(),0.0,0.0
94285,Center Drive,0.0,0.0,0.0,0,(),0.0,0.0
94290,Center Drive,0.0,0.0,0.0,0,(),0.0,0.0
94295,Center Drive,0.0,0.0,0.0,0,(),0.0,0.0
94300,Center Drive,0.0,0.0,0.0,0,(),0.0,0.0
94305,Center Drive,0.0,0.0,0.0,0,(),0.0,0.0
94310,Center Drive,0.0,0.0,0.0,0,(),0.0,0.0
94315,Center Drive,0.0,0.0,0.0,0,(),0.0,0.0
94320,Center Drive,0.0,0.0,0.0,0,(),0.0,0.0
94325,Center Drive,0.0,0.0,0.0,0,(),0.0,0.0
94330,Center Drive,0.0,0.0,0.0,0,(),0.0,0.0
94335,Center Drive,0.0,0.0,0.0,0,(),0.0,0.0
94340,Center Drive,0.0,0.0,0.0,0,(),0.0,0.0
94345,Center Drive,0.0,0.0,0.0,0,(),0.0,0.0
94350,Center Drive,0.0,0.0,0.0,0,(),0.0,0.0
94355,Center Drive,0.0,0.0,0.0,0,(),0.0,0.0
94360,Center Drive,0.0,0.0,0.0,0,(),0.0,0.0
94365,Center Drive,0.0,0.0,0.0,0,(),0.0,0.0
94370,Center Drive,0.0,0.0,0.0,0,(),0.0,0.0
94375,Center Drive,0.0,0.0,0.0,0,(),0.0,0.0
94380,Center Drive,0.0,0.0,0.0,0,(),0.0,0.0
94385,Center Drive,0.0,0.0,0.0,0,(),0.0,0.0
94390,Center Drive,0.0,0.0,0.0,0,(),0.0,0.0
94395,Center Drive,0.0,0.0,0.0,0,(),0.0,0.0
94400,Center Drive,0.0,0.0,0.0,0,(),0.0,0.0
94405,Center Drive,0.0,0.0,0.0,0,(),0.0,0.0
94410,Center Drive,0.0,0.0,0.0,0,(),0.0,0.0
94415,Center Drive,0.0,0.0,0.0,0,(),0.0,0.0
94420,Center Drive,0.0,0.0,0.0,0,(),0.0,0.0
94425,Center Drive,0.0,0.0,0.0,0,(),0.0,0.0
94430,Center Drive,0.0,0.0,0.0,0,(),0.0,0.0
94435,Center Drive,0.0,0.0,0.0,0,(),0.0,0.0
94440,Center Drive,0.0,0.0,0.0,0,(),0.0,0.0
94445,Center Drive,0.0,0.0,0.0,0,(),0.0,0.0
94450,Center Drive,0.0,0.0,0.0,0,(),0.0,0.0
94455,Center Drive,0.0,0.0,0.0,0,(),0.0,0.0
94460,Center Drive,0.0,0.0,0.0,0,(),0.0,0.0
94465,Center Drive,0.0,0.0,0.0,0,(),0.0,0.0
94470,Center Drive,0.0,0.0,0.0,0,(),0.0,0.0
94475,Center Drive,0.0,0.0,0.0,0,(),0.0,0.0
94480,Center Drive,0.0,0.0,0.0,0,(),0.0,0.0
94485,Center Drive,0.0,0.0,0.0,0,(),0.0,0.0
94490,Center Drive,0.0,0.0,0.0,0,(),0.0,0.0
94495,Center Drive,0.0,0.0,0.0,0,(),0.0,0.0
94500,Center Drive,0.0,0.0,0.0,0,(),0.0,0.0
94505,Center Drive,0.0,0.0,0.0,0,(),0.0,0.0
94510,Center Drive,0.0,0.0,0.0,0,(),0.0,0.0
94515,Center Drive,0.0,0.0,0.0,0,(),0.0,0.0
94520,Center Drive,0.0,0.0,0.0,0,(),0.0,0.0
94525,Center Drive,0.0,0.0,0.0,0,(),0.0,0.0
94530,Center Drive,0.0,0.0,0.0,0,(),0.0,0.0
94535,Center Drive,0.0,0.0,0.0,0,(),0.0,0.0
94540,Center Drive,0.0,0.0,0.0,0,(),0.0,0.0
94545,Center Drive,0.0,0.0,0.0,0,(),0.0,0.0
94550,Center Drive,0.0,0.0,0.0,0,(),0.0,0.0
94555,Center Drive,0.0,0.0,0.0,0,(),0.0,0.0
94560,Center Drive,0.0,0.0,0.0,0,(),0.0,0.0
94565,Center Drive,0.0,0.0,0.0,0,(),0.0,0.0
94570,Center Drive,0.0,0.0,0.0,0,(),0.0,0.0
94575,Center Drive,0.0,0.0,0.0,0,(),0.0,0.0
94580,Center Drive,0.0,0.0,0.0,0,(),0.0,0.0
94585,Center Drive,0.0,0.0,0.0,0,(),0.0,0.0
94590,Center Drive,0.0,0.0,0.0,0,(),0.0,0.0
94595,Center Drive,0.0,0.0,0.0,0,(),0.0,0.0
94600,Center Drive,0.0,0.0,0.0,0,(),0.0,0.0
94605,Center Drive,0.0,0.0,0.0,0,(),0.0,0.0
94610,Center Drive,0.0,0.0,0.0,0,(),0.0,0.0
94615,Center Drive,0.0,0.0,0.0,0,(),0.0,0.0
94620,Center Drive,0.0,0.0,0.0,0,(),0.0,0.0
94625,Center Drive,0.0,0.0,0.0,0,(),0.0,0.0
94630,Center Drive,0.0,0.0,0.0,0,(),0.0,0.0
94635,Center Drive,0.0,0.0,0.0,0,(),0.0,0.0
94640,Center Drive,0.0,0.0,0.0,0,(),0.0,0.0
94645,Center Drive,0.0,0.0,0.0,0,(),0.0,0.0
94650,Center Drive,0.0,0.0,0.0,0,(),0.0,0.0
94655,Center Drive,0.0,0.0,0.0,0,(),0.0,0.0
94660,Center Drive,0.0,0.0,0.0,0,(),0.0,0.0
94665,Center Drive,0.0,0.0,0.0,0,(),0.0,0.0
94670,Center Drive,0.0,0.0,0.0,0,(),0.0,0.0
94675,Center Drive,0.0,0.0,0.0,0,(),0.0,0.0
94680,Center Drive,0.0,0.0,0.0,0,(),0.0,0.0
94685,Center Drive,0.0,0.0,0.0,0,(),0.0,0.0
94690,Center Drive,0.0,0.0,0.0,0,(),0.0,0.0
94695,Center Drive,0.0,0.0,0.0,0,(),0.0,0.0
94700,Center Drive,0.0,0.0,0.0,0,(),0.0,0.0
94705,Center Drive,0.0,0.0,0.0,0,(),0.0,0.0
94710,Center Drive,0.0,0.0,0.0,0,(),0.0,0.0
94715,Center Drive,0.0,0.0,0.0,0,(),0.0,0.0
94720,Center Drive,0.0,0.0,0.0,0,(),0.0,0.0
94725,Center Drive,0.0,0.0,0.0,0,(),0.0,0.0
94730,Center Drive,0.0,0.0,0.0,0,(),0.0,0.0
94735,Center Drive,0.0,0.0,0.0,0,(),0.0,0.0
94740,Center Drive,0.0,0.0,0.0,0,(),0.0,0.0
94745,Center Drive,0.0,0.0,0.0,0,(),0.0,0.0
94750,Center Drive,0.0,0.0,0.0,0,(),0.0,0.0
94755,Center Drive,0.0,0.0,0.0,0,(),0.0,0.0
94760,Center Drive,0.0,0.0,0.0,0,(),0.0,0.0
94765,Center Drive,0.0,0.0,0.0,0,(),0.0,0.0
94770,Center Drive,0.0,0.0,0.0,0,(),0.0,0.0
94775,Center Drive,0.0,0.0,0.0,0,(),0.0,0.0
94780,Center Drive,0.0,0.0,0.0,0,(),0.0,0.0
94785,Center Drive,0.0,0.0,0.0,0,(),0.0,0.0
94790,Center Drive,0.0,0.0,0.0,0,(),0.0,0.0
94795,Center Drive,0.0,0.0,0.0,0,(),0.0,0.0
94800,Center Drive,0.0,0.0,0.0,0,(),0.0,0.0
94805,Center Drive,0.0,0.0,0.0,0,(),0.0,0.0
94810,Center Drive,0.0,0.0,0.0,0,(),0.0,0.0
94815,Center Drive,0.0,0.0,0.0,0,(),0.0,0.0
94820,Center Drive,0.0,0.0,0.0,0,(),0.0,0.0
94825,Center Drive,0.0,0.0,0.0,0,(),0.0,0.0
94830,Center Drive,0.0,0.0,0.0,0,(),0.0,0.0
94835,Center Drive,0.0,0.0,0.0,0,(),0.0,0.0
94840,Center Drive,0.0,0.0,0.0,0,(),0.0,0.0
94845,Center Drive,0.0,0.0,0.0,0,(),0.0,0.0
94850,Center Drive,0.0,0.0,0.0,0,(),0.0,0.0
94855,Center Drive,0.0,0.0,0.0,0,(),0.0,0.0
94860,Center Drive,0.0,0.0,0.0,0,(),0.0,0.0
94865,Center Drive,0.0,0.0,0.0,0,(),0.0,0.0
94870,Center Drive,0.0,0.0,0.0,0,(),0.0,0.0
94875,Center Drive,0.0,0.0,0.0,0,(),0.0,0.0
94880,Center Drive,0.0,0.0,0.0,0,(),0.0,0.0
94885,Center Drive,0.0,0.0,0.0,0,(),0.0,0.0
94890,Center Drive,0.0,0.0,0.0,0,(),0.0,0.0
94895,Center Drive,0.0,0.0,0.0,0,(),0.0,0.0
94900,Center Drive,0.0,0.0,0.0,0,(),0.0,0.0
94905,Center Drive,0.0,0.0,0.0,0,(),0.0,0.0
94910,Center Drive,0.0,0.0,0.0,0,(),0.0,0.0
94915,Center Drive,0.0,0.0,0.0,0,(),0.0,0.0
94920,Center Drive,0.0,0.0,0.0,0,(),0.0,0.0
94925,Center Drive,0.0,0.0,0.0,0,(),0.0,0.0
94930,Center Drive,0.0,0.0,0.0,0,(),0.0,0.0
94935,Center Drive,0.0,0.0,0.0,0,(),0.0,0.0
94940,Center Drive,0.0,0.0,0.0,0,(),0.0,0.0
94945,Center Drive,0.0,0.0,0.0,0,(),0.0,0.0
94950,Center Drive,0.0,0.0,0.0,0,(),0.0,0.0
94955,Center Drive,0.0,0.0,0.0,0,(),0.0,0.0
94960,Center Drive,0.0,0.0,0.0,0,(),0.0,0.0
94965,Center Drive,0.0,0.0,0.0,0,(),0.0,0.0
94970,Center Drive,0.0,0.0,0.0,0,(),0.0,0.0
94975,Center Drive,0.0,0.0,0.0,0,(),0.0,0.0
94980,Center Drive,0.0,0.0,0.0,0,(),0.0,0.0
94985,Center Drive,0.0,0.0,0.0,0,(),0.0,0.0
94990,Center Drive,0.0,0.0,0.0,0,(),0.0,0.0
94995,Center Drive,0.0,0.0,0.0,0,(),0.0,0.0
95000,Center Drive,0.0,0.0,0.0,0,(),0.0,0.0
95005,Center Drive,0.0,0.0,0.0,0,(),0.0,0.0
95010,Center Drive,0.0,0.0,0.0,0,(),0.0,0.0
95015,Center Drive,0.0,0.0,0.0,0,(),0.0,0.0
95020,Center Drive,0.0,0.0,0.0,0,(),0.0,0.0
95025,Center Drive,0.0,0.0,0.0,0,(),0.0,0.0
95030,Center Drive,0.0,0.0,0.0,0,(),0.0,0.0
95035,Center Drive,0.0,0.0,0.0,0,(),0.0,0.0
95040,Center Drive,0.0,0.0,0.0,0,(),0.0,0.0
95045,Center Drive,0.0,0.0,0.0,0,(),0.0,0.0
95050,Center Drive,0.0,0.0,0.0,0,(),0.0,0.0
95055,Center Drive,0.0,0.0,0.0,0,(),0.0,0.0
95060,Center Drive,0.0,0.0,0.0,0,(),0.0,0.0
95065,Center Drive,0.0,0.0,0.0,0,(),0.0,0.0
95070,Center Drive,0.0,0.0,0.0,0,(),0.0,0.0
95075,Center Drive,0.0,0.0,0.0,0,(),0.0,0.0
95080,Center Drive,0.0,0.0,0.0,0,(),0.0,0.0
95085,Center Drive,0.0,0.0,0.0,0,(),0.0,0.0
95090,Center Drive,0.0,0.0,0.0,0,(),0.0,0.0
95095,Center Drive,0.0,0.0,0.0,0,(),0.0,0.0
95100,Center Drive,0.0,0.0,0.0,0,(),0.0,0.0
95105,Center Drive,0.0,0.0,0.0,0,(),0.0,0.0
95110,Center Drive,0.0,0.0,0.0,0,(),0.0,0.0
95115,Center Drive,0.0,0.0,0.0,0,(),0.0,0.0
95120,Center Drive,0.0,0.0,0.0,0,(),0.0,0.0
95125,Center Drive,0.0,0.0,0.0,0,(),0.0,0.0
95130,Center Drive,0.0,0.0,0.0,0,(),0.0,0.0
95135,Center Drive,0.0,0.0,0.0,0,(),0.0,0.0
95140,Center Drive,0.0,0.0,0.0,0,(),0.0,0.0
95145,Center Drive,0.0,0.0,0.0,0,(),0.0,0.0
95150,Center Drive,0.0,0.0,0.0,0,(),0.0,0.0
95155,Center Drive,0.0,0.0,0.0,0,(),0.0,0.0
95160,Center Drive,0.0,0.0,0.0,0,(),0.0,0.0
95165,Center Drive,0.0,0.0,0.0,0,(),0.0,0.0
95170,Center Drive,0.0,0.0,0.0,0,(),0.0,0.0
95175,Center Drive,0.0,0.0,0.0,0,(),0.0,0.0
95180,Center Drive,0.0,0.0,0.0,0,(),0.0,0.0
95185,Center Drive,0.0,0.0,0.0,0,(),0.0,0.0
95190,Center Drive,0.0,0.0,0.0,0,(),0.0,0.0
95195,Center Drive,0.0,0.0,0.0,0,(),0.0,0.0
95200,Center Drive,0.0,0.0,0.0,0,(),0.0,0.0
95205,Center Drive,0.0,0.0,0.0,0,(),0.0,0.0
95210,Center Drive,0.0,0.0,0.0,0,(),0.0,0.0
95215,Center Drive,0.0,0.0,0.0,0,(),0.0,0.0
95220,Center Drive,0.0,0.0,0.0,0,(),0.0,0.0
95225,Center Drive,0.0,0.0,0.0,0,(),0.0,0.0
95230,Center Drive,0.0,0.0,0.0,0,(),0.0,0.0
95235,Center Drive,0.0,0.0,0.0,0,(),0.0,0.0
95240,Center Drive,0.0,0.0,0.0,0,(),0.0,0.0
95245,Center Drive,0.0,0.0,0.0,0,(),0.0,0.0
95250,Center Drive,0.0,0.0,0.0,0,(),0.0,0.0
95255,Center Drive,0.0,0.0,0.0,0,(),0.0,0.0
95260,Center Drive,0.0,0.0,0.0,0,(),0.0,0.0
95265,Center Drive,0.0,0.0,0.0,0,(),0.0,0.0
95270,Center Drive,0.0,0.0,0.0,0,(),0.0,0.0
95275,Center Drive,0.0,0.0,0.0,0,(),0.0,0.0
95280,Center Drive,0.0,0.0,0.0,0,(),0.0,0.0
95285,Center Drive,0.0,0.0,0.0,0,(),0.0,0.0
95290,Center Drive,0.0,0.0,0.0,0,(),0.0,0.0
95295,Center Drive,0.0,0.0,0.0,0,(),0.0,0.0
95300,Center Drive,0.0,0.0,0.0,0,(),0.0,0.0
95305,Center Drive,0.0,0.0,0.0,0,(),0.0,0.0
95310,Center Drive,0.0,0.0,0.0,0,(),0.0,0.0
95315,Center Drive,0.0,0.0,0.0,0,(),0.0,0.0
95320,Center Drive,0.0,0.0,0.0,0,(),0.0,0.0
95325,Center Drive,0.0,0.0,0.0,0,(),0.0,0.0
95330,Center Drive,0.0,0.0,0.0,0,(),0.0,0.0
95335,Center Drive,0.0,0.0,0.0,0,(),0.0,0.0
95340,Center Drive,0.0,0.0,0.0,0,(),0.0,0.0
95345,Center Drive,0.0,0.0,0.0,0,(),0.0,0.0
95350,Center Drive,0.0,0.0,0.0,0,(),0.0,0.0
95355,Center Drive,0.0,0.0,0.0,0,(),0.0,0.0
95360,Center Drive,0.0,0.0,0.0,0,(),0.0,0.0
95365,Center Drive,0.0,0.0,0.0,0,(),0.0,0.0
95370,Center Drive,0.0,0.0,0.0,0,(),0.0,0.0
95375,Center Drive,0.0,0.0,0.0,0,(),0.0,0.0
95380,Center Drive,0.0,0.0,0.0,0,(),0.0,0.0
95385,Center Drive,0.0,0.0,0.0,0,(),0.0,0.0
95390,Center Drive,0.0,0.0,0.0,0,(),0.0,0.0
95395,Center Drive,0.0,0.0,0.0,0,(),0.0,0.0
95400,Center Drive,0.0,0.0,0.0,0,(),0.0,0.0
95405,Center Drive,0.0,0.0,0.0,0,(),0.0,0.0
95410,Center Drive,0.0,0.0,0.0,0,(),0.0,0.0
95415,Center Drive,0.0,0.0,0.0,0,(),0.0,0.0
95420,Center Drive,0.0,0.0,0.0,0,(),0.0,0.0
95425,Center Drive,0.0,0.0,0.0,0,(),0.0,0.0
95430,Center Drive,0.0,0.0,0.0,0,(),0.0,0.0
95435,Center Drive,0.0,0.0,0.0,0,(),0.0,0.0
95440,Center Drive,0.0,0.0,0.0,0,(),0.0,0.0
95445,Center Drive,0.0,0.0,0.0,0,(),0.0,0.0
95450,Center Drive,0.0,0.0,0.0,0,(),0.0,0.0
95455,Center Drive,0.0,0.0,0.0,0,(),0.0,0.0
95460,Center Drive,0.0,0.0,0.0,0,(),0.0,0.0
95465,Center Drive,0.0,0.0,0.0,0,(),0.0,0.0
95470,Center Drive,0.0,0.0,0.0,0,(),0.0,0.0
95475,Center Drive,0.0,0.0,0.0,0,(),0.0,0.0
95480,Center Drive,0.0,0.0,0.0,0,(),0.0,0.0
95485,Center Drive,0.0,0.0,0.0,0,(),0.0,0.0
95490,Center Drive,0.0,0.0,0.0,0,(),0.0,0.0
95495,Center Drive,0.0,0.0,0.0,0,(),0.0,0.0
95500,Center Drive,0.0,0.0,0.0,0,(),0.0,0.0
95505,Center Drive,0.0,0.0,0.0,0,(),0.0,0.0
95510,Center Drive,0.0,0.0,0.0,0,(),0.0,0.0
95515,Center Drive,0.0,0.0,0.0,0,(),0.0,0.0
95520,Center Drive,0.0,0.0,0.0,0,(),0.0,0.0
95525,Center Drive,0.0,0.0,0.0,0,(),0.0,0.0
95530,Center Drive,0.0,0.0,0.0,0,(),0.0,0.0
95535,Center Drive,0.0,0.0,0.0,0,(),0.0,0.0
95540,Center Drive,0.0,0.0,0.0,0,(),0.0,0.0
95545,Center Drive,0.0,0.0,0.0,0,(),0.0,0.0
95550,Center Drive,0.0,0.0,0.0,0,(),0.0,0.0
95555,Center Drive,0.0,0.0,0.0,0,(),0.0,0.0
95560,Center Drive,0.0,0.0,0.0,0,(),0.0,0.0
95565,Center Drive,0.0,0.0,0.0,0,(),0.0,0.0
95570,Center Drive,0.0,0.0,0.0,0,(),0.0,0.0
95575,Center Drive,0.0,0.0,0.0,0,(),0.0,0.0
95580,Center Drive,0.0,0.0,0.0,0,(),0.0,0.0
95585,Center Drive,0.0,0.0,0.0,0,(),0.0,0.0
95590,Center Drive,0.0,0.0,0.0,0,(),0.0,0.0
95595,Center Drive,0.0,0.0,0.0,0,(),0.0,0.0
95600,Center Drive,0.0,0.0,0.0,0,(),0.0,0.0
95605,Center Drive,0.0,0.0,0.0,0,(),0.0,0.0
95610,Center Drive,0.0,0.0,0.0,0,(),0.0,0.0
95615,Center Drive,0.0,0.0,0.0,0,(),0.0,0.0
95620,Center Drive,0.0,0.0,0.0,0,(),0.0,0.0
95625,Center Drive,0.0,0.0,0.0,0,(),0.0,0.0
95630,Center Drive,0.0,0.0,0.0,0,(),0.0,0.0
95635,Center Drive,0.0,0.0,0.0,0,(),0.0,0.0
95640,Center Drive,0.0,0.0,0.0,0,(),0.0,0.0
95645,Center Drive,0.0,0.0,0.0,0,(),0.0,0.0
95650,Center Drive,0.0,0.0,0.0,0,(),0.0,0.0
95655,Center Drive,0.0,0.0,0.0,0,(),0.0,0.0
95660,Center Drive,0.0,0.0,0.0,0,(),0.0,0.0
95665,Center Drive,0.0,0.0,0.0,0,(),0.0,0.0
95670,Center Drive,0.0,0.0,0.0,0,(),0.0,0.0
95675,Center Drive,0.0,0.0,0.0,0,(),0.0,0.0
95680,Center Drive,0.0,0.0,0.0,0,(),0.0,0.0
95685,Center Drive,0.0,0.0,0.0,0,(),0.0,0.0
95690,Center Drive,0.0,0.0,0.0,0,(),0.0,0.0
95695,Center Drive,0.0,0.0,0.0,0,(),0.0,0.0
95700,Center Drive,0.0,0.0,0.0,0,(),0.0,0.0
95705,Center Drive,0.0,0.0,0.0,0,(),0.0,0.0
95710,Center Drive,0.0,0.0,0.0,0,(),0.0,0.0
95715,Center Drive,0.0,0.0,0.0,0,(),0.0,0.0
95720,Center Drive,0.0,0.0,0.0,0,(),0.0,0.0
95725,Center Drive,0.0,0.0,0.0,0,(),0.0,0.0
95730,Center Drive,0.0,0.0,0.0,0,(),0.0,0.0
95735,Center Drive,0.0,0.0,0.0,0,(),0.0,0.0
95740,Center Drive,0.0,0.0,0.0,0,(),0.0,0.0
95745,Center Drive,0.0,0.0,0.0,0,(),0.0,0.0
95750,Center Drive,0.0,0.0,0.0,0,(),0.0,0.0
95755,Center Drive,0.0,0.0,0.0,0,(),0.0,0.0
95760,Center Drive,0.0,0.0,0.0,0,(),0.0,0.0
95765,Center Drive,0.0,0.0,0.0,0,(),0.0,0.0
95770,Center Drive,0.0,0.0,0.0,0,(),0.0,0.0
95775,Center Drive,0.0,0.0,0.0,0,(),0.0,0.0
95780,Center Drive,0.0,0.0,0.0,0,(),0.0,0.0
95785,Center Drive,0.0,0.0,0.0,0,(),0.0,0.0
95790,Center Drive,0.0,0.0,0.0,0,(),0.0,0.0
95795,Center Drive,0.0,0.0,0.0,0,(),0.0,0.0
95800,Center Drive,0.0,0.0,0.0,0,(),0.0,0.0
95805,Center Drive,0.0,0.0,0.0,0,(),0.0,0.0
95810,Center Drive,0.0,0.0,0.0,0,(),0.0,0.0
95815,Center Drive,0.0,0.0,0.0,0,(),0.0,0.0
95820,Center Drive,0.0,0.0,0.0,0,(),0.0,0.0
95825,Center Drive,0.0,0.0,0.0,0,(),0.0,0.0
95830,Center Drive,0.0,0.0,0.0,0,(),0.0,0.0
95835,Center Drive,0.0,0.0,0.0,0,(),0.0,0.0
95840,Center Drive,0.0,0.0,0.0,0,(),0.0,0.0
95845,Center Drive,0.0,0.0,0.0,0,(),0.0,0.0
95850,Center Drive,0.0,0.0,0.0,0,(),0.0,0.0
95855,Center Drive,0.0,0.0,0.0,0,(),0.0,0.0
95860,Center Drive,0.0,0.0,0.0,0,(),0.0,0.0
95865,Center Drive,0.0,0.0,0.0,0,(),0.0,0.0
95870,Center Drive,0.0,0.0,0.0,0,(),0.0,0.0
95875,Center Drive,0.0,0.0,0.0,0,(),0.0,0.0
95880,Center Drive,0.0,0.0,0.0,0,(),0.0,0.0
95885,Center Drive,0.0,0.0,0.0,0,(),0.0,0.0
95890,Center Drive,0.0,0.0,0.0,0,(),0.0,0.0
95895,Center Drive,0.0,0.0,0.0,0,(),0.0,0.0
95900,Center Drive,0.0,0.0,0.0,0,(),0.0,0.0
95905,Center Drive,0.0,0.0,0.0,0,(),0.0,0.0
95910,Center Drive,0.0,0.0,0.0,0,(),0.0,0.0
95915,Center Drive,0.0,0.0,0.0,0,(),0.0,0.0
95920,Center Drive,0.0,0.0,0.0,0,(),0.0,0.0
95925,Center Drive,0.0,0.0,0.0,0,(),0.0,0.0
95930,Center Drive,0.0,0.0,0.0,0,(),0.0,0.0
95935,Center Drive,0.0,0.0,0.0,0,(),0.0,0.0
95940,Center Drive,0.0,0.0,0.0,0,(),0.0,0.0
95945,Center Drive,0.0,0.0,0.0,0,(),0.0,0.0
95950,Center Drive,0.0,0.0,0.0,0,(),0.0,0.0
95955,Center Drive,0.0,0.0,0.0,0,(),0.0,0.0
95960,Center Drive,0.0,0.0,0.0,0,(),0.0,0.0
95965,Center Drive,0.0,0.0,0.0,0,(),0.0,0.0
95970,Center Drive,0.0,0.0,0.0,0,(),0.0,0.0
95975,Center Drive,0.0,0.0,0.0,0,(),0.0,0.0
95980,Center Drive,0.0,0.0,0.0,0,(),0.0,0.0
95985,Center Drive,0.0,0.0,0.0,0,(),0.0,0.0
95990,Center Drive,0.0,0.0,0.0,0,(),0.0,0.0
95995,Center Drive,0.0,0.0,0.0,0,(),0.0,0.0
96000,Center Drive,0.0,0.0,0.0,0,(),0.0,0.0
96005,Center Drive,0.0,0.0,0.0,0,(),0.0,0.0
96010,Center Drive,0.0,0.0,0.0,0,(),0.0,0.0
96015,Center Drive,0.0,0.0,0.0,0,(),0.0,0.0
96020,Center Drive,0.0,0.0,0.0,0,(),0.0,0.0
96025,Center Drive,0.0,0.0,0.0,0,(),0.0,0.0
96030,Center Drive,0.0,0.0,0.0,0,(),0.0,0.0
96035,Center Drive,0.0,0.0,0.0,0,(),0.0,0.0
96040,Center Drive,0.0,0.0,0.0,0,(),0.0,0.0
96045,Center Drive,0.0,0.0,0.0,0,(),0.0,0.0
96050,Center Drive,0.0,0.0,0.0,0,(),0.0,0.0
96055,Center Drive,0.0,0.0,0.0,0,(),0.0,0.0
96060,Center Drive,0.0,0.0,0.0,0,(),0.0,0.0
96065,Center Drive,0.0,0.0,0.0,0,(),0.0,0.0
96070,Center Drive,0.0,0.0,0.0,0,(),0.0,0.0
96075,Center Drive,0.0,0.0,0.0,0,(),0.0,0.0
96080,Center Drive,0.0,0.0,0.0,0,(),0.0,0.0
96085,Center Drive,0.0,0.0,0.0,0,(),0.0,0.0
96090,Center Drive,0.0,0.0,0.0,0,(),0.0,0.0
96095,Center Drive,0.0,0.0,0.0,0,(),0.0,0.0
96100,Center Drive,0.0,0.0,0.0,0,(),0.0,0.0
96105,Center Drive,0.0,0.0,0.0,0,(),0.0,0.0
96110,Center Drive,0.0,0.0,0.0,0,(),0.0,0.0
96115,Center Drive,0.0,0.0,0.0,0,(),0.0,0.0
96120,Center Drive,0.0,0.0,0.0,0,(),0.0,0.0
96125,Center Drive,0.0,0.0,0.0,0,(),0.0,0.0
96130,Center Drive,0.0,0.0,0.0,0,(),0.0,0.0
96135,Center Drive,0.0,0.0,0.0,0,(),0.0,0.0
96140,Center Drive,0.0,0.0,0.0,0,(),0.0,0.0
96145,Center Drive,0.0,0.0,0.0,0,(),0.0,0.0
96150,Center Drive,0.0,0.0,0.0,0,(),0.0,0.0
96155,Center Drive,0.0,0.0,0.0,0,(),0.0,0.0
96160,Center Drive,0.0,0.0,0.0,0,(),0.0,0.0
96165,Center Drive,0.0,0.0,0.0,0,(),0.0,0.0
96170,Center Drive,0.0,0.0,0.0,0,(),0.0,0.0
96175,Center Drive,0.0,0.0,0.0,0,(),0.0,0.0
96180,Center Drive,0.0,0.0,0.0,0,(),0.0,0.0
96185,Center Drive,0.0,0.0,0.0,0,(),0.0,0.0
96190,Center Drive,0.0,0.0,0.0,0,(),0.0,0.0
96195,Center Drive,0.0,0.0,0.0,0,(),0.0,0.0
96200,Center Drive,0.0,0.0,0.0,0,(),0.0,0.0
96205,Center Drive,0.0,0.0,0.0,0,(),0.0,0.0
96210,Center Drive,0.0,0.0,0.0,0,(),0.0,0.0
96215,Center Drive,0.0,0.0,0.0,0,(),0.0,0.0
96220,Center Drive,0.0,0.0,0.0,0,(),0.0,0.0
96225,Center Drive,0.0,0.0,0.0,0,(),0.0,0.0
96230,Center Drive,0.0,0.0,0.0,0,(),0.0,0.0
96235,Center Drive,0.0,0.0,0.0,0,(),0.0,0.0
96240,Center Drive,0.0,0.0,0.0,0,(),0.0,0.0
96245,Center Drive,0.0,0.0,0.0,0,(),0.0,0.0
96250,Center Drive,0.0,0.0,0.0,0,(),0.0,0.0
96255,Center Drive,0.0,0.0,0.0,0,(),0.0,0.0
96260,Center Drive,0.0,0.0,0.0,0,(),0.0,0.0
96265,Center Drive,0.0,0.0,0.0,0,(),0.0,0.0
96270,Center Drive,0.0,0.0,0.0,0,(),0.0,0.0
96275,Center Drive,0.0,0.0,0.0,0,(),0.0,0.0
96280,Center Drive,0.0,0.0,0.0,0,(),0.0,0.0
96285,Center Drive,0.0,0.0,0.0,0,(),0.0,0.0
96290,Center Drive,0.0,0.0,0.0,0,(),0.0,0.0
96295,Center Drive,0.0,0.0,0.0,0,(),0.0,0.0
96300,Center Drive,0.0,0.0,0.0,0,(),0.0,0.0
96305,Center Drive,0.0,0.0,0.0,0,(),0.0,0.0
96310,Center Drive,0.0,0.0,0.0,0,(),0.0,0.0
96315,Center Drive,0.0,0.0,0.0,0,(),0.0,0.0
96320,Center Drive,0.0,0.0,0.0,0,(),0.0,0.0
96325,Center Drive,0.0,0.0,0.0,0,(),0.0,0.0
96330,Center Drive,0.0,0.0,0.0,0,(),0.0,0.0
96335,Center Drive,0.0,0.0,0.0,0,(),0.0,0.0
96340,Center Drive,0.0,0.0,0.0,0,(),0.0,0.0
96345,Center Drive,0.0,0.0,0.0,0,(),0.0,0.0
96350,Center Drive,0.0,0.0,0.0,0,(),0.0,0.0
96355,Center Drive,0.0,0.0,0.0,0,(),0.0,0.0
96360,Center Drive,0.0,0.0,0.0,0,(),0.0,0.0
96365,Center Drive,0.0,0.0,0.0,0,(),0.0,0.0
96370,Center Drive,0.0,0.0,0.0,0,(),0.0,0.0
96375,Center Drive,0.0,0.0,0.0,0,(),0.0,0.0
96380,Center Drive,0.0,0.0,0.0,0,(),0.0,0.0
96385,Center Drive,0.0,0.0,0.0,0,(),0.0,0.0
96390,Center Drive,0.0,0.0,0.0,0,(),0.0,0.0
96395,Center Drive,0.0,0.0,0.0,0,(),0.0,0.0
96400,Center Drive,0.0,0.0,0.0,0,(),0.0,0.0
96405,Center Drive,0.0,0.0,0.0,0,(),0.0,0.0
96410,Center Drive,0.0,0.0,0.0,0,(),0.0,0.0
96415,Center Drive,0.0,0.0,0.0,0,(),0.0,0.0
96420,Center Drive,0.0,0.0,0.0,0,(),0.0,0.0
96425,Center Drive,0.0,0.0,0.0,0,(),0.0,0.0
96430,Center Drive,0.0,0.0,0.0,0,(),0.0,0.0
96435,Center Drive,0.0,0.0,0.0,0,(),0.0,0.0
96440,Center Drive,0.0,0.0,0.0,0,(),0.0,0.0
96445,Center Drive,0.0,0.0,0.0,0,(),0.0,0.0
96450,Center Drive,0.0,0.0,0.0,0,(),0.0,0.0
96455,Center Drive,0.0,0.0,0.0,0,(),0.0,0.0
96460,Center Drive,0.0,0.0,0.0,0,(),0.0,0.0
96465,Center Drive,0.0,0.0,0.0,0,(),0.0,0.0
96470,Center Drive,0.0,0.0,0.0,0,(),0.0,0.0
96475,Center Drive,0.0,0.0,0.0,0,(),0.0,0.0
96480,Center Drive,0.0,0.0,0.0,0,(),0.0,0.0
96485,Center Drive,0.0,0.0,0.0,0,(),0.0,0.0
96490,Center Drive,0.0,0.0,0.0,0,(),0.0,0.0
96495,Center Drive,0.0,0.0,0.0,0,(),0.0,0.0
96500,Center Drive,0.0,0.0,0.0,0,(),0.0,0.0
96505,Center Drive,0.0,0.0,0.0,0,(),0.0,0.0
96510,Center Drive,0.0,0.0,0.0,0,(),0.0,0.0
96515,Center Drive,0.0,0.0,0.0,0,(),0.0,0.0
96520,Center Drive,0.0,0.0,0.0,0,(),0.0,0.0
96525,Center Drive,0.0,0.0,0.0,0,(),0.0,0.0
96530,Center Drive,0.0,0.0,0.0,0,(),0.0,0.0
96535,Center Drive,0.0,0.0,0.0,0,(),0.0,0.0
96540,Center Drive,0.0,0.0,0.0,0,(),0.0,0.0
96545,Center Drive,0.0,0.0,0.0,0,(),0.0,0.0
96550,Center Drive,0.0,0.0,0.0,0,(),0.0,0.0
96555,Center Drive,0.0,0.0,0.0,0,(),0.0,0.0
96560,Center Drive,0.0,0.0,0.0,0,(),0.0,0.0
96565,Center Drive,0.0,0.0,0.0,0,(),0.0,0.0
96570,Center Drive,0.0,0.0,0.0,0,(),0.0,0.0
96575,Center Drive,0.0,0.0,0.0,0,(),0.0,0.0
96580,Center Drive,0.0,0.0,0.0,0,(),0.0,0.0
96585,Center Drive,0.0,0.0,0.0,0,(),0.0,0.0
96590,Center Drive,0.0,0.0,0.0,0,(),0.0,0.0
96595,Center Drive,0.0,0.0,0.0,0,(),0.0,0.0
96600,Center Drive,0.0,0.0,0.0,0,(),0.0,0.0
96605,Center Drive,0.0,0.0,0.0,0,(),0.0,0.0
96610,Center Drive,0.0,0.0,0.0,0,(),0.0,0.0
96615,Center Drive,0.0,0.0,0.0,0,(),0.0,0.0
96620,Center Drive,0.0,0.0,0.0,0,(),0.0,0.0
96625,Center Drive,0.0,0.0,0.0,0,(),0.0,0.0
96630,Center Drive,0.0,0.0,0.0,0,(),0.0,0.0
96635,Center Drive,0.0,0.0,0.0,0,(),0.0,0.0
96640,Center Drive,0.0,0.0,0.0,0,(),0.0,0.0
96645,Center Drive,0.0,0.0,0.0,0,(),0.0,0.0
96650,Center Drive,0.0,0.0,0.0,0,(),0.0,0.0
96655,Center Drive,0.0,0.0,0.0,0,(),0.0,0.0
96660,Center Drive,0.0,0.0,0.0,0,(),0.0,0.0
96665,Center Drive,0.0,0.0,0.0,0,(),0.0,0.0
96670,Center Drive,0.0,0.0,0.0,0,(),0.0,0.0
96675,Center Drive,0.0,0.0,0.0,0,(),0.0,0.0
96680,Center Drive,0.0,0.0,0.0,0,(),0.0,0.0
96685,Center Drive,0.0,0.0,0.0,0,(),0.0,0.0
96690,Center Drive,0.0,0.0,0.0,0,(),0.0,0.0
96695,Center Drive,0.0,0.0,0.0,0,(),0.0,0.0
96700,Center Drive,0.0,0.0,0.0,0,(),0.0,0.0
96705,Center Drive,0.0,0.0,0.0,0,(),0.0,0.0
96710,Center Drive,0.0,0.0,0.0,0,(),0.0,0.0
96715,Center Drive,0.0,0.0,0.0,0,(),0.0,0.0
96720,Center Drive,0.0,0.0,0.0,0,(),0.0,0.0
96725,Center Drive,0.0,0.0,0.0,0,(),0.0,0.0
96730,Center Drive,0.0,0.0,0.0,0,(),0.0,0.0
96735,Center Drive,0.0,0.0,0.0,0,(),0.0,0.0
96740,Center Drive,0.0,0.0,0.0,0,(),0.0,0.0
96745,Center Drive,0.0,0.0,0.0,0,(),0.0,0.0
96750,Center Drive,0.0,0.0,0.0,0,(),0.0,0.0
96755,Center Drive,0.0,0.0,0.0,0,(),0.0,0.0
96760,Center Drive,0.0,0.0,0.0,0,(),0.0,0.0
96765,Center Drive,0.0,0.0,0.0,0,(),0.0,0.0
96770,Center Drive,0.0,0.0,0.0,0,(),0.0,0.0
96775,Center Drive,0.0,0.0,0.0,0,(),0.0,0.0
96780,Center Drive,0.0,0.0,0.0,0,(),0.0,0.0
96785,Center Drive,0.0,0.0,0.0,0,(),0.0,0.0
96790,Center Drive,0.0,0.0,0.0,0,(),0.0,0.0
96795,Center Drive,0.0,0.0,0.0,0,(),0.0,0.0
96800,Center Drive,0.0,0.0,0.0,0,(),0.0,0.0
96805,Center Drive,0.0,0.0,0.0,0,(),0.0,0.0
96810,Center Drive,0.0,0.0,0.0,0,(),0.0,0.0
96815,Center Drive,0.0,0.0,0.0,0,(),0.0,0.0
96820,Center Drive,0.0,0.0,0.0,0,(),0.0,0.0
96825,Center Drive,0.0,0.0,0.0,0,(),0.0,0.0
96830,Center Drive,0.0,0.0,0.0,0,(),0.0,0.0
96835,Center Drive,0.0,0.0,0.0,0,(),0.0,0.0
96840,Center Drive,0.0,0.0,0.0,0,(),0.0,0.0
96845,Center Drive,0.0,0.0,0.0,0,(),0.0,0.0
96850,Center Drive,0.0,0.0,0.0,0,(),0.0,0.0
96855,Center Drive,0.0,0.0,0.0,0,(),0.0,0.0
96860,Center Drive,0.0,0.0,0.0,0,(),0.0,0.0
96865,Center Drive,0.0,0.0,0.0,0,(),0.0,0.0
96870,Center Drive,0.0,0.0,0.0,0,(),0.0,0.0
96875,Center Drive,0.0,0.0,0.0,0,(),0.0,0.0
96880,Center Drive,0.0,0.0,0.0,0,(),0.0,0.0
96885,Center Drive,0.0,0.0,0.0,0,(),0.0,0.0
96890,Center Drive,0.0,0.0,0.0,0,(),0.0,0.0
96895,Center Drive,0.0,0.0,0.0,0,(),0.0,0.0
96900,Center Drive,0.0,0.0,0.0,0,(),0.0,0.0
96905,Center Drive,0.0,0.0,0.0,0,(),0.0,0.0
96910,Center Drive,0.0,0.0,0.0,0,(),0.0,0.0
96915,Center Drive,0.0,0.0,0.0,0,(),0.0,0.0
96920,Center Drive,0.0,0.0,0.0,0,(),0.0,0.0
96925,Center Drive,0.0,0.0,0.0,0,(),0.0,0.0
96930,Center Drive,0.0,0.0,0.0,0,(),0.0,0.0
96935,Center Drive,0.0,0.0,0.0,0,(),0.0,0.0
96940,Center Drive,0.0,0.0,0.0,0,(),0.0,0.0
96945,Center Drive,0.0,0.0,0.0,0,(),0.0,0.0
96950,Center Drive,0.0,0.0,0.0,0,(),0.0,0.0
96955,Center Drive,0.0,0.0,0.0,0,(),0.0,0.0
96960,Center Drive,0.0,0.0,0.0,0,(),0.0,0.0
96965,Center Drive,0.0,0.0,0.0,0,(),0.0,0.0
96970,Center Drive,0.0,0.0,0.0,0,(),0.0,0.0
96975,Center Drive,0.0,0.0,0.0,0,(),0.0,0.0
96980,Center Drive,0.0,0.0,0.0,0,(),0.0,0.0
96985,Center Drive,0.0,0.0,0.0,0,(),0.0,0.0
96990,Center Drive,0.0,0.0,0.0,0,(),0.0,0.0
96995,Center Drive,0.0,0.0,0.0,0,(),0.0,0.0
97000,Center Drive,0.0,0.0,0.0,0,(),0.0,0.0
97005,Center Drive,0.0,0.0,0.0,0,(),0.0,0.0
97010,Center Drive,0.0,0.0,0.0,0,(),0.0,0.0
97015,Center Drive,0.0,0.0,0.0,0,(),0.0,0.0
97020,Center Drive,0.0,0.0,0.0,0,(),0.0,0.0
97025,Center Drive,0.0,0.0,0.0,0,(),0.0,0.0
97030,Center Drive,0.0,0.0,0.0,0,(),0.0,0.0
97035,Center Drive,0.0,0.0,0.0,0,(),0.0,0.0
97040,Center Drive,0.0,0.0,0.0,0,(),0.0,0.0
97045,Center Drive,0.0,0.0,0.0,0,(),0.0,0.0
97050,Center Drive,0.0,0.0,0.0,0,(),0.0,0.0
97055,Center Drive,0.0,0.0,0.0,0,(),0.0,0.0
97060,Center Drive,0.0,0.0,0.0,0,(),0.0,0.0
97065,Center Drive,0.0,0.0,0.0,0,(),0.0,0.0
97070,Center Drive,0.0,0.0,0.0,0,(),0.0,0.0
97075,Center Drive,0.0,0.0,0.0,0,(),0.0,0.0
97080,Center Drive,0.0,0.0,0.0,0,(),0.0,0.0
97085,Center Drive,0.0,0.0,0.0,0,(),0.0,0.0
97090,Center Drive,0.0,0.0,0.0,0,(),0.0,0.0
97095,Center Drive,0.0,0.0,0.0,0,(),0.0,0.0
97100,Center Drive,0.0,0.0,0.0,0,(),0.0,0.0
97105,Center Drive,0.0,0.0,0.0,0,(),0.0,0.0
97110,Center Drive,0.0,0.0,0.0,0,(),0.0,0.0
97115,Center Drive,0.0,0.0,0.0,0,(),0.0,0.0
97120,Center Drive,0.0,0.0,0.0,0,(),0.0,0.0
97125,Center Drive,0.0,0.0,0.0,0,(),0.0,0.0
97130,Center Drive,0.0,0.0,0.0,0,(),0.0,0.0
97135,Center Drive,0.0,0.0,0.0,0,(),0.0,0.0
97140,Center Drive,0.0,0.0,0.0,0,(),0.0,0.0
97145,Center Drive,0.0,0.0,0.0,0,(),0.0,0.0
97150,Center Drive,0.0,0.0,0.0,0,(),0.0,0.0
97155,Center Drive,0.0,0.0,0.0,0,(),0.0,0.0
97160,Center Drive,0.0,0.0,0.0,0,(),0.0,0.0
97165,Center Drive,0.0,0.0,0.0,0,(),0.0,0.0
97170,Center Drive,0.0,0.0,0.0,0,(),0.0,0.0
97175,Center Drive,0.0,0.0,0.0,0,(),0.0,0.0
97180,Center Drive,0.0,0.0,0.0,0,(),0.0,0.0
97185,Center Drive,0.0,0.0,0.0,0,(),0.0,0.0
97190,Center Drive,0.0,0.0,0.0,0,(),0.0,0.0
97195,Center Drive,0.0,0.0,0.0,0,(),0.0,0.0
97200,Center Drive,0.0,0.0,0.0,0,(),0.0,0.0
97205,Center Drive,0.0,0.0,0.0,0,(),0.0,0.0
97210,Center Drive,0.0,0.0,0.0,0,(),0.0,0.0
97215,Center Drive,0.0,0.0,0.0,0,(),0.0,0.0
97220,Center Drive,0.0,0.0,0.0,0,(),0.0,0.0
97225,Center Drive,0.0,0.0,0.0,0,(),0.0,0.0
97230,Center Drive,0.0,0.0,0.0,0,(),0.0,0.0
97235,Center Drive,0.0,0.0,0.0,0,(),0.0,0.0
97240,Center Drive,0.0,0.0,0.0,0,(),0.0,0.0
97245,Center Drive,0.0,0.0,0.0,0,(),0.0,0.0
97250,Center Drive,0.0,0.0,0.0,0,(),0.0,0.0
97255,Center Drive,0.0,0.0,0.0,0,(),0.0,0.0
97260,Center Drive,0.0,0.0,0.0,0,(),0.0,0.0
97265,Center Drive,0.0,0.0,0.0,0,(),0.0,0.0
97270,Center Drive,0.0,0.0,0.0,0,(),0.0,0.0
97275,Center Drive,0.0,0.0,0.0,0,(),0.0,0.0
97280,Center Drive,0.0,0.0,0.0,0,(),0.0,0.0
97285,Center Drive,0.0,0.0,0.0,0,(),0.0,0.0
97290,Center Drive,0.0,0.0,0.0,0,(),0.0,0.0
97295,Center Drive,0.0,0.0,0.0,0,(),0.0,0.0
97300,Center Drive,0.0,0.0,0.0,0,(),0.0,0.0
97305,Center Drive,0.0,0.0,0.0,0,(),0.0,0.0
97310,Center Drive,0.0,0.0,0.0,0,(),0.0,0.0
97315,Center Drive,0.0,0.0,0.0,0,(),0.0,0.0
97320,Center Drive,0.0,0.0,0.0,0,(),0.0,0.0
97325,Center Drive,0.0,0.0,0.0,0,(),0.0,0.0
97330,Center Drive,0.0,0.0,0.0,0,(),0.0,0.0
97335,Center Drive,0.0,0.0,0.0,0,(),0.0,0.0
97340,Center Drive,0.0,0.0,0.0,0,(),0.0,0.0
97345,Center Drive,0.0,0.0,0.0,0,(),0.0,0.0
97350,Center Drive,0.0,0.0,0.0,0,(),0.0,0.0
97355,Center Drive,0.0,0.0,0.0,0,(),0.0,0.0
97360,Center Drive,0.0,0.0,0.0,0,(),0.0,0.0
97365,Center Drive,0.0,0.0,0.0,0,(),0.0,0.0
97370,Center Drive,0.0,0.0,0.0,0,(),0.0,0.0
97375,Center Drive,0.0,0.0,0.0,0,(),0.0,0.0
97380,Center Drive,0.0,0.0,0.0,0,(),0.0,0.0
97385,Center Drive,0.0,0.0,0.0,0,(),0.0,0.0
97390,Center Drive,0.0,0.0,0.0,0,(),0.0,0.0
97395,Center Drive,0.0,0.0,0.0,0,(),0.0,0.0
97400,Center Drive,0.0,0.0,0.0,0,(),0.0,0.0
97405,Center Drive,0.0,0.0,0.0,0,(),0.0,0.0
97410,Center Drive,0.0,0.0,0.0,0,(),0.0,0.0
97415,Center Drive,0.0,0.0,0.0,0,(),0.0,0.0
97420,Center Drive,0.0,0.0,0.0,0,(),0.0,0.0
97425,Center Drive,0.0,0.0,0.0,0,(),0.0,0.0
97430,Center Drive,0.0,0.0,0.0,0,(),0.0,0.0
97435,Center Drive,0.0,0.0,0.0,0,(),0.0,0.0
97440,Center Drive,0.0,0.0,0.0,0,(),0.0,0.0
97445,Center Drive,0.0,0.0,0.0,0,(),0.0,0.0
97450,Center Drive,0.0,0.0,0.0,0,(),0.0,0.0
97455,Center Drive,0.0,0.0,0.0,0,(),0.0,0.0
97460,Center Drive,0.0,0.0,0.0,0,(),0.0,0.0
97465,Center Drive,0.0,0.0,0.0,0,(),0.0,0.0
97470,Center Drive,0.0,0.0,0.0,0,(),0.0,0.0
97475,Center Drive,0.0,0.0,0.0,0,(),0.0,0.0
97480,Center Drive,0.0,0.0,0.0,0,(),0.0,0.0
97485,Center Drive,0.0,0.0,0.0,0,(),0.0,0.0
97490,Center Drive,0.0,0.0,0.0,0,(),0.0,0.0
97495,Center Drive,0.0,0.0,0.0,0,(),0.0,0.0
97500,Center Drive,0.0,0.0,0.0,0,(),0.0,0.0
97505,Center Drive,0.0,0.0,0.0,0,(),0.0,0.0
97510,Center Drive,0.0,0.0,0.0,0,(),0.0,0.0
97515,Center Drive,0.0,0.0,0.0,0,(),0.0,0.0
97520,Center Drive,0.0,0.0,0.0,0,(),0.0,0.0
97525,Center Drive,0.0,0.0,0.0,0,(),0.0,0.0
97530,Center Drive,0.0,0.0,0.0,0,(),0.0,0.0
97535,Center Drive,0.0,0.0,0.0,0,(),0.0,0.0
97540,Center Drive,0.0,0.0,0.0,0,(),0.0,0.0
97545,Center Drive,0.0,0.0,0.0,0,(),0.0,0.0
97550,Center Drive,0.0,0.0,0.0,0,(),0.0,0.0
97555,Center Drive,0.0,0.0,0.0,0,(),0.0,0.0
97560,Center Drive,0.0,0.0,0.0,0,(),0.0,0.0
97565,Center Drive,0.0,0.0,0.0,0,(),0.0,0.0
97570,Center Drive,0.0,0.0,0.0,0,(),0.0,0.0
97575,Center Drive,0.0,0.0,0.0,0,(),0.0,0.0
97580,Center Drive,0.0,0.0,0.0,0,(),0.0,0.0
97585,Center Drive,0.0,0.0,0.0,0,(),0.0,0.0
97590,Center Drive,0.0,0.0,0.0,0,(),0.0,0.0
97595,Center Drive,0.0,0.0,0.0,0,(),0.0,0.0
97600,Center Drive,0.0,0.0,0.0,0,(),0.0,0.0
97605,Center Drive,0.0,0.0,0.0,0,(),0.0,0.0
97610,Center Drive,0.0,0.0,0.0,0,(),0.0,0.0
97615,Center Drive,0.0,0.0,0.0,0,(),0.0,0.0
97620,Center Drive,0.0,0.0,0.0,0,(),0.0,0.0
97625,Center Drive,0.0,0.0,0.0,0,(),0.0,0.0
97630,Center Drive,0.0,0.0,0.0,0,(),0.0,0.0
97635,Center Drive,0.0,0.0,0.0,0,(),0.0,0.0
97640,Center Drive,0.0,0.0,0.0,0,(),0.0,0.0
97645,Center Drive,0.0,0.0,0.0,0,(),0.0,0.0
97650,Center Drive,0.0,0.0,0.0,0,(),0.0,0.0
97655,Center Drive,0.0,0.0,0.0,0,(),0.0,0.0
97660,Center Drive,0.0,0.0,0.0,0,(),0.0,0.0
97665,Center Drive,0.0,0.0,0.0,0,(),0.0,0.0
97670,Center Drive,0.0,0.0,0.0,0,(),0.0,0.0
97675,Center Drive,0.0,0.0,0.0,0,(),0.0,0.0
97680,Center Drive,0.0,0.0,0.0,0,(),0.0,0.0
97685,Center Drive,0.0,0.0,0.0,0,(),0.0,0.0
97690,Center Drive,0.0,0.0,0.0,0,(),0.0,0.0
97695,Center Drive,0.0,0.0,0.0,0,(),0.0,0.0
97700,Center Drive,0.0,0.0,0.0,0,(),0.0,0.0
97705,Center Drive,0.0,0.0,0.0,0,(),0.0,0.0
97710,Center Drive,0.0,0.0,0.0,0,(),0.0,0.0
97715,Center Drive,0.0,0.0,0.0,0,(),0.0,0.0
97720,Center Drive,0.0,0.0,0.0,0,(),0.0,0.0
97725,Center Drive,0.0,0.0,0.0,0,(),0.0,0.0
97730,Center Drive,0.0,0.0,0.0,0,(),0.0,0.0
97735,Center Drive,0.0,0.0,0.0,0,(),0.0,0.0
97740,Center Drive,0.0,0.0,0.0,0,(),0.0,0.0
97745,Center Drive,0.0,0.0,0.0,0,(),0.0,0.0
97750,Center Drive,0.0,0.0,0.0,0,(),0.0,0.0
97755,Center Drive,0.0,0.0,0.0,0,(),0.0,0.0
97760,Center Drive,0.0,0.0,0.0,0,(),0.0,0.0
97765,Center Drive,0.0,0.0,0.0,0,(),0.0,0.0
97770,Center Drive,0.0,0.0,0.0,0,(),0.0,0.0
97775,Center Drive,0.0,0.0,0.0,0,(),0.0,0.0
97780,Center Drive,0.0,0.0,0.0,0,(),0.0,0.0
97785,Center Drive,0.0,0.0,0.0,0,(),0.0,0.0
97790,Center Drive,0.0,0.0,0.0,0,(),0.0,0.0
97795,Center Drive,0.0,0.0,0.0,0,(),0.0,0.0
97800,Center Drive,0.0,0.0,0.0,0,(),0.0,0.0
97805,Center Drive,0.0,0.0,0.0,0,(),0.0,0.0
97810,Center Drive,0.0,0.0,0.0,0,(),0.0,0.0
97815,Center Drive,0.0,0.0,0.0,0,(),0.0,0.0
97820,Center Drive,0.0,0.0,0.0,0,(),0.0,0.0
97825,Center Drive,0.0,0.0,0.0,0,(),0.0,0.0
97830,Center Drive,0.0,0.0,0.0,0,(),0.0,0.0
97835,Center Drive,0.0,0.0,0.0,0,(),0.0,0.0
97840,Center Drive,0.0,0.0,0.0,0,(),0.0,0.0
97845,Center Drive,0.0,0.0,0.0,0,(),0.0,0.0
97850,Center Drive,0.0,0.0,0.0,0,(),0.0,0.0
97855,Center Drive,0.0,0.0,0.0,0,(),0.0,0.0
97860,Center Drive,0.0,0.0,0.0,0,(),0.0,0.0
97865,Center Drive,0.0,0.0,0.0,0,(),0.0,0.0
97870,Center Drive,0.0,0.0,0.0,0,(),0.0,0.0
97875,Center Drive,0.0,0.0,0.0,0,(),0.0,0.0
97880,Center Drive,0.0,0.0,0.0,0,(),0.0,0.0
97885,Center Drive,0.0,0.0,0.0,0,(),0.0,0.0
97890,Center Drive,0.0,0.0,0.0,0,(),0.0,0.0
97895,Center Drive,0.0,0.0,0.0,0,(),0.0,0.0
97900,Center Drive,0.0,0.0,0.0,0,(),0.0,0.0
97905,Center Drive,0.0,0.0,0.0,0,(),0.0,0.0
97910,Center Drive,0.0,0.0,0.0,0,(),0.0,0.0
97915,Center Drive,0.0,0.0,0.0,0,(),0.0,0.0
97920,Center Drive,0.0,0.0,0.0,0,(),0.0,0.0
97925,Center Drive,0.0,0.0,0.0,0,(),0.0,0.0
97930,Center Drive,0.0,0.0,0.0,0,(),0.0,0.0
97935,Center Drive,0.0,0.0,0.0,0,(),0.0,0.0
97940,Center Drive,0.0,0.0,0.0,0,(),0.0,0.0
97945,Center Drive,0.0,0.0,0.0,0,(),0.0,0.0
97950,Center Drive,0.0,0.0,0.0,0,(),0.0,0.0
97955,Center Drive,0.0,0.0,0.0,0,(),0.0,0.0
97960,Center Drive,0.0,0.0,0.0,0,(),0.0,0.0
97965,Center Drive,0.0,0.0,0.0,0,(),0.0,0.0
97970,Center Drive,0.0,0.0,0.0,0,(),0.0,0.0
97975,Center Drive,0.0,0.0,0.0,0,(),0.0,0.0
97980,Center Drive,0.0,0.0,0.0,0,(),0.0,0.0
97985,Center Drive,0.0,0.0,0.0,0,(),0.0,0.0
97990,Center Drive,0.0,0.0,0.0,0,(),0.0,0.0
97995,Center Drive,0.0,0.0,0.0,0,(),0.0,0.0
98000,Center Drive,0.0,0.0,0.0,0,(),0.0,0.0
98005,Center Drive,0.0,0.0,0.0,0,(),0.0,0.0
98010,Center Drive,0.0,0.0,0.0,0,(),0.0,0.0
98015,Center Drive,0.0,0.0,0.0,0,(),0.0,0.0
98020,Center Drive,0.0,0.0,0.0,0,(),0.0,0.0
98025,Center Drive,0.0,0.0,0.0,0,(),0.0,0.0
98030,Center Drive,0.0,0.0,0.0,0,(),0.0,0.0
98035,Center Drive,0.0,0.0,0.0,0,(),0.0,0.0
98040,Center Drive,0.0,0.0,0.0,0,(),0.0,0.0
98045,Center Drive,0.0,0.0,0.0,0,(),0.0,0.0
98050,Center Drive,0.0,0.0,0.0,0,(),0.0,0.0
98055,Center Drive,0.0,0.0,0.0,0,(),0.0,0.0
98060,Center Drive,0.0,0.0,0.0,0,(),0.0,0.0
98065,Center Drive,0.0,0.0,0.0,0,(),0.0,0.0
98070,Center Drive,0.0,0.0,0.0,0,(),0.0,0.0
98075,Center Drive,0.0,0.0,0.0,0,(),0.0,0.0
98080,Center Drive,0.0,0.0,0.0,0,(),0.0,0.0
98085,Center Drive,0.0,0.0,0.0,0,(),0.0,0.0
98090,Center Drive,0.0,0.0,0.0,0,(),0.0,0.0
98095,Center Drive,0.0,0.0,0.0,0,(),0.0,0.0
98100,Center Drive,0.0,0.0,0.0,0,(),0.0,0.0
98105,Center Drive,0.0,0.0,0.0,0,(),0.0,0.0
98110,Center Drive,0.0,0.0,0.0,0,(),0.0,0.0
98115,Center Drive,0.0,0.0,0.0,0,(),0.0,0.0
98120,Center Drive,0.0,0.0,0.0,0,(),0.0,0.0
98125,Center Drive,0.0,0.0,0.0,0,(),0.0,0.0
98130,Center Drive,0.0,0.0,0.0,0,(),0.0,0.0
98135,Center Drive,0.0,0.0,0.0,0,(),0.0,0.0
98140,Center Drive,0.0,0.0,0.0,0,(),0.0,0.0
98145,Center Drive,0.0,0.0,0.0,0,(),0.0,0.0
98150,Center Drive,0.0,0.0,0.0,0,(),0.0,0.0
98155,Center Drive,0.0,0.0,0.0,0,(),0.0,0.0
98160,Center Drive,0.0,0.0,0.0,0,(),0.0,0.0
98165,Center Drive,0.0,0.0,0.0,0,(),0.0,0.0
98170,Center Drive,0.0,0.0,0.0,0,(),0.0,0.0
98175,Center Drive,0.0,0.0,0.0,0,(),0.0,0.0
98180,Center Drive,0.0,0.0,0.0,0,(),0.0,0.0
98185,Center Drive,0.0,0.0,0.0,0,(),0.0,0.0
98190,Center Drive,0.0,0.0,0.0,0,(),0.0,0.0
98195,Center Drive,0.0,0.0,0.0,0,(),0.0,0.0
98200,Center Drive,0.0,0.0,0.0,0,(),0.0,0.0
98205,Center Drive,0.0,0.0,0.0,0,(),0.0,0.0
98210,Center Drive,0.0,0.0,0.0,0,(),0.0,0.0
98215,Center Drive,0.0,0.0,0.0,0,(),0.0,0.0
98220,Center Drive,0.0,0.0,0.0,0,(),0.0,0.0
98225,Center Drive,0.0,0.0,0.0,0,(),0.0,0.0
98230,Center Drive,0.0,0.0,0.0,0,(),0.0,0.0
98235,Center Drive,0.0,0.0,0.0,0,(),0.0,0.0
98240,Center Drive,0.0,0.0,0.0,0,(),0.0,0.0
98245,Center Drive,0.0,0.0,0.0,0,(),0.0,0.0
98250,Center Drive,0.0,0.0,0.0,0,(),0.0,0.0
98255,Center Drive,0.0,0.0,0.0,0,(),0.0,0.0
98260,Center Drive,0.0,0.0,0.0,0,(),0.0,0.0
98265,Center Drive,0.0,0.0,0.0,0,(),0.0,0.0
98270,Center Drive,0.0,0.0,0.0,0,(),0.0,0.0
98275,Center Drive,0.0,0.0,0.0,0,(),0.0,0.0
98280,Center Drive,0.0,0.0,0.0,0,(),0.0,0.0
98285,Center Drive,0.0,0.0,0.0,0,(),0.0,0.0
98290,Center Drive,0.0,0.0,0.0,0,(),0.0,0.0
98295,Center Drive,0.0,0.0,0.0,0,(),0.0,0.0
98300,Center Drive,0.0,0.0,0.0,0,(),0.0,0.0
98305,Center Drive,0.0,0.0,0.0,0,(),0.0,0.0
98310,Center Drive,0.0,0.0,0.0,0,(),0.0,0.0
98315,Center Drive,0.0,0.0,0.0,0,(),0.0,0.0
98320,Center Drive,0.0,0.0,0.0,0,(),0.0,0.0
98325,Center Drive,0.0,0.0,0.0,0,(),0.0,0.0
98330,Center Drive,0.0,0.0,0.0,0,(),0.0,0.0
98335,Center Drive,0.0,0.0,0.0,0,(),0.0,0.0
98340,Center Drive,0.0,0.0,0.0,0,(),0.0,0.0
98345,Center Drive,0.0,0.0,0.0,0,(),0.0,0.0
98350,Center Drive,0.0,0.0,0.0,0,(),0.0,0.0
98355,Center Drive,0.0,0.0,0.0,0,(),0.0,0.0
98360,Center Drive,0.0,0.0,0.0,0,(),0.0,0.0
98365,Center Drive,0.0,0.0,0.0,0,(),0.0,0.0
98370,Center Drive,0.0,0.0,0.0,0,(),0.0,0.0
98375,Center Drive,0.0,0.0,0.0,0,(),0.0,0.0
98380,Center Drive,0.0,0.0,0.0,0,(),0.0,0.0
98385,Center Drive,0.0,0.0,0.0,0,(),0.0,0.0
98390,Center Drive,0.0,0.0,0.0,0,(),0.0,0.0
98395,Center Drive,0.0,0.0,0.0,0,(),0.0,0.0
98400,Center Drive,0.0,0.0,0.0,0,(),0.0,0.0
98405,Center Drive,0.0,0.0,0.0,0,(),0.0,0.0
98410,Center Drive,0.0,0.0,0.0,0,(),0.0,0.0
98415,Center Drive,0.0,0.0,0.0,0,(),0.0,0.0
98420,Center Drive,0.0,0.0,0.0,0,(),0.0,0.0
98425,Center Drive,0.0,0.0,0.0,0,(),0.0,0.0
98430,Center Drive,0.0,0.0,0.0,0,(),0.0,0.0
98435,Center Drive,0.0,0.0,0.0,0,(),0.0,0.0
98440,Center Drive,0.0,0.0,0.0,0,(),0.0,0.0
98445,Center Drive,0.0,0.0,0.0,0,(),0.0,0.0
98450,Center Drive,0.0,0.0,0.0,0,(),0.0,0.0
98455,Center Drive,0.0,0.0,0.0,0,(),0.0,0.0
98460,Center Drive,0.0,0.0,0.0,0,(),0.0,0.0
98465,Center Drive,0.0,0.0,0.0,0,(),0.0,0.0
98470,Center Drive,0.0,0.0,0.0,0,(),0.0,0.0
98475,Center Drive,0.0,0.0,0.0,0,(),0.0,0.0
98480,Center Drive,0.0,0.0,0.0,0,(),0.0,0.0
98485,Center Drive,0.0,0.0,0.0,0,(),0.0,0.0
98490,Center Drive,0.0,0.0,0.0,0,(),0.0,0.0
98495,Center Drive,0.0,0.0,0.0,0,(),0.0,0.0
98500,Center Drive,0.0,0.0,0.0,0,(),0.0,0.0
98505,Center Drive,0.0,0.0,0.0,0,(),0.0,0.0
98510,Center Drive,0.0,0.0,0.0,0,(),0.0,0.0
98515,Center Drive,0.0,0.0,0.0,0,(),0.0,0.0
98520,Center Drive,0.0,0.0,0.0,0,(),0.0,0.0
98525,Center Drive,0.0,0.0,0.0,0,(),0.0,0.0
98530,Center Drive,0.0,0.0,0.0,0,(),0.0,0.0
98535,Center Drive,0.0,0.0,0.0,0,(),0.0,0.0
98540,Center Drive,0.0,0.0,0.0,0,(),0.0,0.0
98545,Center Drive,0.0,0.0,0.0,0,(),0.0,0.0
98550,Center Drive,0.0,0.0,0.0,0,(),0.0,0.0
98555,Center Drive,0.0,0.0,0.0,0,(),0.0,0.0
98560,Center Drive,0.0,0.0,0.0,0,(),0.0,0.0
98565,Center Drive,0.0,0.0,0.0,0,(),0.0,0.0
98570,Center Drive,0.0,0.0,0.0,0,(),0.0,0.0
98575,Center Drive,0.0,0.0,0.0,0,(),0.0,0.0
98580,Center Drive,0.0,0.0,0.0,0,(),0.0,0.0
98585,Center Drive,0.0,0.0,0.0,0,(),0.0,0.0
98590,Center Drive,0.0,0.0,0.0,0,(),0.0,0.0
98595,Center Drive,0.0,0.0,0.0,0,(),0.0,0.0
98600,Center Drive,0.0,0.0,0.0,0,(),0.0,0.0
98605,Center Drive,0.0,0.0,0.0,0,(),0.0,0.0
98610,Center Drive,0.0,0.0,0.0,0,(),0.0,0.0
98615,Center Drive,0.0,0.0,0.0,0,(),0.0,0.0
98620,Center Drive,0.0,0.0,0.0,0,(),0.0,0.0
98625,Center Drive,0.0,0.0,0.0,0,(),0.0,0.0
98630,Center Drive,0.0,0.0,0.0,0,(),0.0,0.0
98635,Center Drive,0.0,0.0,0.0,0,(),0.0,0.0
98640,Center Drive,0.0,0.0,0.0,0,(),0.0,0.0
98645,Center Drive,0.0,0.0,0.0,0,(),0.0,0.0
98650,Center Drive,0.0,0.0,0.0,0,(),0.0,0.0
98655,Center Drive,0.0,0.0,0.0,0,(),0.0,0.0
98660,Center Drive,0.0,0.0,0.0,0,(),0.0,0.0
98665,Center Drive,0.0,0.0,0.0,0,(),0.0,0.0
98670,Center Drive,0.0,0.0,0.0,0,(),0.0,0.0
98675,Center Drive,0.0,0.0,0.0,0,(),0.0,0.0
98680,Center Drive,0.0,0.0,0.0,0,(),0.0,0.0
98685,Center Drive,0.0,0.0,0.0,0,(),0.0,0.0
98690,Center Drive,0.0,0.0,0.0,0,(),0.0,0.0
98695,Center Drive,0.0,0.0,0.0,0,(),0.0,0.0
98700,Center Drive,0.0,0.0,0.0,0,(),0.0,0.0
98705,Center Drive,0.0,0.0,0.0,0,(),0.0,0.0
98710,Center Drive,0.0,0.0,0.0,0,(),0.0,0.0
98715,Center Drive,0.0,0.0,0.0,0,(),0.0,0.0
98720,Center Drive,0.0,0.0,0.0,0,(),0.0,0.0
98725,Center Drive,0.0,0.0,0.0,0,(),0.0,0.0
98730,Center Drive,0.0,0.0,0.0,0,(),0.0,0.0
98735,Center Drive,0.0,0.0,0.0,0,(),0.0,0.0
98740,Center Drive,0.0,0.0,0.0,0,(),0.0,0.0
98745,Center Drive,0.0,0.0,0.0,0,(),0.0,0.0
98750,Center Drive,0.0,0.0,0.0,0,(),0.0,0.0
98755,Center Drive,0.0,0.0,0.0,0,(),0.0,0.0
98760,Center Drive,0.0,0.0,0.0,0,(),0.0,0.0
98765,Center Drive,0.0,0.0,0.0,0,(),0.0,0.0
98770,Center Drive,0.0,0.0,0.0,0,(),0.0,0.0
98775,Center Drive,0.0,0.0,0.0,0,(),0.0,0.0
98780,Center Drive,0.0,0.0,0.0,0,(),0.0,0.0
98785,Center Drive,0.0,0.0,0.0,0,(),0.0,0.0
98790,Center Drive,0.0,0.0,0.0,0,(),0.0,0.0
98795,Center Drive,0.0,0.0,0.0,0,(),0.0,0.0
98800,Center Drive,0.0,0.0,0.0,0,(),0.0,0.0
98805,Center Drive,0.0,0.0,0.0,0,(),0.0,0.0
98810,Center Drive,0.0,0.0,0.0,0,(),0.0,0.0
98815,Center Drive,0.0,0.0,0.0,0,(),0.0,0.0
98820,Center Drive,0.0,0.0,0.0,0,(),0.0,0.0
98825,Center Drive,0.0,0.0,0.0,0,(),0.0,0.0
98830,Center Drive,0.0,0.0,0.0,0,(),0.0,0.0
98835,Center Drive,0.0,0.0,0.0,0,(),0.0,0.0
98840,Center Drive,0.0,0.0,0.0,0,(),0.0,0.0
98845,Center Drive,0.0,0.0,0.0,0,(),0.0,0.0
98850,Center Drive,0.0,0.0,0.0,0,(),0.0,0.0
98855,Center Drive,0.0,0.0,0.0,0,(),0.0,0.0
98860,Center Drive,0.0,0.0,0.0,0,(),0.0,0.0
98865,Center Drive,0.0,0.0,0.0,0,(),0.0,0.0
98870,Center Drive,0.0,0.0,0.0,0,(),0.0,0.0
98875,Center Drive,0.0,0.0,0.0,0,(),0.0,0.0
98880,Center Drive,0.0,0.0,0.0,0,(),0.0,0.0
98885,Center Drive,0.0,0.0,0.0,0,(),0.0,0.0
98890,Center Drive,0.0,0.0,0.0,0,(),0.0,0.0
98895,Center Drive,0.0,0.0,0.0,0,(),0.0,0.0
98900,Center Drive,0.0,0.0,0.0,0,(),0.0,0.0
98905,Center Drive,0.0,0.0,0.0,0,(),0.0,0.0
98910,Center Drive,0.0,0.0,0.0,0,(),0.0,0.0
98915,Center Drive,0.0,0.0,0.0,0,(),0.0,0.0
98920,Center Drive,0.0,0.0,0.0,0,(),0.0,0.0
98925,Center Drive,0.0,0.0,0.0,0,(),0.0,0.0
98930,Center Drive,0.0,0.0,0.0,0,(),0.0,0.0
98935,Center Drive,0.0,0.0,0.0,0,(),0.0,0.0
98940,Center Drive,0.0,0.0,0.0,0,(),0.0,0.0
98945,Center Drive,0.0,0.0,0.0,0,(),0.0,0.0
98950,Center Drive,0.0,0.0,0.0,0,(),0.0,0.0
98955,Center Drive,0.0,0.0,0.0,0,(),0.0,0.0
98960,Center Drive,0.0,0.0,0.0,0,(),0.0,0.0
98965,Center Drive,0.0,0.0,0.0,0,(),0.0,0.0
98970,Center Drive,0.0,0.0,0.0,0,(),0.0,0.0
98975,Center Drive,0.0,0.0,0.0,0,(),0.0,0.0
98980,Center Drive,0.0,0.0,0.0,0,(),0.0,0.0
98985,Center Drive,0.0,0.0,0.0,0,(),0.0,0.0
98990,Center Drive,0.0,0.0,0.0,0,(),0.0,0.0
98995,Center Drive,0.0,0.0,0.0,0,(),0.0,0.0
99000,Center Drive,0.0,0.0,0.0,0,(),0.0,0.0
99005,Center Drive,0.0,0.0,0.0,0,(),0.0,0.0
99010,Center Drive,0.0,0.0,0.0,0,(),0.0,0.0
99015,Center Drive,0.0,0.0,0.0,0,(),0.0,0.0
99020,Center Drive,0.0,0.0,0.0,0,(),0.0,0.0
99025,Center Drive,0.0,0.0,0.0,0,(),0.0,0.0
99030,Center Drive,0.0,0.0,0.0,0,(),0.0,0.0
99035,Center Drive,0.0,0.0,0.0,0,(),0.0,0.0
99040,Center Drive,0.0,0.0,0.0,0,(),0.0,0.0
99045,Center Drive,0.0,0.0,0.0,0,(),0.0,0.0
99050,Center Drive,0.0,0.0,0.0,0,(),0.0,0.0
99055,Center Drive,0.0,0.0,0.0,0,(),0.0,0.0
99060,Center Drive,0.0,0.0,0.0,0,(),0.0,0.0
99065,Center Drive,0.0,0.0,0.0,0,(),0.0,0.0
99070,Center Drive,0.0,0.0,0.0,0,(),0.0,0.0
99075,Center Drive,0.0,0.0,0.0,0,(),0.0,0.0
99080,Center Drive,0.0,0.0,0.0,0,(),0.0,0.0
99085,Center Drive,0.0,0.0,0.0,0,(),0.0,0.0
99090,Center Drive,0.0,0.0,0.0,0,(),0.0,0.0
99095,Center Drive,0.0,0.0,0.0,0,(),0.0,0.0
99100,Center Drive,0.0,0.0,0.0,0,(),0.0,0.0
99105,Center Drive,0.0,0.0,0.0,0,(),0.0,0.0
99110,Center Drive,0.0,0.0,0.0,0,(),0.0,0.0
99115,Center Drive,0.0,0.0,0.0,0,(),0.0,0.0
99120,Center Drive,0.0,0.0,0.0,0,(),0.0,0.0
99125,Center Drive,0.0,0.0,0.0,0,(),0.0,0.0
99130,Center Drive,0.0,0.0,0.0,0,(),0.0,0.0
99135,Center Drive,0.0,0.0,0.0,0,(),0.0,0.0
99140,Center Drive,0.0,0.0,0.0,0,(),0.0,0.0
99145,Center Drive,0.0,0.0,0.0,0,(),0.0,0.0
99150,Center Drive,0.0,0.0,0.0,0,(),0.0,0.0
99155,Center Drive,0.0,0.0,0.0,0,(),0.0,0.0
99160,Center Drive,0.0,0.0,0.0,0,(),0.0,0.0
99165,Center Drive,0.0,0.0,0.0,0,(),0.0,0.0
99170,Center Drive,0.0,0.0,0.0,0,(),0.0,0.0
99175,Center Drive,0.0,0.0,0.0,0,(),0.0,0.0
99180,Center Drive,0.0,0.0,0.0,0,(),0.0,0.0
99185,Center Drive,0.0,0.0,0.0,0,(),0.0,0.0
99190,Center Drive,0.0,0.0,0.0,0,(),0.0,0.0
99195,Center Drive,0.0,0.0,0.0,0,(),0.0,0.0
99200,Center Drive,0.0,0.0,0.0,0,(),0.0,0.0
99205,Center Drive,0.0,0.0,0.0,0,(),0.0,0.0
99210,Center Drive,0.0,0.0,0.0,0,(),0.0,0.0
99215,Center Drive,0.0,0.0,0.0,0,(),0.0,0.0
99220,Center Drive,0.0,0.0,0.0,0,(),0.0,0.0
99225,Center Drive,0.0,0.0,0.0,0,(),0.0,0.0
99230,Center Drive,0.0,0.0,0.0,0,(),0.0,0.0
99235,Center Drive,0.0,0.0,0.0,0,(),0.0,0.0
99240,Center Drive,0.0,0.0,0.0,0,(),0.0,0.0
99245,Center Drive,0.0,0.0,0.0,0,(),0.0,0.0
99250,Center Drive,0.0,0.0,0.0,0,(),0.0,0.0
99255,Center Drive,0.0,0.0,0.0,0,(),0.0,0.0
99260,Center Drive,0.0,0.0,0.0,0,(),0.0,0.0
99265,Center Drive,0.0,0.0,0.0,0,(),0.0,0.0
99270,Center Drive,0.0,0.0,0.0,0,(),0.0,0.0
99275,Center Drive,0.0,0.0,0.0,0,(),0.0,0.0
99280,Center Drive,0.0,0.0,0.0,0,(),0.0,0.0
99285,Center Drive,0.0,0.0,0.0,0,(),0.0,0.0
99290,Center Drive,0.0,0.0,0.0,0,(),0.0,0.0
99295,Center Drive,0.0,0.0,0.0,0,(),0.0,0.0
99300,Center Drive,0.0,0.0,0.0,0,(),0.0,0.0
99305,Center Drive,0.0,0.0,0.0,0,(),0.0,0.0
99310,Center Drive,0.0,0.0,0.0,0,(),0.0,0.0
99315,Center Drive,0.0,0.0,0.0,0,(),0.0,0.0
99320,Center Drive,0.0,0.0,0.0,0,(),0.0,0.0
99325,Center Drive,0.0,0.0,0.0,0,(),0.0,0.0
99330,Center Drive,0.0,0.0,0.0,0,(),0.0,0.0
99335,Center Drive,0.0,0.0,0.0,0,(),0.0,0.0
99340,Center Drive,0.0,0.0,0.0,0,(),0.0,0.0
99345,Center Drive,0.0,0.0,0.0,0,(),0.0,0.0
99350,Center Drive,0.0,0.0,0.0,0,(),0.0,0.0
99355,Center Drive,0.0,0.0,0.0,0,(),0.0,0.0
99360,Center Drive,0.0,0.0,0.0,0,(),0.0,0.0
99365,Center Drive,0.0,0.0,0.0,0,(),0.0,0.0
99370,Center Drive,0.0,0.0,0.0,0,(),0.0,0.0
99375,Center Drive,0.0,0.0,0.0,0,(),0.0,0.0
99380,Center Drive,0.0,0.0,0.0,0,(),0.0,0.0
99385,Center Drive,0.0,0.0,0.0,0,(),0.0,0.0
99390,Center Drive,0.0,0.0,0.0,0,(),0.0,0.0
99395,Center Drive,0.0,0.0,0.0,0,(),0.0,0.0
99400,Center Drive,0.0,0.0,0.0,0,(),0.0,0.0
99405,Center Drive,0.0,0.0,0.0,0,(),0.0,0.0
99410,Center Drive,0.0,0.0,0.0,0,(),0.0,0.0
99415,Center Drive,0.0,0.0,0.0,0,(),0.0,0.0
99420,Center Drive,0.0,0.0,0.0,0,(),0.0,0.0
99425,Center Drive,0.0,0.0,0.0,0,(),0.0,0.0
99430,Center Drive,0.0,0.0,0.0,0,(),0.0,0.0
99435,Center Drive,0.0,0.0,0.0,0,(),0.0,0.0
99440,Center Drive,0.0,0.0,0.0,0,(),0.0,0.0
99445,Center Drive,0.0,0.0,0.0,0,(),0.0,0.0
99450,Center Drive,0.0,0.0,0.0,0,(),0.0,0.0
99455,Center Drive,0.0,0.0,0.0,0,(),0.0,0.0
99460,Center Drive,0.0,0.0,0.0,0,(),0.0,0.0
99465,Center Drive,0.0,0.0,0.0,0,(),0.0,0.0
99470,Center Drive,0.0,0.0,0.0,0,(),0.0,0.0
99475,Center Drive,0.0,0.0,0.0,0,(),0.0,0.0
99480,Center Drive,0.0,0.0,0.0,0,(),0.0,0.0
99485,Center Drive,0.0,0.0,0.0,0,(),0.0,0.0
99490,Center Drive,0.0,0.0,0.0,0,(),0.0,0.0
99495,Center Drive,0.0,0.0,0.0,0,(),0.0,0.0
99500,Center Drive,0.0,0.0,0.0,0,(),0.0,0.0
99505,Center Drive,0.0,0.0,0.0,0,(),0.0,0.0
99510,Center Drive,0.0,0.0,0.0,0,(),0.0,0.0
99515,Center Drive,0.0,0.0,0.0,0,(),0.0,0.0
99520,Center Drive,0.0,0.0,0.0,0,(),0.0,0.0
99525,Center Drive,0.0,0.0,0.0,0,(),0.0,0.0
99530,Center Drive,0.0,0.0,0.0,0,(),0.0,0.0
99535,Center Drive,0.0,0.0,0.0,0,(),0.0,0.0
99540,Center Drive,0.0,0.0,0.0,0,(),0.0,0.0
99545,Center Drive,0.0,0.0,0.0,0,(),0.0,0.0
99550,Center Drive,0.0,0.0,0.0,0,(),0.0,0.0
99555,Center Drive,0.0,0.0,0.0,0,(),0.0,0.0
99560,Center Drive,0.0,0.0,0.0,0,(),0.0,0.0
99565,Center Drive,0.0,0.0,0.0,0,(),0.0,0.0
99570,Center Drive,0.0,0.0,0.0,0,(),0.0,0.0
99575,Center Drive,0.0,0.0,0.0,0,(),0.0,0.0
99580,Center Drive,0.0,0.0,0.0,0,(),0.0,0.0
99585,Center Drive,0.0,0.0,0.0,0,(),0.0,0.0
99590,Center Drive,0.0,0.0,0.0,0,(),0.0,0.0
99595,Center Drive,0.0,0.0,0.0,0,(),0.0,0.0
99600,Center Drive,0.0,0.0,0.0,0,(),0.0,0.0
99605,Center Drive,0.0,0.0,0.0,0,(),0.0,0.0
99610,Center Drive,0.0,0.0,0.0,0,(),0.0,0.0
99615,Center Drive,0.0,0.0,0.0,0,(),0.0,0.0
99620,Center Drive,0.0,0.0,0.0,0,(),0.0,0.0
99625,Center Drive,0.0,0.0,0.0,0,(),0.0,0.0
99630,Center Drive,0.0,0.0,0.0,0,(),0.0,0.0
99635,Center Drive,0.0,0.0,0.0,0,(),0.0,0.0
99640,Center Drive,0.0,0.0,0.0,0,(),0.0,0.0
99645,Center Drive,0.0,0.0,0.0,0,(),0.0,0.0
99650,Center Drive,0.0,0.0,0.0,0,(),0.0,0.0
99655,Center Drive,0.0,0.0,0.0,0,(),0.0,0.0
99660,Center Drive,0.0,0.0,0.0,0,(),0.0,0.0
99665,Center Drive,0.0,0.0,0.0,0,(),0.0,0.0
99670,Center Drive,0.0,0.0,0.0,0,(),0.0,0.0
99675,Center Drive,0.0,0.0,0.0,0,(),0.0,0.0
99680,Center Drive,0.0,0.0,0.0,0,(),0.0,0.0
99685,Center Drive,0.0,0.0,0.0,0,(),0.0,0.0
99690,Center Drive,0.0,0.0,0.0,0,(),0.0,0.0
99695,Center Drive,0.0,0.0,0.0,0,(),0.0,0.0
99700,Center Drive,0.0,0.0,0.0,0,(),0.0,0.0
99705,Center Drive,0.0,0.0,0.0,0,(),0.0,0.0
99710,Center Drive,0.0,0.0,0.0,0,(),0.0,0.0
99715,Center Drive,0.0,0.0,0.0,0,(),0.0,0.0
99720,Center Drive,0.0,0.0,0.0,0,(),0.0,0.0
99725,Center Drive,0.0,0.0,0.0,0,(),0.0,0.0
99730,Center Drive,0.0,0.0,0.0,0,(),0.0,0.0
99735,Center Drive,0.0,0.0,0.0,0,(),0.0,0.0
99740,Center Drive,0.0,0.0,0.0,0,(),0.0,0.0
99745,Center Drive,0.0,0.0,0.0,0,(),0.0,0.0
99750,Center Drive,0.0,0.0,0.0,0,(),0.0,0.0
99755,Center Drive,0.0,0.0,0.0,0,(),0.0,0.0
99760,Center Drive,0.0,0.0,0.0,0,(),0.0,0.0
99765,Center Drive,0.0,0.0,0.0,0,(),0.0,0.0
99770,Center Drive,0.0,0.0,0.0,0,(),0.0,0.0
99775,Center Drive,0.0,0.0,0.0,0,(),0.0,0.0
99780,Center Drive,0.0,0.0,0.0,0,(),0.0,0.0
99785,Center Drive,0.0,0.0,0.0,0,(),0.0,0.0
99790,Center Drive,0.0,0.0,0.0,0,(),0.0,0.0
99795,Center Drive,0.0,0.0,0.0,0,(),0.0,0.0
99800,Center Drive,0.0,0.0,0.0,0,(),0.0,0.0
99805,Center Drive,0.0,0.0,0.0,0,(),0.0,0.0
99810,Center Drive,0.0,0.0,0.0,0,(),0.0,0.0
99815,Center Drive,0.0,0.0,0.0,0,(),0.0,0.0
99820,Center Drive,0.0,0.0,0.0,0,(),0.0,0.0
99825,Center Drive,0.0,0.0,0.0,0,(),0.0,0.0
99830,Center Drive,0.0,0.0,0.0,0,(),0.0,0.0
99835,Center Drive,0.0,0.0,0.0,0,(),0.0,0.0
99840,Center Drive,0.0,0.0,0.0,0,(),0.0,0.0
99845,Center Drive,0.0,0.0,0.0,0,(),0.0,0.0
99850,Center Drive,0.0,0.0,0.0,0,(),0.0,0.0
99855,Center Drive,0.0,0.0,0.0,0,(),0.0,0.0
99860,Center Drive,0.0,0.0,0.0,0,(),0.0,0.0
99865,Center Drive,0.0,0.0,0.0,0,(),0.0,0.0
99870,Center Drive,0.0,0.0,0.0,0,(),0.0,0.0
99875,Center Drive,0.0,0.0,0.0,0,(),0.0,0.0
99880,Center Drive,0.0,0.0,0.0,0,(),0.0,0.0
99885,Center Drive,0.0,0.0,0.0,0,(),0.0,0.0
99890,Center Drive,0.0,0.0,0.0,0,(),0.0,0.0
99895,Center Drive,0.0,0.0,0.0,0,(),0.0,0.0
99900,Center Drive,0.0,0.0,0.0,0,(),0.0,0.0
99905,Center Drive,0.0,0.0,0.0,0,(),0.0,0.0
99910,Center Drive,0.0,0.0,0.0,0,(),0.0,0.0
99915,Center Drive,0.0,0.0,0.0,0,(),0.0,0.0
99920,Center Drive,0.0,0.0,0.0,0,(),0.0,0.0
99925,Center Drive,0.0,0.0,0.0,0,(),0.0,0.0
99930,Center Drive,0.0,0.0,0.0,0,(),0.0,0.0
99935,Center Drive,0.0,0.0,0.0,0,(),0.0,0.0
99940,Center Drive,0.0,0.0,0.0,0,(),0.0,0.0
99945,Center Drive,0.0,0.0,0.0,0,(),0.0,0.0
99950,Center Drive,0.0,0.0,0.0,0,(),0.0,0.0
99955,Center Drive,0.0,0.0,0.0,0,(),0.0,0.0
99960,Center Drive,0.0,0.0,0.0,0,(),0.0,0.0
99965,Center Drive,0.0,0.0,0.0,0,(),0.0,0.0
99970,Center Drive,0.0,0.0,0.0,0,(),0.0,0.0
99975,Center Drive,0.0,0.0,0.0,0,(),0.0,0.0
99980,Center Drive,0.0,0.0,0.0,0,(),0.0,0.0
99985,Center Drive,0.0,0.0,0.0,0,(),0.0,0.0
99990,Center Drive,0.0,0.0,0.0,0,(),0.0,0.0
99995,Center Drive,0.0,0.0,0.0,0,(),0.0,0.0
