0,0,gGgrrrGggrrrrGrG,5.0
5,1,gGgrrrGggrrrrrrr,10.0
10,2,yyyrrryyyrrrrrrr,13.0
15,3,rrrgGgrrrgggGrGr,18.0
20,4,rrrgGgrrrgggrrrr,23.0
25,5,rrryygrrryggrrrr,26.0
30,6,rrrrrGrrrrGGrrrr,31.0
35,0,gGgrrrGggrrrrGrG,39.0
40,1,gGgrrrGggrrrrrrr,44.0
45,2,yyyrrryyyrrrrrrr,47.0
50,3,rrrgGgrrrgggGrGr,52.0
55,4,rrrgGgrrrgggrrrr,57.0
60,6,rrrrrGrrrrGGrrrr,65.0
65,7,rrrrryrrrryyrrrr,68.0
70,0,gGgrrrGggrrrrGrG,73.0
75,1,gGgrrrGggrrrrrrr,78.0
80,2,yyyrrryyyrrrrrrr,81.0
85,3,rrrgGgrrrgggGrGr,86.0
90,4,rrrgGgrrrgggrrrr,91.0
95,6,rrrrrGrrrrGGrrrr,99.0
100,7,rrrrryrrrryyrrrr,102.0
105,0,gGgrrrGggrrrrGrG,107.0
110,1,gGgrrrGggrrrrrrr,112.0
115,3,rrrgGgrrrgggGrGr,120.0
120,4,rrrgGgrrrgggrrrr,125.0
125,5,rrryygrrryggrrrr,128.0
130,6,rrrrrGrrrrGGrrrr,133.0
135,7,rrrrryrrrryyrrrr,136.0
140,0,gGgrrrGggrrrrGrG,141.0
145,1,gGgrrrGggrrrrrrr,146.0
150,3,rrrgGgrrrgggGrGr,154.0
155,4,rrrgGgrrrgggrrrr,159.0
160,5,rrryygrrryggrrrr,162.0
165,6,rrrrrGrrrrGGrrrr,167.0
170,0,gGgrrrGggrrrrGrG,175.0
175,1,gGgrrrGggrrrrrrr,180.0
180,2,yyyrrryyyrrrrrrr,183.0
185,3,rrrgGgrrrgggGrGr,188.0
190,4,rrrgGgrrrgggrrrr,193.0
195,5,rrryygrrryggrrrr,196.0
200,6,rrrrrGrrrrGGrrrr,201.0
205,0,gGgrrrGggrrrrGrG,209.0
210,1,gGgrrrGggrrrrrrr,214.0
215,2,yyyrrryyyrrrrrrr,217.0
220,3,rrrgGgrrrgggGrGr,222.0
225,4,rrrgGgrrrgggrrrr,227.0
230,6,rrrrrGrrrrGGrrrr,235.0
235,7,rrrrryrrrryyrrrr,238.0
240,0,gGgrrrGggrrrrGrG,243.0
245,1,gGgrrrGggrrrrrrr,248.0
250,2,yyyrrryyyrrrrrrr,251.0
255,3,rrrgGgrrrgggGrGr,256.0
260,4,rrrgGgrrrgggrrrr,261.0
265,6,rrrrrGrrrrGGrrrr,269.0
270,7,rrrrryrrrryyrrrr,272.0
275,0,gGgrrrGggrrrrGrG,277.0
280,1,gGgrrrGggrrrrrrr,282.0
285,3,rrrgGgrrrgggGrGr,290.0
290,4,rrrgGgrrrgggrrrr,295.0
295,5,rrryygrrryggrrrr,298.0
300,6,rrrrrGrrrrGGrrrr,303.0
305,7,rrrrryrrrryyrrrr,306.0
310,0,gGgrrrGggrrrrGrG,311.0
315,1,gGgrrrGggrrrrrrr,316.0
320,3,rrrgGgrrrgggGrGr,324.0
325,4,rrrgGgrrrgggrrrr,329.0
330,5,rrryygrrryggrrrr,332.0
335,6,rrrrrGrrrrGGrrrr,337.0
340,0,gGgrrrGggrrrrGrG,345.0
345,1,gGgrrrGggrrrrrrr,350.0
350,2,yyyrrryyyrrrrrrr,353.0
355,3,rrrgGgrrrgggGrGr,358.0
360,4,rrrgGgrrrgggrrrr,363.0
365,5,rrryygrrryggrrrr,366.0
370,6,rrrrrGrrrrGGrrrr,371.0
375,0,gGgrrrGggrrrrGrG,379.0
380,1,gGgrrrGggrrrrrrr,384.0
385,2,yyyrrryyyrrrrrrr,387.0
390,3,rrrgGgrrrgggGrGr,392.0
395,4,rrrgGgrrrgggrrrr,397.0
400,6,rrrrrGrrrrGGrrrr,405.0
405,7,rrrrryrrrryyrrrr,408.0
410,0,gGgrrrGggrrrrGrG,413.0
415,1,gGgrrrGggrrrrrrr,418.0
420,2,yyyrrryyyrrrrrrr,421.0
425,3,rrrgGgrrrgggGrGr,426.0
430,4,rrrgGgrrrgggrrrr,431.0
435,6,rrrrrGrrrrGGrrrr,439.0
440,7,rrrrryrrrryyrrrr,442.0
445,0,gGgrrrGggrrrrGrG,447.0
450,1,gGgrrrGggrrrrrrr,452.0
455,3,rrrgGgrrrgggGrGr,460.0
460,3,rrrgGgrrrgggGrGr,461.0
465,4,rrrgGgrrrgggrrrr,467.0
470,6,rrrrrGrrrrGGrrrr,475.0
475,7,rrrrryrrrryyrrrr,478.0
480,0,gGgrrrGggrrrrGrG,483.0
485,1,gGgrrrGggrrrrrrr,488.0
490,2,yyyrrryyyrrrrrrr,491.0
495,3,rrrgGgrrrgggGrGr,496.0
500,4,rrrgGgrrrgggrrrr,501.0
505,6,rrrrrGrrrrGGrrrr,509.0
510,7,rrrrryrrrryyrrrr,512.0
515,0,gGgrrrGggrrrrGrG,517.0
520,1,gGgrrrGggrrrrrrr,522.0
525,3,rrrgGgrrrgggGrGr,530.0
530,4,rrrgGgrrrgggrrrr,535.0
535,5,rrryygrrryggrrrr,538.0
540,6,rrrrrGrrrrGGrrrr,543.0
545,7,rrrrryrrrryyrrrr,546.0
550,0,gGgrrrGggrrrrGrG,551.0
555,1,gGgrrrGggrrrrrrr,556.0
560,3,rrrgGgrrrgggGrGr,564.0
565,4,rrrgGgrrrgggrrrr,569.0
570,5,rrryygrrryggrrrr,572.0
575,6,rrrrrGrrrrGGrrrr,577.0
580,0,gGgrrrGggrrrrGrG,585.0
585,1,gGgrrrGggrrrrrrr,590.0
590,2,yyyrrryyyrrrrrrr,593.0
595,3,rrrgGgrrrgggGrGr,598.0
600,4,rrrgGgrrrgggrrrr,603.0
605,5,rrryygrrryggrrrr,606.0
610,6,rrrrrGrrrrGGrrrr,611.0
615,0,gGgrrrGggrrrrGrG,619.0
620,1,gGgrrrGggrrrrrrr,624.0
625,2,yyyrrryyyrrrrrrr,627.0
630,3,rrrgGgrrrgggGrGr,632.0
635,4,rrrgGgrrrgggrrrr,637.0
640,6,rrrrrGrrrrGGrrrr,645.0
645,7,rrrrryrrrryyrrrr,648.0
650,0,gGgrrrGggrrrrGrG,653.0
655,1,gGgrrrGggrrrrrrr,658.0
660,2,yyyrrryyyrrrrrrr,661.0
665,3,rrrgGgrrrgggGrGr,666.0
670,4,rrrgGgrrrgggrrrr,671.0
675,6,rrrrrGrrrrGGrrrr,679.0
680,7,rrrrryrrrryyrrrr,682.0
685,0,gGgrrrGggrrrrGrG,687.0
690,1,gGgrrrGggrrrrrrr,692.0
695,3,rrrgGgrrrgggGrGr,700.0
700,4,rrrgGgrrrgggrrrr,705.0
705,5,rrryygrrryggrrrr,708.0
710,6,rrrrrGrrrrGGrrrr,713.0
715,7,rrrrryrrrryyrrrr,716.0
720,0,gGgrrrGggrrrrGrG,721.0
725,1,gGgrrrGggrrrrrrr,726.0
730,3,rrrgGgrrrgggGrGr,734.0
735,4,rrrgGgrrrgggrrrr,739.0
740,5,rrryygrrryggrrrr,742.0
745,6,rrrrrGrrrrGGrrrr,747.0
750,0,gGgrrrGggrrrrGrG,755.0
755,0,gGgrrrGggrrrrGrG,756.0
760,1,gGgrrrGggrrrrrrr,762.0
765,3,rrrgGgrrrgggGrGr,770.0
770,4,rrrgGgrrrgggrrrr,775.0
775,5,rrryygrrryggrrrr,778.0
780,6,rrrrrGrrrrGGrrrr,783.0
785,7,rrrrryrrrryyrrrr,786.0
790,0,gGgrrrGggrrrrGrG,791.0
795,1,gGgrrrGggrrrrrrr,796.0
800,3,rrrgGgrrrgggGrGr,804.0
805,4,rrrgGgrrrgggrrrr,809.0
810,5,rrryygrrryggrrrr,812.0
815,6,rrrrrGrrrrGGrrrr,817.0
820,0,gGgrrrGggrrrrGrG,825.0
825,1,gGgrrrGggrrrrrrr,830.0
830,2,yyyrrryyyrrrrrrr,833.0
835,3,rrrgGgrrrgggGrGr,838.0
840,4,rrrgGgrrrgggrrrr,843.0
845,5,rrryygrrryggrrrr,846.0
850,6,rrrrrGrrrrGGrrrr,851.0
855,0,gGgrrrGggrrrrGrG,859.0
860,1,gGgrrrGggrrrrrrr,864.0
865,2,yyyrrryyyrrrrrrr,867.0
870,3,rrrgGgrrrgggGrGr,872.0
875,4,rrrgGgrrrgggrrrr,877.0
880,6,rrrrrGrrrrGGrrrr,885.0
885,7,rrrrryrrrryyrrrr,888.0
890,0,gGgrrrGggrrrrGrG,893.0
895,1,gGgrrrGggrrrrrrr,900.0
900,2,yyyrrryyyrrrrrrr,903.0
905,3,rrrgGgrrrgggGrGr,908.0
910,4,rrrgGgrrrgggrrrr,913.0
915,5,rrryygrrryggrrrr,916.0
920,6,rrrrrGrrrrGGrrrr,921.0
925,0,gGgrrrGggrrrrGrG,929.0
930,1,gGgrrrGggrrrrrrr,934.0
935,2,yyyrrryyyrrrrrrr,937.0
940,3,rrrgGgrrrgggGrGr,942.0
945,4,rrrgGgrrrgggrrrr,947.0
950,6,rrrrrGrrrrGGrrrr,955.0
955,6,rrrrrGrrrrGGrrrr,957.0
960,7,rrrrryrrrryyrrrr,961.0
965,0,gGgrrrGggrrrrGrG,966.0
970,1,gGgrrrGggrrrrrrr,971.0
975,3,rrrgGgrrrgggGrGr,979.0
980,4,rrrgGgrrrgggrrrr,984.0
985,5,rrryygrrryggrrrr,987.0
990,6,rrrrrGrrrrGGrrrr,992.0
995,0,gGgrrrGggrrrrGrG,1000.0
1000,1,gGgrrrGggrrrrrrr,1005.0
1005,2,yyyrrryyyrrrrrrr,1008.0
1010,3,rrrgGgrrrgggGrGr,1013.0
1015,4,rrrgGgrrrgggrrrr,1018.0
1020,5,rrryygrrryggrrrr,1021.0
1025,6,rrrrrGrrrrGGrrrr,1026.0
1030,0,gGgrrrGggrrrrGrG,1034.0
1035,1,gGgrrrGggrrrrrrr,1039.0
1040,2,yyyrrryyyrrrrrrr,1042.0
1045,3,rrrgGgrrrgggGrGr,1047.0
1050,4,rrrgGgrrrgggrrrr,1052.0
1055,6,rrrrrGrrrrGGrrrr,1060.0
1060,7,rrrrryrrrryyrrrr,1063.0
1065,0,gGgrrrGggrrrrGrG,1068.0
1070,1,gGgrrrGggrrrrrrr,1073.0
1075,2,yyyrrryyyrrrrrrr,1076.0
1080,3,rrrgGgrrrgggGrGr,1081.0
1085,4,rrrgGgrrrgggrrrr,1086.0
1090,6,rrrrrGrrrrGGrrrr,1094.0
1095,7,rrrrryrrrryyrrrr,1097.0
1100,0,gGgrrrGggrrrrGrG,1102.0
1105,1,gGgrrrGggrrrrrrr,1107.0
1110,3,rrrgGgrrrgggGrGr,1115.0
1115,4,rrrgGgrrrgggrrrr,1120.0
1120,5,rrryygrrryggrrrr,1123.0
1125,6,rrrrrGrrrrGGrrrr,1128.0
1130,7,rrrrryrrrryyrrrr,1131.0
1135,0,gGgrrrGggrrrrGrG,1136.0
1140,1,gGgrrrGggrrrrrrr,1143.0
1145,2,yyyrrryyyrrrrrrr,1146.0
1150,3,rrrgGgrrrgggGrGr,1151.0
1155,4,rrrgGgrrrgggrrrr,1156.0
1160,6,rrrrrGrrrrGGrrrr,1164.0
1165,7,rrrrryrrrryyrrrr,1167.0
1170,0,gGgrrrGggrrrrGrG,1172.0
1175,1,gGgrrrGggrrrrrrr,1177.0
1180,3,rrrgGgrrrgggGrGr,1185.0
1185,4,rrrgGgrrrgggrrrr,1190.0
1190,5,rrryygrrryggrrrr,1193.0
1195,6,rrrrrGrrrrGGrrrr,1198.0
1200,7,rrrrryrrrryyrrrr,1201.0
1205,0,gGgrrrGggrrrrGrG,1206.0
1210,1,gGgrrrGggrrrrrrr,1213.0
1215,2,yyyrrryyyrrrrrrr,1216.0
1220,3,rrrgGgrrrgggGrGr,1221.0
1225,4,rrrgGgrrrgggrrrr,1226.0
1230,6,rrrrrGrrrrGGrrrr,1234.0
1235,6,rrrrrGrrrrGGrrrr,1236.0
1240,7,rrrrryrrrryyrrrr,1241.0
1245,0,gGgrrrGggrrrrGrG,1246.0
1250,1,gGgrrrGggrrrrrrr,1253.0
1255,2,yyyrrryyyrrrrrrr,1256.0
1260,3,rrrgGgrrrgggGrGr,1261.0
1265,4,rrrgGgrrrgggrrrr,1266.0
1270,6,rrrrrGrrrrGGrrrr,1274.0
1275,7,rrrrryrrrryyrrrr,1277.0
1280,0,gGgrrrGggrrrrGrG,1282.0
1285,1,gGgrrrGggrrrrrrr,1289.0
1290,2,yyyrrryyyrrrrrrr,1292.0
1295,3,rrrgGgrrrgggGrGr,1297.0
1300,4,rrrgGgrrrgggrrrr,1302.0
1305,6,rrrrrGrrrrGGrrrr,1310.0
1310,7,rrrrryrrrryyrrrr,1313.0
1315,0,gGgrrrGggrrrrGrG,1318.0
1320,1,gGgrrrGggrrrrrrr,1325.0
1325,2,yyyrrryyyrrrrrrr,1328.0
1330,3,rrrgGgrrrgggGrGr,1333.0
1335,4,rrrgGgrrrgggrrrr,1338.0
1340,5,rrryygrrryggrrrr,1341.0
1345,6,rrrrrGrrrrGGrrrr,1346.0
1350,0,gGgrrrGggrrrrGrG,1354.0
1355,0,gGgrrrGggrrrrGrG,1356.0
1360,1,gGgrrrGggrrrrrrr,1361.0
1365,3,rrrgGgrrrgggGrGr,1369.0
1370,4,rrrgGgrrrgggrrrr,1374.0
1375,5,rrryygrrryggrrrr,1377.0
1380,6,rrrrrGrrrrGGrrrr,1382.0
1385,0,gGgrrrGggrrrrGrG,1390.0
1390,0,gGgrrrGggrrrrGrG,1392.0
1395,0,gGgrrrGggrrrrGrG,1397.0
1400,1,gGgrrrGggrrrrrrr,1403.0
1405,2,yyyrrryyyrrrrrrr,1406.0
1410,3,rrrgGgrrrgggGrGr,1411.0
1415,4,rrrgGgrrrgggrrrr,1416.0
1420,6,rrrrrGrrrrGGrrrr,1424.0
1425,7,rrrrryrrrryyrrrr,1427.0
1430,0,gGgrrrGggrrrrGrG,1432.0
1435,1,gGgrrrGggrrrrrrr,1437.0
1440,3,rrrgGgrrrgggGrGr,1445.0
1445,4,rrrgGgrrrgggrrrr,1450.0
1450,5,rrryygrrryggrrrr,1453.0
1455,6,rrrrrGrrrrGGrrrr,1458.0
1460,7,rrrrryrrrryyrrrr,1461.0
1465,0,gGgrrrGggrrrrGrG,1466.0
1470,1,gGgrrrGggrrrrrrr,1471.0
1475,3,rrrgGgrrrgggGrGr,1479.0
1480,4,rrrgGgrrrgggrrrr,1484.0
1485,5,rrryygrrryggrrrr,1487.0
1490,6,rrrrrGrrrrGGrrrr,1492.0
1495,0,gGgrrrGggrrrrGrG,1500.0
1500,1,gGgrrrGggrrrrrrr,1505.0
1505,2,yyyrrryyyrrrrrrr,1508.0
1510,3,rrrgGgrrrgggGrGr,1513.0
1515,4,rrrgGgrrrgggrrrr,1518.0
1520,5,rrryygrrryggrrrr,1521.0
1525,6,rrrrrGrrrrGGrrrr,1526.0
1530,0,gGgrrrGggrrrrGrG,1534.0
1535,1,gGgrrrGggrrrrrrr,1539.0
1540,2,yyyrrryyyrrrrrrr,1542.0
1545,3,rrrgGgrrrgggGrGr,1547.0
1550,4,rrrgGgrrrgggrrrr,1552.0
1555,6,rrrrrGrrrrGGrrrr,1560.0
1560,7,rrrrryrrrryyrrrr,1563.0
1565,0,gGgrrrGggrrrrGrG,1568.0
1570,1,gGgrrrGggrrrrrrr,1573.0
1575,2,yyyrrryyyrrrrrrr,1576.0
1580,3,rrrgGgrrrgggGrGr,1581.0
1585,4,rrrgGgrrrgggrrrr,1586.0
1590,6,rrrrrGrrrrGGrrrr,1594.0
1595,7,rrrrryrrrryyrrrr,1597.0
1600,0,gGgrrrGggrrrrGrG,1602.0
1605,1,gGgrrrGggrrrrrrr,1607.0
1610,3,rrrgGgrrrgggGrGr,1615.0
1615,4,rrrgGgrrrgggrrrr,1620.0
1620,5,rrryygrrryggrrrr,1623.0
1625,6,rrrrrGrrrrGGrrrr,1628.0
1630,7,rrrrryrrrryyrrrr,1631.0
1635,0,gGgrrrGggrrrrGrG,1636.0
1640,1,gGgrrrGggrrrrrrr,1641.0
1645,3,rrrgGgrrrgggGrGr,1649.0
1650,4,rrrgGgrrrgggrrrr,1654.0
1655,5,rrryygrrryggrrrr,1657.0
1660,6,rrrrrGrrrrGGrrrr,1662.0
1665,6,rrrrrGrrrrGGrrrr,1666.0
1670,7,rrrrryrrrryyrrrr,1671.0
1675,0,gGgrrrGggrrrrGrG,1676.0
1680,1,gGgrrrGggrrrrrrr,1681.0
1685,3,rrrgGgrrrgggGrGr,1689.0
1690,3,rrrgGgrrrgggGrGr,1691.0
1695,4,rrrgGgrrrgggrrrr,1698.0
1700,5,rrryygrrryggrrrr,1701.0
1705,6,rrrrrGrrrrGGrrrr,1706.0
1710,0,gGgrrrGggrrrrGrG,1714.0
1715,0,gGgrrrGggrrrrGrG,1716.0
1720,1,gGgrrrGggrrrrrrr,1721.0
1725,3,rrrgGgrrrgggGrGr,1729.0
1730,4,rrrgGgrrrgggrrrr,1734.0
1735,5,rrryygrrryggrrrr,1737.0
1740,6,rrrrrGrrrrGGrrrr,1742.0
1745,0,gGgrrrGggrrrrGrG,1750.0
1750,1,gGgrrrGggrrrrrrr,1755.0
1755,2,yyyrrryyyrrrrrrr,1758.0
1760,3,rrrgGgrrrgggGrGr,1763.0
1765,4,rrrgGgrrrgggrrrr,1768.0
1770,5,rrryygrrryggrrrr,1771.0
1775,6,rrrrrGrrrrGGrrrr,1776.0
1780,0,gGgrrrGggrrrrGrG,1784.0
1785,0,gGgrrrGggrrrrGrG,1786.0
1790,1,gGgrrrGggrrrrrrr,1791.0
1795,3,rrrgGgrrrgggGrGr,1799.0
1800,4,rrrgGgrrrgggrrrr,1804.0
1805,5,rrryygrrryggrrrr,1807.0
1810,6,rrrrrGrrrrGGrrrr,1812.0
1815,0,gGgrrrGggrrrrGrG,1820.0
1820,1,gGgrrrGggrrrrrrr,1825.0
1825,2,yyyrrryyyrrrrrrr,1828.0
1830,3,rrrgGgrrrgggGrGr,1833.0
1835,4,rrrgGgrrrgggrrrr,1840.0
1840,5,rrryygrrryggrrrr,1843.0
1845,6,rrrrrGrrrrGGrrrr,1848.0
1850,6,rrrrrGrrrrGGrrrr,1851.0
1855,0,gGgrrrGggrrrrGrG,1860.0
1860,1,gGgrrrGggrrrrrrr,1865.0
1865,2,yyyrrryyyrrrrrrr,1868.0
1870,3,rrrgGgrrrgggGrGr,1873.0
1875,3,rrrgGgrrrgggGrGr,1876.0
1880,4,rrrgGgrrrgggrrrr,1885.0
1885,5,rrryygrrryggrrrr,1888.0
1890,6,rrrrrGrrrrGGrrrr,1893.0
1895,7,rrrrryrrrryyrrrr,1896.0
1900,0,gGgrrrGggrrrrGrG,1901.0
1905,1,gGgrrrGggrrrrrrr,1906.0
1910,3,rrrgGgrrrgggGrGr,1914.0
1915,4,rrrgGgrrrgggrrrr,1919.0
1920,5,rrryygrrryggrrrr,1922.0
1925,6,rrrrrGrrrrGGrrrr,1927.0
1930,0,gGgrrrGggrrrrGrG,1935.0
1935,1,gGgrrrGggrrrrrrr,1940.0
1940,2,yyyrrryyyrrrrrrr,1943.0
1945,3,rrrgGgrrrgggGrGr,1948.0
1950,4,rrrgGgrrrgggrrrr,1953.0
1955,5,rrryygrrryggrrrr,1956.0
1960,6,rrrrrGrrrrGGrrrr,1961.0
1965,0,gGgrrrGggrrrrGrG,1969.0
1970,1,gGgrrrGggrrrrrrr,1974.0
1975,2,yyyrrryyyrrrrrrr,1977.0
1980,3,rrrgGgrrrgggGrGr,1982.0
1985,4,rrrgGgrrrgggrrrr,1987.0
1990,6,rrrrrGrrrrGGrrrr,1995.0
1995,7,rrrrryrrrryyrrrr,1998.0
2000,0,gGgrrrGggrrrrGrG,2003.0
2005,0,gGgrrrGggrrrrGrG,2006.0
2010,1,gGgrrrGggrrrrrrr,2011.0
2015,3,rrrgGgrrrgggGrGr,2019.0
2020,3,rrrgGgrrrgggGrGr,2021.0
2025,4,rrrgGgrrrgggrrrr,2026.0
2030,6,rrrrrGrrrrGGrrrr,2034.0
2035,7,rrrrryrrrryyrrrr,2037.0
2040,0,gGgrrrGggrrrrGrG,2042.0
2045,1,gGgrrrGggrrrrrrr,2047.0
2050,3,rrrgGgrrrgggGrGr,2055.0
2055,3,rrrgGgrrrgggGrGr,2056.0
2060,4,rrrgGgrrrgggrrrr,2062.0
2065,6,rrrrrGrrrrGGrrrr,2070.0
2070,7,rrrrryrrrryyrrrr,2073.0
2075,0,gGgrrrGggrrrrGrG,2078.0
2080,0,gGgrrrGggrrrrGrG,2081.0
2085,0,gGgrrrGggrrrrGrG,2086.0
2090,1,gGgrrrGggrrrrrrr,2091.0
2095,3,rrrgGgrrrgggGrGr,2099.0
2100,4,rrrgGgrrrgggrrrr,2104.0
2105,5,rrryygrrryggrrrr,2107.0
2110,6,rrrrrGrrrrGGrrrr,2112.0
2115,0,gGgrrrGggrrrrGrG,2120.0
2120,0,gGgrrrGggrrrrGrG,2121.0
2125,1,gGgrrrGggrrrrrrr,2126.0
2130,3,rrrgGgrrrgggGrGr,2134.0
2135,4,rrrgGgrrrgggrrrr,2139.0
2140,5,rrryygrrryggrrrr,2142.0
2145,6,rrrrrGrrrrGGrrrr,2147.0
2150,7,rrrrryrrrryyrrrr,2153.0
2155,0,gGgrrrGggrrrrGrG,2158.0
2160,1,gGgrrrGggrrrrrrr,2163.0
2165,2,yyyrrryyyrrrrrrr,2166.0
2170,3,rrrgGgrrrgggGrGr,2171.0
2175,4,rrrgGgrrrgggrrrr,2176.0
2180,6,rrrrrGrrrrGGrrrr,2184.0
2185,7,rrrrryrrrryyrrrr,2187.0
2190,0,gGgrrrGggrrrrGrG,2192.0
2195,1,gGgrrrGggrrrrrrr,2197.0
2200,3,rrrgGgrrrgggGrGr,2205.0
2205,4,rrrgGgrrrgggrrrr,2210.0
2210,5,rrryygrrryggrrrr,2213.0
2215,6,rrrrrGrrrrGGrrrr,2218.0
2220,7,rrrrryrrrryyrrrr,2221.0
2225,0,gGgrrrGggrrrrGrG,2226.0
2230,1,gGgrrrGggrrrrrrr,2231.0
2235,3,rrrgGgrrrgggGrGr,2239.0
2240,4,rrrgGgrrrgggrrrr,2244.0
2245,5,rrryygrrryggrrrr,2247.0
2250,6,rrrrrGrrrrGGrrrr,2252.0
2255,0,gGgrrrGggrrrrGrG,2260.0
2260,1,gGgrrrGggrrrrrrr,2265.0
2265,2,yyyrrryyyrrrrrrr,2268.0
2270,3,rrrgGgrrrgggGrGr,2273.0
2275,4,rrrgGgrrrgggrrrr,2278.0
2280,5,rrryygrrryggrrrr,2281.0
2285,6,rrrrrGrrrrGGrrrr,2286.0
2290,0,gGgrrrGggrrrrGrG,2294.0
2295,1,gGgrrrGggrrrrrrr,2299.0
2300,2,yyyrrryyyrrrrrrr,2302.0
2305,3,rrrgGgrrrgggGrGr,2307.0
2310,4,rrrgGgrrrgggrrrr,2312.0
2315,6,rrrrrGrrrrGGrrrr,2320.0
2320,7,rrrrryrrrryyrrrr,2323.0
2325,0,gGgrrrGggrrrrGrG,2328.0
2330,1,gGgrrrGggrrrrrrr,2333.0
2335,2,yyyrrryyyrrrrrrr,2336.0
2340,3,rrrgGgrrrgggGrGr,2341.0
2345,4,rrrgGgrrrgggrrrr,2346.0
2350,6,rrrrrGrrrrGGrrrr,2354.0
2355,7,rrrrryrrrryyrrrr,2357.0
2360,0,gGgrrrGggrrrrGrG,2362.0
2365,1,gGgrrrGggrrrrrrr,2367.0
2370,3,rrrgGgrrrgggGrGr,2375.0
2375,4,rrrgGgrrrgggrrrr,2380.0
2380,5,rrryygrrryggrrrr,2383.0
2385,6,rrrrrGrrrrGGrrrr,2388.0
2390,7,rrrrryrrrryyrrrr,2391.0
2395,0,gGgrrrGggrrrrGrG,2396.0
2400,1,gGgrrrGggrrrrrrr,2401.0
2405,3,rrrgGgrrrgggGrGr,2409.0
2410,4,rrrgGgrrrgggrrrr,2414.0
2415,5,rrryygrrryggrrrr,2417.0
2420,6,rrrrrGrrrrGGrrrr,2422.0
2425,0,gGgrrrGggrrrrGrG,2430.0
2430,1,gGgrrrGggrrrrrrr,2435.0
2435,2,yyyrrryyyrrrrrrr,2438.0
2440,3,rrrgGgrrrgggGrGr,2443.0
2445,4,rrrgGgrrrgggrrrr,2448.0
2450,5,rrryygrrryggrrrr,2451.0
2455,6,rrrrrGrrrrGGrrrr,2456.0
2460,0,gGgrrrGggrrrrGrG,2464.0
2465,1,gGgrrrGggrrrrrrr,2469.0
2470,2,yyyrrryyyrrrrrrr,2472.0
2475,3,rrrgGgrrrgggGrGr,2477.0
2480,4,rrrgGgrrrgggrrrr,2482.0
2485,6,rrrrrGrrrrGGrrrr,2490.0
2490,7,rrrrryrrrryyrrrr,2493.0
2495,0,gGgrrrGggrrrrGrG,2498.0
2500,1,gGgrrrGggrrrrrrr,2503.0
2505,2,yyyrrryyyrrrrrrr,2506.0
2510,3,rrrgGgrrrgggGrGr,2511.0
2515,4,rrrgGgrrrgggrrrr,2516.0
2520,6,rrrrrGrrrrGGrrrr,2524.0
2525,7,rrrrryrrrryyrrrr,2527.0
2530,0,gGgrrrGggrrrrGrG,2532.0
2535,1,gGgrrrGggrrrrrrr,2537.0
2540,3,rrrgGgrrrgggGrGr,2545.0
2545,4,rrrgGgrrrgggrrrr,2550.0
2550,5,rrryygrrryggrrrr,2553.0
2555,6,rrrrrGrrrrGGrrrr,2558.0
2560,7,rrrrryrrrryyrrrr,2561.0
2565,0,gGgrrrGggrrrrGrG,2566.0
2570,1,gGgrrrGggrrrrrrr,2571.0
2575,3,rrrgGgrrrgggGrGr,2579.0
2580,4,rrrgGgrrrgggrrrr,2584.0
2585,5,rrryygrrryggrrrr,2587.0
2590,6,rrrrrGrrrrGGrrrr,2592.0
2595,0,gGgrrrGggrrrrGrG,2600.0
2600,1,gGgrrrGggrrrrrrr,2605.0
2605,2,yyyrrryyyrrrrrrr,2608.0
2610,3,rrrgGgrrrgggGrGr,2613.0
2615,4,rrrgGgrrrgggrrrr,2618.0
2620,5,rrryygrrryggrrrr,2621.0
2625,6,rrrrrGrrrrGGrrrr,2626.0
2630,0,gGgrrrGggrrrrGrG,2634.0
2635,1,gGgrrrGggrrrrrrr,2639.0
2640,2,yyyrrryyyrrrrrrr,2642.0
2645,3,rrrgGgrrrgggGrGr,2647.0
2650,4,rrrgGgrrrgggrrrr,2652.0
2655,6,rrrrrGrrrrGGrrrr,2660.0
2660,7,rrrrryrrrryyrrrr,2663.0
2665,0,gGgrrrGggrrrrGrG,2668.0
2670,1,gGgrrrGggrrrrrrr,2673.0
2675,2,yyyrrryyyrrrrrrr,2676.0
2680,3,rrrgGgrrrgggGrGr,2681.0
2685,4,rrrgGgrrrgggrrrr,2688.0
2690,5,rrryygrrryggrrrr,2691.0
2695,6,rrrrrGrrrrGGrrrr,2696.0
2700,0,gGgrrrGggrrrrGrG,2704.0
2705,0,gGgrrrGggrrrrGrG,2707.0
2710,0,gGgrrrGggrrrrGrG,2712.0
2715,0,gGgrrrGggrrrrGrG,2717.0
2720,0,gGgrrrGggrrrrGrG,2721.0
2725,1,gGgrrrGggrrrrrrr,2727.0
2730,3,rrrgGgrrrgggGrGr,2735.0
2735,4,rrrgGgrrrgggrrrr,2740.0
2740,5,rrryygrrryggrrrr,2743.0
2745,6,rrrrrGrrrrGGrrrr,2748.0
2750,7,rrrrryrrrryyrrrr,2751.0
2755,0,gGgrrrGggrrrrGrG,2756.0
2760,1,gGgrrrGggrrrrrrr,2763.0
2765,2,yyyrrryyyrrrrrrr,2766.0
2770,3,rrrgGgrrrgggGrGr,2771.0
2775,4,rrrgGgrrrgggrrrr,2776.0
2780,6,rrrrrGrrrrGGrrrr,2784.0
2785,7,rrrrryrrrryyrrrr,2787.0
2790,0,gGgrrrGggrrrrGrG,2792.0
2795,1,gGgrrrGggrrrrrrr,2800.0
2800,2,yyyrrryyyrrrrrrr,2803.0
2805,3,rrrgGgrrrgggGrGr,2808.0
2810,4,rrrgGgrrrgggrrrr,2813.0
2815,5,rrryygrrryggrrrr,2816.0
2820,6,rrrrrGrrrrGGrrrr,2821.0
2825,0,gGgrrrGggrrrrGrG,2829.0
2830,1,gGgrrrGggrrrrrrr,2834.0
2835,2,yyyrrryyyrrrrrrr,2837.0
2840,3,rrrgGgrrrgggGrGr,2842.0
2845,4,rrrgGgrrrgggrrrr,2847.0
2850,6,rrrrrGrrrrGGrrrr,2855.0
2855,7,rrrrryrrrryyrrrr,2858.0
2860,0,gGgrrrGggrrrrGrG,2863.0
2865,1,gGgrrrGggrrrrrrr,2870.0
2870,2,yyyrrryyyrrrrrrr,2873.0
2875,3,rrrgGgrrrgggGrGr,2878.0
2880,4,rrrgGgrrrgggrrrr,2883.0
2885,5,rrryygrrryggrrrr,2886.0
2890,6,rrrrrGrrrrGGrrrr,2891.0
2895,0,gGgrrrGggrrrrGrG,2899.0
2900,1,gGgrrrGggrrrrrrr,2904.0
2905,2,yyyrrryyyrrrrrrr,2907.0
2910,3,rrrgGgrrrgggGrGr,2912.0
2915,4,rrrgGgrrrgggrrrr,2917.0
2920,6,rrrrrGrrrrGGrrrr,2925.0
2925,7,rrrrryrrrryyrrrr,2928.0
2930,0,gGgrrrGggrrrrGrG,2933.0
2935,1,gGgrrrGggrrrrrrr,2939.0
2940,2,yyyrrryyyrrrrrrr,2942.0
2945,3,rrrgGgrrrgggGrGr,2947.0
2950,4,rrrgGgrrrgggrrrr,2952.0
2955,6,rrrrrGrrrrGGrrrr,2960.0
2960,7,rrrrryrrrryyrrrr,2963.0
2965,0,gGgrrrGggrrrrGrG,2968.0
2970,1,gGgrrrGggrrrrrrr,2973.0
2975,2,yyyrrryyyrrrrrrr,2976.0
2980,3,rrrgGgrrrgggGrGr,2981.0
2985,4,rrrgGgrrrgggrrrr,2986.0
2990,6,rrrrrGrrrrGGrrrr,2994.0
2995,7,rrrrryrrrryyrrrr,2997.0
3000,0,gGgrrrGggrrrrGrG,3002.0
3005,1,gGgrrrGggrrrrrrr,3007.0
3010,3,rrrgGgrrrgggGrGr,3015.0
3015,4,rrrgGgrrrgggrrrr,3020.0
3020,5,rrryygrrryggrrrr,3023.0
3025,6,rrrrrGrrrrGGrrrr,3028.0
3030,7,rrrrryrrrryyrrrr,3031.0
3035,0,gGgrrrGggrrrrGrG,3036.0
3040,1,gGgrrrGggrrrrrrr,3041.0
3045,3,rrrgGgrrrgggGrGr,3049.0
3050,4,rrrgGgrrrgggrrrr,3054.0
3055,5,rrryygrrryggrrrr,3057.0
3060,6,rrrrrGrrrrGGrrrr,3062.0
3065,0,gGgrrrGggrrrrGrG,3070.0
3070,1,gGgrrrGggrrrrrrr,3075.0
3075,2,yyyrrryyyrrrrrrr,3078.0
3080,3,rrrgGgrrrgggGrGr,3083.0
3085,3,rrrgGgrrrgggGrGr,3086.0
3090,4,rrrgGgrrrgggrrrr,3094.0
3095,5,rrryygrrryggrrrr,3097.0
3100,6,rrrrrGrrrrGGrrrr,3102.0
3105,0,gGgrrrGggrrrrGrG,3110.0
3110,0,gGgrrrGggrrrrGrG,3111.0
3115,1,gGgrrrGggrrrrrrr,3116.0
3120,3,rrrgGgrrrgggGrGr,3124.0
3125,4,rrrgGgrrrgggrrrr,3130.0
3130,5,rrryygrrryggrrrr,3133.0
3135,6,rrrrrGrrrrGGrrrr,3138.0
3140,7,rrrrryrrrryyrrrr,3141.0
3145,0,gGgrrrGggrrrrGrG,3146.0
3150,1,gGgrrrGggrrrrrrr,3152.0
3155,3,rrrgGgrrrgggGrGr,3160.0
3160,4,rrrgGgrrrgggrrrr,3165.0
3165,5,rrryygrrryggrrrr,3168.0
3170,6,rrrrrGrrrrGGrrrr,3173.0
3175,7,rrrrryrrrryyrrrr,3176.0
3180,0,gGgrrrGggrrrrGrG,3181.0
3185,1,gGgrrrGggrrrrrrr,3186.0
3190,3,rrrgGgrrrgggGrGr,3194.0
3195,4,rrrgGgrrrgggrrrr,3199.0
3200,5,rrryygrrryggrrrr,3202.0
3205,6,rrrrrGrrrrGGrrrr,3207.0
3210,0,gGgrrrGggrrrrGrG,3215.0
3215,0,gGgrrrGggrrrrGrG,3217.0
3220,1,gGgrrrGggrrrrrrr,3223.0
3225,2,yyyrrryyyrrrrrrr,3226.0
3230,3,rrrgGgrrrgggGrGr,3231.0
3235,4,rrrgGgrrrgggrrrr,3236.0
3240,6,rrrrrGrrrrGGrrrr,3244.0
3245,7,rrrrryrrrryyrrrr,3247.0
3250,0,gGgrrrGggrrrrGrG,3252.0
3255,1,gGgrrrGggrrrrrrr,3257.0
3260,3,rrrgGgrrrgggGrGr,3265.0
3265,4,rrrgGgrrrgggrrrr,3270.0
3270,5,rrryygrrryggrrrr,3273.0
3275,6,rrrrrGrrrrGGrrrr,3278.0
3280,7,rrrrryrrrryyrrrr,3281.0
3285,0,gGgrrrGggrrrrGrG,3286.0
3290,1,gGgrrrGggrrrrrrr,3294.0
3295,2,yyyrrryyyrrrrrrr,3297.0
3300,3,rrrgGgrrrgggGrGr,3302.0
3305,4,rrrgGgrrrgggrrrr,3307.0
3310,6,rrrrrGrrrrGGrrrr,3315.0
3315,7,rrrrryrrrryyrrrr,3318.0
3320,0,gGgrrrGggrrrrGrG,3323.0
3325,1,gGgrrrGggrrrrrrr,3328.0
3330,2,yyyrrryyyrrrrrrr,3331.0
3335,3,rrrgGgrrrgggGrGr,3336.0
3340,4,rrrgGgrrrgggrrrr,3341.0
3345,6,rrrrrGrrrrGGrrrr,3349.0
3350,7,rrrrryrrrryyrrrr,3352.0
3355,0,gGgrrrGggrrrrGrG,3357.0
3360,1,gGgrrrGggrrrrrrr,3362.0
3365,3,rrrgGgrrrgggGrGr,3370.0
3370,3,rrrgGgrrrgggGrGr,3371.0
3375,4,rrrgGgrrrgggrrrr,3377.0
3380,6,rrrrrGrrrrGGrrrr,3385.0
3385,6,rrrrrGrrrrGGrrrr,3386.0
3390,0,gGgrrrGggrrrrGrG,3394.0
3395,1,gGgrrrGggrrrrrrr,3399.0
3400,2,yyyrrryyyrrrrrrr,3402.0
3405,3,rrrgGgrrrgggGrGr,3407.0
3410,4,rrrgGgrrrgggrrrr,3414.0
3415,5,rrryygrrryggrrrr,3417.0
3420,6,rrrrrGrrrrGGrrrr,3422.0
3425,0,gGgrrrGggrrrrGrG,3430.0
3430,1,gGgrrrGggrrrrrrr,3435.0
3435,2,yyyrrryyyrrrrrrr,3438.0
3440,3,rrrgGgrrrgggGrGr,3443.0
3445,4,rrrgGgrrrgggrrrr,3448.0
3450,5,rrryygrrryggrrrr,3451.0
3455,6,rrrrrGrrrrGGrrrr,3456.0
3460,0,gGgrrrGggrrrrGrG,3464.0
3465,1,gGgrrrGggrrrrrrr,3469.0
3470,2,yyyrrryyyrrrrrrr,3472.0
3475,3,rrrgGgrrrgggGrGr,3477.0
3480,4,rrrgGgrrrgggrrrr,3482.0
3485,6,rrrrrGrrrrGGrrrr,3490.0
3490,7,rrrrryrrrryyrrrr,3493.0
3495,0,gGgrrrGggrrrrGrG,3498.0
3500,1,gGgrrrGggrrrrrrr,3503.0
3505,2,yyyrrryyyrrrrrrr,3506.0
3510,3,rrrgGgrrrgggGrGr,3511.0
3515,4,rrrgGgrrrgggrrrr,3516.0
3520,6,rrrrrGrrrrGGrrrr,3524.0
3525,7,rrrrryrrrryyrrrr,3527.0
3530,0,gGgrrrGggrrrrGrG,3532.0
3535,1,gGgrrrGggrrrrrrr,3540.0
3540,2,yyyrrryyyrrrrrrr,3543.0
3545,3,rrrgGgrrrgggGrGr,3548.0
3550,4,rrrgGgrrrgggrrrr,3553.0
3555,5,rrryygrrryggrrrr,3556.0
3560,6,rrrrrGrrrrGGrrrr,3561.0
3565,0,gGgrrrGggrrrrGrG,3569.0
3570,1,gGgrrrGggrrrrrrr,3575.0
3575,2,yyyrrryyyrrrrrrr,3578.0
3580,3,rrrgGgrrrgggGrGr,3583.0
3585,4,rrrgGgrrrgggrrrr,3588.0
3590,5,rrryygrrryggrrrr,3591.0
3595,6,rrrrrGrrrrGGrrrr,3596.0
3600,0,gGgrrrGggrrrrGrG,3604.0
3605,0,gGgrrrGggrrrrGrG,3606.0
3610,1,gGgrrrGggrrrrrrr,3612.0
3615,3,rrrgGgrrrgggGrGr,3620.0
3620,3,rrrgGgrrrgggGrGr,3622.0
3625,3,rrrgGgrrrgggGrGr,3626.0
3630,4,rrrgGgrrrgggrrrr,3635.0
3635,5,rrryygrrryggrrrr,3638.0
3640,6,rrrrrGrrrrGGrrrr,3643.0
3645,7,rrrrryrrrryyrrrr,3646.0
3650,0,gGgrrrGggrrrrGrG,3651.0
3655,1,gGgrrrGggrrrrrrr,3656.0
3660,3,rrrgGgrrrgggGrGr,3664.0
3665,3,rrrgGgrrrgggGrGr,3666.0
3670,4,rrrgGgrrrgggrrrr,3671.0
3675,6,rrrrrGrrrrGGrrrr,3679.0
3680,7,rrrrryrrrryyrrrr,3682.0
3685,0,gGgrrrGggrrrrGrG,3687.0
3690,1,gGgrrrGggrrrrrrr,3692.0
3695,3,rrrgGgrrrgggGrGr,3700.0
3700,3,rrrgGgrrrgggGrGr,3701.0
3705,4,rrrgGgrrrgggrrrr,3706.0
3710,6,rrrrrGrrrrGGrrrr,3714.0
3715,7,rrrrryrrrryyrrrr,3717.0
3720,0,gGgrrrGggrrrrGrG,3722.0
3725,1,gGgrrrGggrrrrrrr,3727.0
3730,3,rrrgGgrrrgggGrGr,3735.0
3735,4,rrrgGgrrrgggrrrr,3740.0
3740,5,rrryygrrryggrrrr,3743.0
3745,6,rrrrrGrrrrGGrrrr,3748.0
3750,7,rrrrryrrrryyrrrr,3751.0
3755,0,gGgrrrGggrrrrGrG,3756.0
3760,1,gGgrrrGggrrrrrrr,3761.0
3765,3,rrrgGgrrrgggGrGr,3769.0
3770,3,rrrgGgrrrgggGrGr,3771.0
3775,3,rrrgGgrrrgggGrGr,3776.0
3780,4,rrrgGgrrrgggrrrr,3782.0
3785,6,rrrrrGrrrrGGrrrr,3790.0
3790,7,rrrrryrrrryyrrrr,3793.0
3795,0,gGgrrrGggrrrrGrG,3798.0
3800,1,gGgrrrGggrrrrrrr,3803.0
3805,2,yyyrrryyyrrrrrrr,3806.0
3810,3,rrrgGgrrrgggGrGr,3811.0
3815,4,rrrgGgrrrgggrrrr,3816.0
3820,6,rrrrrGrrrrGGrrrr,3824.0
3825,7,rrrrryrrrryyrrrr,3827.0
3830,0,gGgrrrGggrrrrGrG,3832.0
3835,1,gGgrrrGggrrrrrrr,3837.0
3840,3,rrrgGgrrrgggGrGr,3845.0
3845,3,rrrgGgrrrgggGrGr,3847.0
3850,3,rrrgGgrrrgggGrGr,3851.0
3855,4,rrrgGgrrrgggrrrr,3859.0
3860,5,rrryygrrryggrrrr,3862.0
3865,6,rrrrrGrrrrGGrrrr,3867.0
3870,0,gGgrrrGggrrrrGrG,3875.0
3875,1,gGgrrrGggrrrrrrr,3880.0
3880,2,yyyrrryyyrrrrrrr,3883.0
3885,3,rrrgGgrrrgggGrGr,3888.0
3890,4,rrrgGgrrrgggrrrr,3893.0
3895,5,rrryygrrryggrrrr,3896.0
3900,6,rrrrrGrrrrGGrrrr,3901.0
3905,7,rrrrryrrrryyrrrr,3907.0
3910,0,gGgrrrGggrrrrGrG,3912.0
3915,1,gGgrrrGggrrrrrrr,3917.0
3920,3,rrrgGgrrrgggGrGr,3925.0
3925,4,rrrgGgrrrgggrrrr,3930.0
3930,5,rrryygrrryggrrrr,3933.0
3935,6,rrrrrGrrrrGGrrrr,3938.0
3940,7,rrrrryrrrryyrrrr,3941.0
3945,0,gGgrrrGggrrrrGrG,3946.0
3950,1,gGgrrrGggrrrrrrr,3951.0
3955,3,rrrgGgrrrgggGrGr,3959.0
3960,4,rrrgGgrrrgggrrrr,3964.0
3965,5,rrryygrrryggrrrr,3967.0
3970,6,rrrrrGrrrrGGrrrr,3972.0
3975,6,rrrrrGrrrrGGrrrr,3976.0
3980,0,gGgrrrGggrrrrGrG,3985.0
3985,1,gGgrrrGggrrrrrrr,3990.0
3990,2,yyyrrryyyrrrrrrr,3993.0
3995,3,rrrgGgrrrgggGrGr,3998.0
4000,4,rrrgGgrrrgggrrrr,4003.0
4005,5,rrryygrrryggrrrr,4006.0
4010,6,rrrrrGrrrrGGrrrr,4011.0
4015,0,gGgrrrGggrrrrGrG,4019.0
4020,1,gGgrrrGggrrrrrrr,4024.0
4025,2,yyyrrryyyrrrrrrr,4027.0
4030,3,rrrgGgrrrgggGrGr,4032.0
4035,4,rrrgGgrrrgggrrrr,4037.0
4040,6,rrrrrGrrrrGGrrrr,4045.0
4045,7,rrrrryrrrryyrrrr,4048.0
4050,0,gGgrrrGggrrrrGrG,4053.0
4055,1,gGgrrrGggrrrrrrr,4058.0
4060,2,yyyrrryyyrrrrrrr,4061.0
4065,3,rrrgGgrrrgggGrGr,4066.0
4070,4,rrrgGgrrrgggrrrr,4071.0
4075,6,rrrrrGrrrrGGrrrr,4079.0
4080,7,rrrrryrrrryyrrrr,4082.0
4085,0,gGgrrrGggrrrrGrG,4087.0
4090,1,gGgrrrGggrrrrrrr,4092.0
4095,3,rrrgGgrrrgggGrGr,4100.0
4100,4,rrrgGgrrrgggrrrr,4105.0
4105,5,rrryygrrryggrrrr,4108.0
4110,6,rrrrrGrrrrGGrrrr,4113.0
4115,7,rrrrryrrrryyrrrr,4116.0
4120,0,gGgrrrGggrrrrGrG,4121.0
4125,1,gGgrrrGggrrrrrrr,4126.0
4130,3,rrrgGgrrrgggGrGr,4134.0
4135,4,rrrgGgrrrgggrrrr,4139.0
4140,5,rrryygrrryggrrrr,4142.0
4145,6,rrrrrGrrrrGGrrrr,4147.0
4150,0,gGgrrrGggrrrrGrG,4155.0
4155,1,gGgrrrGggrrrrrrr,4160.0
4160,2,yyyrrryyyrrrrrrr,4163.0
4165,3,rrrgGgrrrgggGrGr,4168.0
4170,4,rrrgGgrrrgggrrrr,4173.0
4175,5,rrryygrrryggrrrr,4176.0
4180,6,rrrrrGrrrrGGrrrr,4181.0
4185,0,gGgrrrGggrrrrGrG,4189.0
4190,1,gGgrrrGggrrrrrrr,4194.0
4195,2,yyyrrryyyrrrrrrr,4197.0
4200,3,rrrgGgrrrgggGrGr,4202.0
4205,4,rrrgGgrrrgggrrrr,4207.0
4210,6,rrrrrGrrrrGGrrrr,4215.0
4215,7,rrrrryrrrryyrrrr,4218.0
4220,0,gGgrrrGggrrrrGrG,4223.0
4225,1,gGgrrrGggrrrrrrr,4228.0
4230,2,yyyrrryyyrrrrrrr,4231.0
4235,3,rrrgGgrrrgggGrGr,4236.0
4240,4,rrrgGgrrrgggrrrr,4241.0
4245,6,rrrrrGrrrrGGrrrr,4249.0
4250,7,rrrrryrrrryyrrrr,4252.0
4255,0,gGgrrrGggrrrrGrG,4257.0
4260,1,gGgrrrGggrrrrrrr,4262.0
4265,3,rrrgGgrrrgggGrGr,4270.0
4270,4,rrrgGgrrrgggrrrr,4275.0
4275,5,rrryygrrryggrrrr,4278.0
4280,6,rrrrrGrrrrGGrrrr,4283.0
4285,7,rrrrryrrrryyrrrr,4286.0
4290,0,gGgrrrGggrrrrGrG,4291.0
4295,1,gGgrrrGggrrrrrrr,4296.0
4300,3,rrrgGgrrrgggGrGr,4304.0
4305,4,rrrgGgrrrgggrrrr,4309.0
4310,5,rrryygrrryggrrrr,4312.0
4315,6,rrrrrGrrrrGGrrrr,4317.0
4320,0,gGgrrrGggrrrrGrG,4325.0
4325,1,gGgrrrGggrrrrrrr,4330.0
4330,2,yyyrrryyyrrrrrrr,4333.0
4335,3,rrrgGgrrrgggGrGr,4338.0
4340,4,rrrgGgrrrgggrrrr,4343.0
4345,5,rrryygrrryggrrrr,4346.0
4350,6,rrrrrGrrrrGGrrrr,4351.0
4355,0,gGgrrrGggrrrrGrG,4359.0
4360,0,gGgrrrGggrrrrGrG,4361.0
4365,1,gGgrrrGggrrrrrrr,4369.0
4370,2,yyyrrryyyrrrrrrr,4372.0
4375,3,rrrgGgrrrgggGrGr,4377.0
4380,4,rrrgGgrrrgggrrrr,4382.0
4385,6,rrrrrGrrrrGGrrrr,4390.0
4390,7,rrrrryrrrryyrrrr,4393.0
4395,0,gGgrrrGggrrrrGrG,4398.0
4400,1,gGgrrrGggrrrrrrr,4403.0
4405,2,yyyrrryyyrrrrrrr,4406.0
4410,3,rrrgGgrrrgggGrGr,4411.0
4415,4,rrrgGgrrrgggrrrr,4416.0
4420,6,rrrrrGrrrrGGrrrr,4424.0
4425,7,rrrrryrrrryyrrrr,4427.0
4430,0,gGgrrrGggrrrrGrG,4432.0
4435,1,gGgrrrGggrrrrrrr,4437.0
4440,3,rrrgGgrrrgggGrGr,4445.0
4445,4,rrrgGgrrrgggrrrr,4450.0
4450,5,rrryygrrryggrrrr,4453.0
4455,6,rrrrrGrrrrGGrrrr,4458.0
4460,7,rrrrryrrrryyrrrr,4461.0
4465,0,gGgrrrGggrrrrGrG,4466.0
4470,1,gGgrrrGggrrrrrrr,4471.0
4475,3,rrrgGgrrrgggGrGr,4479.0
4480,4,rrrgGgrrrgggrrrr,4484.0
4485,5,rrryygrrryggrrrr,4487.0
4490,6,rrrrrGrrrrGGrrrr,4492.0
4495,0,gGgrrrGggrrrrGrG,4500.0
4500,1,gGgrrrGggrrrrrrr,4505.0
4505,2,yyyrrryyyrrrrrrr,4508.0
4510,3,rrrgGgrrrgggGrGr,4513.0
4515,4,rrrgGgrrrgggrrrr,4518.0
4520,5,rrryygrrryggrrrr,4521.0
4525,6,rrrrrGrrrrGGrrrr,4526.0
4530,0,gGgrrrGggrrrrGrG,4534.0
4535,1,gGgrrrGggrrrrrrr,4539.0
4540,2,yyyrrryyyrrrrrrr,4542.0
4545,3,rrrgGgrrrgggGrGr,4547.0
4550,4,rrrgGgrrrgggrrrr,4552.0
4555,6,rrrrrGrrrrGGrrrr,4560.0
4560,7,rrrrryrrrryyrrrr,4563.0
4565,0,gGgrrrGggrrrrGrG,4568.0
4570,1,gGgrrrGggrrrrrrr,4573.0
4575,2,yyyrrryyyrrrrrrr,4576.0
4580,3,rrrgGgrrrgggGrGr,4581.0
4585,4,rrrgGgrrrgggrrrr,4586.0
4590,6,rrrrrGrrrrGGrrrr,4594.0
4595,7,rrrrryrrrryyrrrr,4597.0
4600,0,gGgrrrGggrrrrGrG,4602.0
4605,1,gGgrrrGggrrrrrrr,4607.0
4610,3,rrrgGgrrrgggGrGr,4615.0
4615,4,rrrgGgrrrgggrrrr,4620.0
4620,5,rrryygrrryggrrrr,4623.0
4625,6,rrrrrGrrrrGGrrrr,4628.0
4630,7,rrrrryrrrryyrrrr,4631.0
4635,0,gGgrrrGggrrrrGrG,4636.0
4640,1,gGgrrrGggrrrrrrr,4641.0
4645,3,rrrgGgrrrgggGrGr,4649.0
4650,4,rrrgGgrrrgggrrrr,4654.0
4655,5,rrryygrrryggrrrr,4657.0
4660,6,rrrrrGrrrrGGrrrr,4662.0
4665,0,gGgrrrGggrrrrGrG,4670.0
4670,1,gGgrrrGggrrrrrrr,4675.0
4675,2,yyyrrryyyrrrrrrr,4678.0
4680,3,rrrgGgrrrgggGrGr,4683.0
4685,4,rrrgGgrrrgggrrrr,4688.0
4690,5,rrryygrrryggrrrr,4691.0
4695,6,rrrrrGrrrrGGrrrr,4696.0
4700,0,gGgrrrGggrrrrGrG,4704.0
4705,1,gGgrrrGggrrrrrrr,4709.0
4710,2,yyyrrryyyrrrrrrr,4712.0
4715,3,rrrgGgrrrgggGrGr,4717.0
4720,4,rrrgGgrrrgggrrrr,4722.0
4725,6,rrrrrGrrrrGGrrrr,4730.0
4730,7,rrrrryrrrryyrrrr,4733.0
4735,0,gGgrrrGggrrrrGrG,4738.0
4740,1,gGgrrrGggrrrrrrr,4743.0
4745,2,yyyrrryyyrrrrrrr,4746.0
4750,3,rrrgGgrrrgggGrGr,4751.0
4755,4,rrrgGgrrrgggrrrr,4756.0
4760,6,rrrrrGrrrrGGrrrr,4764.0
4765,7,rrrrryrrrryyrrrr,4767.0
4770,0,gGgrrrGggrrrrGrG,4772.0
4775,1,gGgrrrGggrrrrrrr,4777.0
4780,3,rrrgGgrrrgggGrGr,4785.0
4785,4,rrrgGgrrrgggrrrr,4790.0
4790,5,rrryygrrryggrrrr,4793.0
4795,6,rrrrrGrrrrGGrrrr,4798.0
4800,7,rrrrryrrrryyrrrr,4801.0
4805,0,gGgrrrGggrrrrGrG,4806.0
4810,1,gGgrrrGggrrrrrrr,4811.0
4815,3,rrrgGgrrrgggGrGr,4819.0
4820,4,rrrgGgrrrgggrrrr,4824.0
4825,5,rrryygrrryggrrrr,4827.0
4830,6,rrrrrGrrrrGGrrrr,4832.0
4835,0,gGgrrrGggrrrrGrG,4840.0
4840,1,gGgrrrGggrrrrrrr,4845.0
4845,2,yyyrrryyyrrrrrrr,4848.0
4850,3,rrrgGgrrrgggGrGr,4853.0
4855,4,rrrgGgrrrgggrrrr,4858.0
4860,5,rrryygrrryggrrrr,4861.0
4865,6,rrrrrGrrrrGGrrrr,4866.0
4870,0,gGgrrrGggrrrrGrG,4874.0
4875,1,gGgrrrGggrrrrrrr,4879.0
4880,2,yyyrrryyyrrrrrrr,4882.0
4885,3,rrrgGgrrrgggGrGr,4887.0
4890,4,rrrgGgrrrgggrrrr,4892.0
4895,6,rrrrrGrrrrGGrrrr,4900.0
4900,7,rrrrryrrrryyrrrr,4903.0
4905,0,gGgrrrGggrrrrGrG,4908.0
4910,1,gGgrrrGggrrrrrrr,4913.0
4915,2,yyyrrryyyrrrrrrr,4916.0
4920,3,rrrgGgrrrgggGrGr,4921.0
4925,4,rrrgGgrrrgggrrrr,4926.0
4930,6,rrrrrGrrrrGGrrrr,4934.0
4935,7,rrrrryrrrryyrrrr,4937.0
4940,0,gGgrrrGggrrrrGrG,4942.0
4945,1,gGgrrrGggrrrrrrr,4947.0
4950,3,rrrgGgrrrgggGrGr,4955.0
4955,4,rrrgGgrrrgggrrrr,4960.0
4960,5,rrryygrrryggrrrr,4963.0
4965,6,rrrrrGrrrrGGrrrr,4968.0
4970,7,rrrrryrrrryyrrrr,4971.0
4975,0,gGgrrrGggrrrrGrG,4976.0
4980,1,gGgrrrGggrrrrrrr,4981.0
4985,3,rrrgGgrrrgggGrGr,4989.0
4990,4,rrrgGgrrrgggrrrr,4994.0
4995,5,rrryygrrryggrrrr,4997.0
5000,6,rrrrrGrrrrGGrrrr,5002.0
5005,0,gGgrrrGggrrrrGrG,5010.0
5010,1,gGgrrrGggrrrrrrr,5015.0
5015,2,yyyrrryyyrrrrrrr,5018.0
5020,3,rrrgGgrrrgggGrGr,5023.0
5025,4,rrrgGgrrrgggrrrr,5028.0
5030,5,rrryygrrryggrrrr,5031.0
5035,6,rrrrrGrrrrGGrrrr,5036.0
5040,0,gGgrrrGggrrrrGrG,5044.0
5045,1,gGgrrrGggrrrrrrr,5049.0
5050,2,yyyrrryyyrrrrrrr,5052.0
5055,3,rrrgGgrrrgggGrGr,5057.0
5060,4,rrrgGgrrrgggrrrr,5062.0
5065,6,rrrrrGrrrrGGrrrr,5070.0
5070,7,rrrrryrrrryyrrrr,5073.0
5075,0,gGgrrrGggrrrrGrG,5078.0
5080,1,gGgrrrGggrrrrrrr,5083.0
5085,2,yyyrrryyyrrrrrrr,5086.0
5090,3,rrrgGgrrrgggGrGr,5091.0
5095,4,rrrgGgrrrgggrrrr,5096.0
5100,6,rrrrrGrrrrGGrrrr,5104.0
5105,7,rrrrryrrrryyrrrr,5107.0
5110,0,gGgrrrGggrrrrGrG,5112.0
5115,1,gGgrrrGggrrrrrrr,5117.0
5120,3,rrrgGgrrrgggGrGr,5125.0
5125,4,rrrgGgrrrgggrrrr,5130.0
5130,5,rrryygrrryggrrrr,5133.0
5135,6,rrrrrGrrrrGGrrrr,5138.0
5140,7,rrrrryrrrryyrrrr,5141.0
5145,0,gGgrrrGggrrrrGrG,5146.0
5150,1,gGgrrrGggrrrrrrr,5154.0
5155,2,yyyrrryyyrrrrrrr,5157.0
5160,3,rrrgGgrrrgggGrGr,5162.0
5165,4,rrrgGgrrrgggrrrr,5167.0
5170,6,rrrrrGrrrrGGrrrr,5175.0
5175,7,rrrrryrrrryyrrrr,5178.0
5180,0,gGgrrrGggrrrrGrG,5183.0
5185,1,gGgrrrGggrrrrrrr,5188.0
5190,2,yyyrrryyyrrrrrrr,5191.0
5195,3,rrrgGgrrrgggGrGr,5196.0
5200,4,rrrgGgrrrgggrrrr,5201.0
5205,6,rrrrrGrrrrGGrrrr,5209.0
5210,7,rrrrryrrrryyrrrr,5212.0
5215,0,gGgrrrGggrrrrGrG,5217.0
5220,1,gGgrrrGggrrrrrrr,5222.0
5225,3,rrrgGgrrrgggGrGr,5230.0
5230,4,rrrgGgrrrgggrrrr,5235.0
5235,5,rrryygrrryggrrrr,5238.0
5240,6,rrrrrGrrrrGGrrrr,5243.0
5245,7,rrrrryrrrryyrrrr,5246.0
5250,0,gGgrrrGggrrrrGrG,5251.0
5255,1,gGgrrrGggrrrrrrr,5256.0
5260,3,rrrgGgrrrgggGrGr,5264.0
5265,4,rrrgGgrrrgggrrrr,5269.0
5270,5,rrryygrrryggrrrr,5272.0
5275,6,rrrrrGrrrrGGrrrr,5277.0
5280,0,gGgrrrGggrrrrGrG,5285.0
5285,1,gGgrrrGggrrrrrrr,5290.0
5290,2,yyyrrryyyrrrrrrr,5293.0
5295,3,rrrgGgrrrgggGrGr,5298.0
5300,4,rrrgGgrrrgggrrrr,5303.0
5305,5,rrryygrrryggrrrr,5306.0
5310,6,rrrrrGrrrrGGrrrr,5311.0
5315,0,gGgrrrGggrrrrGrG,5319.0
5320,1,gGgrrrGggrrrrrrr,5324.0
5325,2,yyyrrryyyrrrrrrr,5327.0
5330,3,rrrgGgrrrgggGrGr,5332.0
5335,4,rrrgGgrrrgggrrrr,5337.0
5340,6,rrrrrGrrrrGGrrrr,5345.0
5345,7,rrrrryrrrryyrrrr,5348.0
5350,0,gGgrrrGggrrrrGrG,5353.0
5355,1,gGgrrrGggrrrrrrr,5358.0
5360,2,yyyrrryyyrrrrrrr,5361.0
5365,3,rrrgGgrrrgggGrGr,5366.0
5370,4,rrrgGgrrrgggrrrr,5371.0
5375,6,rrrrrGrrrrGGrrrr,5379.0
5380,7,rrrrryrrrryyrrrr,5382.0
5385,0,gGgrrrGggrrrrGrG,5387.0
5390,1,gGgrrrGggrrrrrrr,5395.0
5395,2,yyyrrryyyrrrrrrr,5398.0
5400,3,rrrgGgrrrgggGrGr,5403.0
5405,4,rrrgGgrrrgggrrrr,5408.0
5410,5,rrryygrrryggrrrr,5411.0
5415,6,rrrrrGrrrrGGrrrr,5416.0
5420,0,gGgrrrGggrrrrGrG,5424.0
5425,1,gGgrrrGggrrrrrrr,5429.0
5430,2,yyyrrryyyrrrrrrr,5432.0
5435,3,rrrgGgrrrgggGrGr,5437.0
5440,4,rrrgGgrrrgggrrrr,5442.0
5445,6,rrrrrGrrrrGGrrrr,5450.0
5450,7,rrrrryrrrryyrrrr,5453.0
5455,0,gGgrrrGggrrrrGrG,5458.0
5460,1,gGgrrrGggrrrrrrr,5463.0
5465,2,yyyrrryyyrrrrrrr,5466.0
5470,3,rrrgGgrrrgggGrGr,5471.0
5475,4,rrrgGgrrrgggrrrr,5476.0
5480,6,rrrrrGrrrrGGrrrr,5484.0
5485,7,rrrrryrrrryyrrrr,5487.0
5490,0,gGgrrrGggrrrrGrG,5492.0
5495,1,gGgrrrGggrrrrrrr,5497.0
5500,3,rrrgGgrrrgggGrGr,5505.0
5505,4,rrrgGgrrrgggrrrr,5510.0
5510,5,rrryygrrryggrrrr,5513.0
5515,6,rrrrrGrrrrGGrrrr,5518.0
5520,7,rrrrryrrrryyrrrr,5521.0
5525,0,gGgrrrGggrrrrGrG,5526.0
5530,1,gGgrrrGggrrrrrrr,5531.0
5535,3,rrrgGgrrrgggGrGr,5539.0
5540,4,rrrgGgrrrgggrrrr,5544.0
5545,5,rrryygrrryggrrrr,5547.0
5550,6,rrrrrGrrrrGGrrrr,5552.0
5555,0,gGgrrrGggrrrrGrG,5560.0
5560,1,gGgrrrGggrrrrrrr,5565.0
5565,2,yyyrrryyyrrrrrrr,5568.0
5570,3,rrrgGgrrrgggGrGr,5573.0
5575,4,rrrgGgrrrgggrrrr,5578.0
5580,5,rrryygrrryggrrrr,5581.0
5585,6,rrrrrGrrrrGGrrrr,5586.0
5590,0,gGgrrrGggrrrrGrG,5594.0
5595,1,gGgrrrGggrrrrrrr,5599.0
5600,2,yyyrrryyyrrrrrrr,5602.0
5605,3,rrrgGgrrrgggGrGr,5607.0
5610,4,rrrgGgrrrgggrrrr,5612.0
5615,6,rrrrrGrrrrGGrrrr,5620.0
5620,7,rrrrryrrrryyrrrr,5623.0
5625,0,gGgrrrGggrrrrGrG,5628.0
5630,1,gGgrrrGggrrrrrrr,5633.0
5635,2,yyyrrryyyrrrrrrr,5636.0
5640,3,rrrgGgrrrgggGrGr,5641.0
5645,4,rrrgGgrrrgggrrrr,5646.0
5650,6,rrrrrGrrrrGGrrrr,5654.0
5655,7,rrrrryrrrryyrrrr,5657.0
5660,0,gGgrrrGggrrrrGrG,5662.0
5665,1,gGgrrrGggrrrrrrr,5667.0
5670,3,rrrgGgrrrgggGrGr,5675.0
5675,4,rrrgGgrrrgggrrrr,5680.0
5680,5,rrryygrrryggrrrr,5683.0
5685,6,rrrrrGrrrrGGrrrr,5688.0
5690,7,rrrrryrrrryyrrrr,5691.0
5695,0,gGgrrrGggrrrrGrG,5696.0
5700,1,gGgrrrGggrrrrrrr,5701.0
5705,3,rrrgGgrrrgggGrGr,5709.0
5710,4,rrrgGgrrrgggrrrr,5714.0
5715,5,rrryygrrryggrrrr,5717.0
5720,6,rrrrrGrrrrGGrrrr,5722.0
5725,0,gGgrrrGggrrrrGrG,5730.0
5730,1,gGgrrrGggrrrrrrr,5735.0
5735,2,yyyrrryyyrrrrrrr,5738.0
5740,3,rrrgGgrrrgggGrGr,5743.0
5745,4,rrrgGgrrrgggrrrr,5748.0
5750,5,rrryygrrryggrrrr,5751.0
5755,6,rrrrrGrrrrGGrrrr,5756.0
5760,0,gGgrrrGggrrrrGrG,5764.0
5765,1,gGgrrrGggrrrrrrr,5769.0
5770,2,yyyrrryyyrrrrrrr,5772.0
5775,3,rrrgGgrrrgggGrGr,5777.0
5780,4,rrrgGgrrrgggrrrr,5782.0
5785,6,rrrrrGrrrrGGrrrr,5790.0
5790,7,rrrrryrrrryyrrrr,5793.0
5795,0,gGgrrrGggrrrrGrG,5798.0
5800,1,gGgrrrGggrrrrrrr,5803.0
5805,2,yyyrrryyyrrrrrrr,5806.0
5810,3,rrrgGgrrrgggGrGr,5811.0
5815,4,rrrgGgrrrgggrrrr,5816.0
5820,6,rrrrrGrrrrGGrrrr,5824.0
5825,7,rrrrryrrrryyrrrr,5827.0
5830,0,gGgrrrGggrrrrGrG,5832.0
5835,1,gGgrrrGggrrrrrrr,5837.0
5840,3,rrrgGgrrrgggGrGr,5845.0
5845,4,rrrgGgrrrgggrrrr,5850.0
5850,5,rrryygrrryggrrrr,5853.0
5855,6,rrrrrGrrrrGGrrrr,5858.0
5860,7,rrrrryrrrryyrrrr,5861.0
5865,0,gGgrrrGggrrrrGrG,5866.0
5870,1,gGgrrrGggrrrrrrr,5871.0
5875,3,rrrgGgrrrgggGrGr,5879.0
5880,4,rrrgGgrrrgggrrrr,5884.0
5885,5,rrryygrrryggrrrr,5887.0
5890,6,rrrrrGrrrrGGrrrr,5892.0
5895,0,gGgrrrGggrrrrGrG,5900.0
5900,1,gGgrrrGggrrrrrrr,5905.0
5905,2,yyyrrryyyrrrrrrr,5908.0
5910,3,rrrgGgrrrgggGrGr,5913.0
5915,4,rrrgGgrrrgggrrrr,5918.0
5920,5,rrryygrrryggrrrr,5921.0
5925,6,rrrrrGrrrrGGrrrr,5926.0
5930,0,gGgrrrGggrrrrGrG,5934.0
5935,1,gGgrrrGggrrrrrrr,5939.0
5940,2,yyyrrryyyrrrrrrr,5942.0
5945,3,rrrgGgrrrgggGrGr,5947.0
5950,4,rrrgGgrrrgggrrrr,5952.0
5955,6,rrrrrGrrrrGGrrrr,5960.0
5960,7,rrrrryrrrryyrrrr,5963.0
5965,0,gGgrrrGggrrrrGrG,5968.0
5970,1,gGgrrrGggrrrrrrr,5973.0
5975,2,yyyrrryyyrrrrrrr,5976.0
5980,3,rrrgGgrrrgggGrGr,5981.0
5985,4,rrrgGgrrrgggrrrr,5986.0
5990,6,rrrrrGrrrrGGrrrr,5994.0
5995,7,rrrrryrrrryyrrrr,5997.0
6000,0,gGgrrrGggrrrrGrG,6002.0
6005,1,gGgrrrGggrrrrrrr,6007.0
6010,3,rrrgGgrrrgggGrGr,6015.0
6015,4,rrrgGgrrrgggrrrr,6020.0
6020,5,rrryygrrryggrrrr,6023.0
6025,6,rrrrrGrrrrGGrrrr,6028.0
6030,7,rrrrryrrrryyrrrr,6031.0
6035,0,gGgrrrGggrrrrGrG,6036.0
6040,1,gGgrrrGggrrrrrrr,6041.0
6045,3,rrrgGgrrrgggGrGr,6049.0
6050,4,rrrgGgrrrgggrrrr,6054.0
6055,5,rrryygrrryggrrrr,6057.0
6060,6,rrrrrGrrrrGGrrrr,6062.0
6065,0,gGgrrrGggrrrrGrG,6070.0
6070,1,gGgrrrGggrrrrrrr,6075.0
6075,2,yyyrrryyyrrrrrrr,6078.0
6080,3,rrrgGgrrrgggGrGr,6083.0
6085,4,rrrgGgrrrgggrrrr,6088.0
6090,5,rrryygrrryggrrrr,6091.0
6095,6,rrrrrGrrrrGGrrrr,6096.0
6100,0,gGgrrrGggrrrrGrG,6104.0
6105,1,gGgrrrGggrrrrrrr,6109.0
6110,2,yyyrrryyyrrrrrrr,6112.0
6115,3,rrrgGgrrrgggGrGr,6117.0
6120,4,rrrgGgrrrgggrrrr,6122.0
6125,6,rrrrrGrrrrGGrrrr,6130.0
6130,7,rrrrryrrrryyrrrr,6133.0
6135,0,gGgrrrGggrrrrGrG,6138.0
6140,1,gGgrrrGggrrrrrrr,6143.0
6145,2,yyyrrryyyrrrrrrr,6146.0
6150,3,rrrgGgrrrgggGrGr,6151.0
6155,4,rrrgGgrrrgggrrrr,6156.0
6160,6,rrrrrGrrrrGGrrrr,6164.0
6165,7,rrrrryrrrryyrrrr,6167.0
6170,0,gGgrrrGggrrrrGrG,6172.0
6175,1,gGgrrrGggrrrrrrr,6177.0
6180,3,rrrgGgrrrgggGrGr,6185.0
6185,4,rrrgGgrrrgggrrrr,6190.0
6190,5,rrryygrrryggrrrr,6193.0
6195,6,rrrrrGrrrrGGrrrr,6198.0
6200,7,rrrrryrrrryyrrrr,6201.0
6205,0,gGgrrrGggrrrrGrG,6206.0
6210,1,gGgrrrGggrrrrrrr,6211.0
6215,3,rrrgGgrrrgggGrGr,6219.0
6220,4,rrrgGgrrrgggrrrr,6224.0
6225,5,rrryygrrryggrrrr,6227.0
6230,6,rrrrrGrrrrGGrrrr,6232.0
6235,0,gGgrrrGggrrrrGrG,6240.0
6240,1,gGgrrrGggrrrrrrr,6245.0
6245,2,yyyrrryyyrrrrrrr,6248.0
6250,3,rrrgGgrrrgggGrGr,6253.0
6255,4,rrrgGgrrrgggrrrr,6258.0
6260,5,rrryygrrryggrrrr,6261.0
6265,6,rrrrrGrrrrGGrrrr,6266.0
6270,0,gGgrrrGggrrrrGrG,6274.0
6275,1,gGgrrrGggrrrrrrr,6279.0
6280,2,yyyrrryyyrrrrrrr,6282.0
6285,3,rrrgGgrrrgggGrGr,6287.0
6290,4,rrrgGgrrrgggrrrr,6292.0
6295,6,rrrrrGrrrrGGrrrr,6300.0
6300,7,rrrrryrrrryyrrrr,6303.0
6305,0,gGgrrrGggrrrrGrG,6308.0
6310,1,gGgrrrGggrrrrrrr,6313.0
6315,2,yyyrrryyyrrrrrrr,6316.0
6320,3,rrrgGgrrrgggGrGr,6321.0
6325,4,rrrgGgrrrgggrrrr,6326.0
6330,6,rrrrrGrrrrGGrrrr,6334.0
6335,7,rrrrryrrrryyrrrr,6337.0
6340,0,gGgrrrGggrrrrGrG,6342.0
6345,1,gGgrrrGggrrrrrrr,6347.0
6350,3,rrrgGgrrrgggGrGr,6355.0
6355,4,rrrgGgrrrgggrrrr,6360.0
6360,5,rrryygrrryggrrrr,6363.0
6365,6,rrrrrGrrrrGGrrrr,6368.0
6370,7,rrrrryrrrryyrrrr,6371.0
6375,0,gGgrrrGggrrrrGrG,6376.0
6380,1,gGgrrrGggrrrrrrr,6381.0
6385,3,rrrgGgrrrgggGrGr,6389.0
6390,4,rrrgGgrrrgggrrrr,6394.0
6395,5,rrryygrrryggrrrr,6397.0
6400,6,rrrrrGrrrrGGrrrr,6402.0
6405,0,gGgrrrGggrrrrGrG,6410.0
6410,1,gGgrrrGggrrrrrrr,6415.0
6415,2,yyyrrryyyrrrrrrr,6418.0
6420,3,rrrgGgrrrgggGrGr,6423.0
6425,4,rrrgGgrrrgggrrrr,6428.0
6430,5,rrryygrrryggrrrr,6431.0
6435,6,rrrrrGrrrrGGrrrr,6436.0
6440,0,gGgrrrGggrrrrGrG,6444.0
6445,1,gGgrrrGggrrrrrrr,6449.0
6450,2,yyyrrryyyrrrrrrr,6452.0
6455,3,rrrgGgrrrgggGrGr,6457.0
6460,4,rrrgGgrrrgggrrrr,6462.0
6465,6,rrrrrGrrrrGGrrrr,6470.0
6470,7,rrrrryrrrryyrrrr,6473.0
6475,0,gGgrrrGggrrrrGrG,6478.0
6480,1,gGgrrrGggrrrrrrr,6483.0
6485,2,yyyrrryyyrrrrrrr,6486.0
6490,3,rrrgGgrrrgggGrGr,6491.0
6495,4,rrrgGgrrrgggrrrr,6496.0
6500,6,rrrrrGrrrrGGrrrr,6504.0
6505,7,rrrrryrrrryyrrrr,6507.0
6510,0,gGgrrrGggrrrrGrG,6512.0
6515,1,gGgrrrGggrrrrrrr,6517.0
6520,3,rrrgGgrrrgggGrGr,6525.0
6525,4,rrrgGgrrrgggrrrr,6530.0
6530,5,rrryygrrryggrrrr,6533.0
6535,6,rrrrrGrrrrGGrrrr,6538.0
6540,7,rrrrryrrrryyrrrr,6541.0
6545,0,gGgrrrGggrrrrGrG,6546.0
6550,1,gGgrrrGggrrrrrrr,6551.0
6555,3,rrrgGgrrrgggGrGr,6559.0
6560,4,rrrgGgrrrgggrrrr,6564.0
6565,5,rrryygrrryggrrrr,6567.0
6570,6,rrrrrGrrrrGGrrrr,6572.0
6575,0,gGgrrrGggrrrrGrG,6580.0
6580,1,gGgrrrGggrrrrrrr,6585.0
6585,2,yyyrrryyyrrrrrrr,6588.0
6590,3,rrrgGgrrrgggGrGr,6593.0
6595,4,rrrgGgrrrgggrrrr,6598.0
6600,5,rrryygrrryggrrrr,6601.0
6605,6,rrrrrGrrrrGGrrrr,6606.0
6610,0,gGgrrrGggrrrrGrG,6614.0
6615,1,gGgrrrGggrrrrrrr,6619.0
6620,2,yyyrrryyyrrrrrrr,6622.0
6625,3,rrrgGgrrrgggGrGr,6627.0
6630,4,rrrgGgrrrgggrrrr,6632.0
6635,6,rrrrrGrrrrGGrrrr,6640.0
6640,7,rrrrryrrrryyrrrr,6643.0
6645,0,gGgrrrGggrrrrGrG,6648.0
6650,1,gGgrrrGggrrrrrrr,6653.0
6655,2,yyyrrryyyrrrrrrr,6656.0
6660,3,rrrgGgrrrgggGrGr,6661.0
6665,4,rrrgGgrrrgggrrrr,6666.0
6670,6,rrrrrGrrrrGGrrrr,6674.0
6675,7,rrrrryrrrryyrrrr,6677.0
6680,0,gGgrrrGggrrrrGrG,6682.0
6685,1,gGgrrrGggrrrrrrr,6687.0
6690,3,rrrgGgrrrgggGrGr,6695.0
6695,4,rrrgGgrrrgggrrrr,6700.0
6700,5,rrryygrrryggrrrr,6703.0
6705,6,rrrrrGrrrrGGrrrr,6708.0
6710,7,rrrrryrrrryyrrrr,6711.0
6715,0,gGgrrrGggrrrrGrG,6716.0
6720,1,gGgrrrGggrrrrrrr,6721.0
6725,3,rrrgGgrrrgggGrGr,6729.0
6730,4,rrrgGgrrrgggrrrr,6734.0
6735,5,rrryygrrryggrrrr,6737.0
6740,6,rrrrrGrrrrGGrrrr,6742.0
6745,0,gGgrrrGggrrrrGrG,6750.0
6750,1,gGgrrrGggrrrrrrr,6755.0
6755,2,yyyrrryyyrrrrrrr,6758.0
6760,3,rrrgGgrrrgggGrGr,6763.0
6765,4,rrrgGgrrrgggrrrr,6768.0
6770,5,rrryygrrryggrrrr,6771.0
6775,6,rrrrrGrrrrGGrrrr,6776.0
6780,0,gGgrrrGggrrrrGrG,6784.0
6785,1,gGgrrrGggrrrrrrr,6789.0
6790,2,yyyrrryyyrrrrrrr,6792.0
6795,3,rrrgGgrrrgggGrGr,6797.0
6800,4,rrrgGgrrrgggrrrr,6802.0
6805,6,rrrrrGrrrrGGrrrr,6810.0
6810,7,rrrrryrrrryyrrrr,6813.0
6815,0,gGgrrrGggrrrrGrG,6818.0
6820,1,gGgrrrGggrrrrrrr,6823.0
6825,2,yyyrrryyyrrrrrrr,6826.0
6830,3,rrrgGgrrrgggGrGr,6831.0
6835,4,rrrgGgrrrgggrrrr,6836.0
6840,6,rrrrrGrrrrGGrrrr,6844.0
6845,7,rrrrryrrrryyrrrr,6847.0
6850,0,gGgrrrGggrrrrGrG,6852.0
6855,1,gGgrrrGggrrrrrrr,6857.0
6860,3,rrrgGgrrrgggGrGr,6865.0
6865,4,rrrgGgrrrgggrrrr,6870.0
6870,5,rrryygrrryggrrrr,6873.0
6875,6,rrrrrGrrrrGGrrrr,6878.0
6880,7,rrrrryrrrryyrrrr,6881.0
6885,0,gGgrrrGggrrrrGrG,6886.0
6890,1,gGgrrrGggrrrrrrr,6891.0
6895,3,rrrgGgrrrgggGrGr,6899.0
6900,4,rrrgGgrrrgggrrrr,6904.0
6905,5,rrryygrrryggrrrr,6907.0
6910,6,rrrrrGrrrrGGrrrr,6912.0
6915,0,gGgrrrGggrrrrGrG,6920.0
6920,1,gGgrrrGggrrrrrrr,6925.0
6925,2,yyyrrryyyrrrrrrr,6928.0
6930,3,rrrgGgrrrgggGrGr,6933.0
6935,4,rrrgGgrrrgggrrrr,6938.0
6940,5,rrryygrrryggrrrr,6941.0
6945,6,rrrrrGrrrrGGrrrr,6946.0
6950,0,gGgrrrGggrrrrGrG,6954.0
6955,1,gGgrrrGggrrrrrrr,6959.0
6960,2,yyyrrryyyrrrrrrr,6962.0
6965,3,rrrgGgrrrgggGrGr,6967.0
6970,4,rrrgGgrrrgggrrrr,6972.0
6975,6,rrrrrGrrrrGGrrrr,6980.0
6980,7,rrrrryrrrryyrrrr,6983.0
6985,0,gGgrrrGggrrrrGrG,6988.0
6990,1,gGgrrrGggrrrrrrr,6993.0
6995,2,yyyrrryyyrrrrrrr,6996.0
7000,3,rrrgGgrrrgggGrGr,7001.0
7005,4,rrrgGgrrrgggrrrr,7006.0
7010,6,rrrrrGrrrrGGrrrr,7014.0
7015,7,rrrrryrrrryyrrrr,7017.0
7020,0,gGgrrrGggrrrrGrG,7022.0
7025,1,gGgrrrGggrrrrrrr,7027.0
7030,3,rrrgGgrrrgggGrGr,7035.0
7035,4,rrrgGgrrrgggrrrr,7040.0
7040,5,rrryygrrryggrrrr,7043.0
7045,6,rrrrrGrrrrGGrrrr,7048.0
7050,7,rrrrryrrrryyrrrr,7051.0
7055,0,gGgrrrGggrrrrGrG,7056.0
7060,1,gGgrrrGggrrrrrrr,7061.0
7065,3,rrrgGgrrrgggGrGr,7069.0
7070,4,rrrgGgrrrgggrrrr,7074.0
7075,5,rrryygrrryggrrrr,7077.0
7080,6,rrrrrGrrrrGGrrrr,7082.0
7085,0,gGgrrrGggrrrrGrG,7090.0
7090,1,gGgrrrGggrrrrrrr,7095.0
7095,2,yyyrrryyyrrrrrrr,7098.0
7100,3,rrrgGgrrrgggGrGr,7103.0
7105,4,rrrgGgrrrgggrrrr,7108.0
7110,5,rrryygrrryggrrrr,7111.0
7115,6,rrrrrGrrrrGGrrrr,7116.0
7120,0,gGgrrrGggrrrrGrG,7124.0
7125,1,gGgrrrGggrrrrrrr,7129.0
7130,2,yyyrrryyyrrrrrrr,7132.0
7135,3,rrrgGgrrrgggGrGr,7137.0
7140,4,rrrgGgrrrgggrrrr,7142.0
7145,6,rrrrrGrrrrGGrrrr,7150.0
7150,7,rrrrryrrrryyrrrr,7153.0
7155,0,gGgrrrGggrrrrGrG,7158.0
7160,1,gGgrrrGggrrrrrrr,7163.0
7165,2,yyyrrryyyrrrrrrr,7166.0
7170,3,rrrgGgrrrgggGrGr,7171.0
7175,4,rrrgGgrrrgggrrrr,7176.0
7180,6,rrrrrGrrrrGGrrrr,7184.0
7185,7,rrrrryrrrryyrrrr,7187.0
7190,0,gGgrrrGggrrrrGrG,7192.0
7195,1,gGgrrrGggrrrrrrr,7197.0
7200,3,rrrgGgrrrgggGrGr,7205.0
7205,4,rrrgGgrrrgggrrrr,7210.0
7210,5,rrryygrrryggrrrr,7213.0
7215,6,rrrrrGrrrrGGrrrr,7218.0
7220,7,rrrrryrrrryyrrrr,7221.0
7225,0,gGgrrrGggrrrrGrG,7226.0
7230,1,gGgrrrGggrrrrrrr,7231.0
7235,3,rrrgGgrrrgggGrGr,7239.0
7240,4,rrrgGgrrrgggrrrr,7244.0
7245,5,rrryygrrryggrrrr,7247.0
7250,6,rrrrrGrrrrGGrrrr,7252.0
7255,0,gGgrrrGggrrrrGrG,7260.0
7260,1,gGgrrrGggrrrrrrr,7265.0
7265,2,yyyrrryyyrrrrrrr,7268.0
7270,3,rrrgGgrrrgggGrGr,7273.0
7275,4,rrrgGgrrrgggrrrr,7278.0
7280,5,rrryygrrryggrrrr,7281.0
7285,6,rrrrrGrrrrGGrrrr,7286.0
7290,0,gGgrrrGggrrrrGrG,7294.0
7295,1,gGgrrrGggrrrrrrr,7299.0
7300,2,yyyrrryyyrrrrrrr,7302.0
7305,3,rrrgGgrrrgggGrGr,7307.0
7310,4,rrrgGgrrrgggrrrr,7312.0
7315,6,rrrrrGrrrrGGrrrr,7320.0
7320,7,rrrrryrrrryyrrrr,7323.0
7325,0,gGgrrrGggrrrrGrG,7328.0
7330,1,gGgrrrGggrrrrrrr,7333.0
7335,2,yyyrrryyyrrrrrrr,7336.0
7340,3,rrrgGgrrrgggGrGr,7341.0
7345,4,rrrgGgrrrgggrrrr,7346.0
7350,6,rrrrrGrrrrGGrrrr,7354.0
7355,7,rrrrryrrrryyrrrr,7357.0
7360,0,gGgrrrGggrrrrGrG,7362.0
7365,1,gGgrrrGggrrrrrrr,7367.0
7370,3,rrrgGgrrrgggGrGr,7375.0
7375,4,rrrgGgrrrgggrrrr,7380.0
7380,5,rrryygrrryggrrrr,7383.0
7385,6,rrrrrGrrrrGGrrrr,7388.0
7390,7,rrrrryrrrryyrrrr,7391.0
7395,0,gGgrrrGggrrrrGrG,7396.0
7400,1,gGgrrrGggrrrrrrr,7401.0
7405,3,rrrgGgrrrgggGrGr,7409.0
7410,4,rrrgGgrrrgggrrrr,7414.0
7415,5,rrryygrrryggrrrr,7417.0
7420,6,rrrrrGrrrrGGrrrr,7422.0
7425,0,gGgrrrGggrrrrGrG,7430.0
7430,1,gGgrrrGggrrrrrrr,7435.0
7435,2,yyyrrryyyrrrrrrr,7438.0
7440,3,rrrgGgrrrgggGrGr,7443.0
7445,4,rrrgGgrrrgggrrrr,7448.0
7450,5,rrryygrrryggrrrr,7451.0
7455,6,rrrrrGrrrrGGrrrr,7456.0
7460,0,gGgrrrGggrrrrGrG,7464.0
7465,1,gGgrrrGggrrrrrrr,7469.0
7470,2,yyyrrryyyrrrrrrr,7472.0
7475,3,rrrgGgrrrgggGrGr,7477.0
7480,4,rrrgGgrrrgggrrrr,7482.0
7485,6,rrrrrGrrrrGGrrrr,7490.0
7490,7,rrrrryrrrryyrrrr,7493.0
7495,0,gGgrrrGggrrrrGrG,7498.0
7500,1,gGgrrrGggrrrrrrr,7503.0
7505,2,yyyrrryyyrrrrrrr,7506.0
7510,3,rrrgGgrrrgggGrGr,7511.0
7515,4,rrrgGgrrrgggrrrr,7516.0
7520,6,rrrrrGrrrrGGrrrr,7524.0
7525,7,rrrrryrrrryyrrrr,7527.0
7530,0,gGgrrrGggrrrrGrG,7532.0
7535,1,gGgrrrGggrrrrrrr,7537.0
7540,3,rrrgGgrrrgggGrGr,7545.0
7545,4,rrrgGgrrrgggrrrr,7550.0
7550,5,rrryygrrryggrrrr,7553.0
7555,6,rrrrrGrrrrGGrrrr,7558.0
7560,7,rrrrryrrrryyrrrr,7561.0
7565,0,gGgrrrGggrrrrGrG,7566.0
7570,1,gGgrrrGggrrrrrrr,7571.0
7575,3,rrrgGgrrrgggGrGr,7579.0
7580,4,rrrgGgrrrgggrrrr,7584.0
7585,5,rrryygrrryggrrrr,7587.0
7590,6,rrrrrGrrrrGGrrrr,7592.0
7595,0,gGgrrrGggrrrrGrG,7600.0
7600,1,gGgrrrGggrrrrrrr,7605.0
7605,2,yyyrrryyyrrrrrrr,7608.0
7610,3,rrrgGgrrrgggGrGr,7613.0
7615,4,rrrgGgrrrgggrrrr,7618.0
7620,5,rrryygrrryggrrrr,7621.0
7625,6,rrrrrGrrrrGGrrrr,7626.0
7630,0,gGgrrrGggrrrrGrG,7634.0
7635,1,gGgrrrGggrrrrrrr,7639.0
7640,2,yyyrrryyyrrrrrrr,7642.0
7645,3,rrrgGgrrrgggGrGr,7647.0
7650,4,rrrgGgrrrgggrrrr,7652.0
7655,6,rrrrrGrrrrGGrrrr,7660.0
7660,7,rrrrryrrrryyrrrr,7663.0
7665,0,gGgrrrGggrrrrGrG,7668.0
7670,1,gGgrrrGggrrrrrrr,7673.0
7675,2,yyyrrryyyrrrrrrr,7676.0
7680,3,rrrgGgrrrgggGrGr,7681.0
7685,4,rrrgGgrrrgggrrrr,7686.0
7690,6,rrrrrGrrrrGGrrrr,7694.0
7695,7,rrrrryrrrryyrrrr,7697.0
7700,0,gGgrrrGggrrrrGrG,7702.0
7705,1,gGgrrrGggrrrrrrr,7707.0
7710,3,rrrgGgrrrgggGrGr,7715.0
7715,4,rrrgGgrrrgggrrrr,7720.0
7720,5,rrryygrrryggrrrr,7723.0
7725,6,rrrrrGrrrrGGrrrr,7728.0
7730,7,rrrrryrrrryyrrrr,7731.0
7735,0,gGgrrrGggrrrrGrG,7736.0
7740,1,gGgrrrGggrrrrrrr,7741.0
7745,3,rrrgGgrrrgggGrGr,7749.0
7750,4,rrrgGgrrrgggrrrr,7754.0
7755,5,rrryygrrryggrrrr,7757.0
7760,6,rrrrrGrrrrGGrrrr,7762.0
7765,0,gGgrrrGggrrrrGrG,7770.0
7770,1,gGgrrrGggrrrrrrr,7775.0
7775,2,yyyrrryyyrrrrrrr,7778.0
7780,3,rrrgGgrrrgggGrGr,7783.0
7785,4,rrrgGgrrrgggrrrr,7788.0
7790,5,rrryygrrryggrrrr,7791.0
7795,6,rrrrrGrrrrGGrrrr,7796.0
7800,0,gGgrrrGggrrrrGrG,7804.0
7805,1,gGgrrrGggrrrrrrr,7809.0
7810,2,yyyrrryyyrrrrrrr,7812.0
7815,3,rrrgGgrrrgggGrGr,7817.0
7820,4,rrrgGgrrrgggrrrr,7822.0
7825,6,rrrrrGrrrrGGrrrr,7830.0
7830,7,rrrrryrrrryyrrrr,7833.0
7835,0,gGgrrrGggrrrrGrG,7838.0
7840,1,gGgrrrGggrrrrrrr,7843.0
7845,2,yyyrrryyyrrrrrrr,7846.0
7850,3,rrrgGgrrrgggGrGr,7851.0
7855,4,rrrgGgrrrgggrrrr,7856.0
7860,6,rrrrrGrrrrGGrrrr,7864.0
7865,7,rrrrryrrrryyrrrr,7867.0
7870,0,gGgrrrGggrrrrGrG,7872.0
7875,1,gGgrrrGggrrrrrrr,7877.0
7880,3,rrrgGgrrrgggGrGr,7885.0
7885,4,rrrgGgrrrgggrrrr,7890.0
7890,5,rrryygrrryggrrrr,7893.0
7895,6,rrrrrGrrrrGGrrrr,7898.0
7900,7,rrrrryrrrryyrrrr,7901.0
7905,0,gGgrrrGggrrrrGrG,7906.0
7910,1,gGgrrrGggrrrrrrr,7911.0
7915,3,rrrgGgrrrgggGrGr,7919.0
7920,4,rrrgGgrrrgggrrrr,7924.0
7925,5,rrryygrrryggrrrr,7927.0
7930,6,rrrrrGrrrrGGrrrr,7932.0
7935,0,gGgrrrGggrrrrGrG,7940.0
7940,1,gGgrrrGggrrrrrrr,7945.0
7945,2,yyyrrryyyrrrrrrr,7948.0
7950,3,rrrgGgrrrgggGrGr,7953.0
7955,4,rrrgGgrrrgggrrrr,7958.0
7960,5,rrryygrrryggrrrr,7961.0
7965,6,rrrrrGrrrrGGrrrr,7966.0
7970,0,gGgrrrGggrrrrGrG,7974.0
7975,1,gGgrrrGggrrrrrrr,7979.0
7980,2,yyyrrryyyrrrrrrr,7982.0
7985,3,rrrgGgrrrgggGrGr,7987.0
7990,4,rrrgGgrrrgggrrrr,7992.0
7995,6,rrrrrGrrrrGGrrrr,8000.0
8000,7,rrrrryrrrryyrrrr,8003.0
8005,0,gGgrrrGggrrrrGrG,8008.0
8010,1,gGgrrrGggrrrrrrr,8013.0
8015,2,yyyrrryyyrrrrrrr,8016.0
8020,3,rrrgGgrrrgggGrGr,8021.0
8025,4,rrrgGgrrrgggrrrr,8026.0
8030,6,rrrrrGrrrrGGrrrr,8034.0
8035,7,rrrrryrrrryyrrrr,8037.0
8040,0,gGgrrrGggrrrrGrG,8042.0
8045,1,gGgrrrGggrrrrrrr,8047.0
8050,3,rrrgGgrrrgggGrGr,8055.0
8055,4,rrrgGgrrrgggrrrr,8060.0
8060,5,rrryygrrryggrrrr,8063.0
8065,6,rrrrrGrrrrGGrrrr,8068.0
8070,7,rrrrryrrrryyrrrr,8071.0
8075,0,gGgrrrGggrrrrGrG,8076.0
8080,1,gGgrrrGggrrrrrrr,8081.0
8085,3,rrrgGgrrrgggGrGr,8089.0
8090,4,rrrgGgrrrgggrrrr,8094.0
8095,5,rrryygrrryggrrrr,8097.0
8100,6,rrrrrGrrrrGGrrrr,8102.0
8105,0,gGgrrrGggrrrrGrG,8110.0
8110,1,gGgrrrGggrrrrrrr,8115.0
8115,2,yyyrrryyyrrrrrrr,8118.0
8120,3,rrrgGgrrrgggGrGr,8123.0
8125,4,rrrgGgrrrgggrrrr,8128.0
8130,5,rrryygrrryggrrrr,8131.0
8135,6,rrrrrGrrrrGGrrrr,8136.0
8140,0,gGgrrrGggrrrrGrG,8144.0
8145,1,gGgrrrGggrrrrrrr,8149.0
8150,2,yyyrrryyyrrrrrrr,8152.0
8155,3,rrrgGgrrrgggGrGr,8157.0
8160,4,rrrgGgrrrgggrrrr,8162.0
8165,6,rrrrrGrrrrGGrrrr,8170.0
8170,7,rrrrryrrrryyrrrr,8173.0
8175,0,gGgrrrGggrrrrGrG,8178.0
8180,1,gGgrrrGggrrrrrrr,8183.0
8185,2,yyyrrryyyrrrrrrr,8186.0
8190,3,rrrgGgrrrgggGrGr,8191.0
8195,4,rrrgGgrrrgggrrrr,8196.0
8200,6,rrrrrGrrrrGGrrrr,8204.0
8205,7,rrrrryrrrryyrrrr,8207.0
8210,0,gGgrrrGggrrrrGrG,8212.0
8215,1,gGgrrrGggrrrrrrr,8217.0
8220,3,rrrgGgrrrgggGrGr,8225.0
8225,4,rrrgGgrrrgggrrrr,8230.0
8230,5,rrryygrrryggrrrr,8233.0
8235,6,rrrrrGrrrrGGrrrr,8238.0
8240,7,rrrrryrrrryyrrrr,8241.0
8245,0,gGgrrrGggrrrrGrG,8246.0
8250,1,gGgrrrGggrrrrrrr,8251.0
8255,3,rrrgGgrrrgggGrGr,8259.0
8260,4,rrrgGgrrrgggrrrr,8264.0
8265,5,rrryygrrryggrrrr,8267.0
8270,6,rrrrrGrrrrGGrrrr,8272.0
8275,0,gGgrrrGggrrrrGrG,8280.0
8280,1,gGgrrrGggrrrrrrr,8285.0
8285,2,yyyrrryyyrrrrrrr,8288.0
8290,3,rrrgGgrrrgggGrGr,8293.0
8295,4,rrrgGgrrrgggrrrr,8298.0
8300,5,rrryygrrryggrrrr,8301.0
8305,6,rrrrrGrrrrGGrrrr,8306.0
8310,0,gGgrrrGggrrrrGrG,8314.0
8315,1,gGgrrrGggrrrrrrr,8319.0
8320,2,yyyrrryyyrrrrrrr,8322.0
8325,3,rrrgGgrrrgggGrGr,8327.0
8330,4,rrrgGgrrrgggrrrr,8332.0
8335,6,rrrrrGrrrrGGrrrr,8340.0
8340,7,rrrrryrrrryyrrrr,8343.0
8345,0,gGgrrrGggrrrrGrG,8348.0
8350,1,gGgrrrGggrrrrrrr,8353.0
8355,2,yyyrrryyyrrrrrrr,8356.0
8360,3,rrrgGgrrrgggGrGr,8361.0
8365,4,rrrgGgrrrgggrrrr,8366.0
8370,6,rrrrrGrrrrGGrrrr,8374.0
8375,7,rrrrryrrrryyrrrr,8377.0
8380,0,gGgrrrGggrrrrGrG,8382.0
8385,1,gGgrrrGggrrrrrrr,8387.0
8390,3,rrrgGgrrrgggGrGr,8395.0
8395,4,rrrgGgrrrgggrrrr,8400.0
8400,5,rrryygrrryggrrrr,8403.0
8405,6,rrrrrGrrrrGGrrrr,8408.0
8410,7,rrrrryrrrryyrrrr,8411.0
8415,0,gGgrrrGggrrrrGrG,8416.0
8420,1,gGgrrrGggrrrrrrr,8421.0
8425,3,rrrgGgrrrgggGrGr,8429.0
8430,4,rrrgGgrrrgggrrrr,8434.0
8435,5,rrryygrrryggrrrr,8437.0
8440,6,rrrrrGrrrrGGrrrr,8442.0
8445,0,gGgrrrGggrrrrGrG,8450.0
8450,1,gGgrrrGggrrrrrrr,8455.0
8455,2,yyyrrryyyrrrrrrr,8458.0
8460,3,rrrgGgrrrgggGrGr,8463.0
8465,4,rrrgGgrrrgggrrrr,8468.0
8470,5,rrryygrrryggrrrr,8471.0
8475,6,rrrrrGrrrrGGrrrr,8476.0
8480,0,gGgrrrGggrrrrGrG,8484.0
8485,1,gGgrrrGggrrrrrrr,8489.0
8490,2,yyyrrryyyrrrrrrr,8492.0
8495,3,rrrgGgrrrgggGrGr,8497.0
8500,4,rrrgGgrrrgggrrrr,8502.0
8505,6,rrrrrGrrrrGGrrrr,8510.0
8510,7,rrrrryrrrryyrrrr,8513.0
8515,0,gGgrrrGggrrrrGrG,8518.0
8520,1,gGgrrrGggrrrrrrr,8523.0
8525,2,yyyrrryyyrrrrrrr,8526.0
8530,3,rrrgGgrrrgggGrGr,8531.0
8535,4,rrrgGgrrrgggrrrr,8536.0
8540,6,rrrrrGrrrrGGrrrr,8544.0
8545,7,rrrrryrrrryyrrrr,8547.0
8550,0,gGgrrrGggrrrrGrG,8552.0
8555,1,gGgrrrGggrrrrrrr,8557.0
8560,3,rrrgGgrrrgggGrGr,8565.0
8565,4,rrrgGgrrrgggrrrr,8570.0
8570,5,rrryygrrryggrrrr,8573.0
8575,6,rrrrrGrrrrGGrrrr,8578.0
8580,7,rrrrryrrrryyrrrr,8581.0
8585,0,gGgrrrGggrrrrGrG,8586.0
8590,1,gGgrrrGggrrrrrrr,8591.0
8595,3,rrrgGgrrrgggGrGr,8599.0
8600,4,rrrgGgrrrgggrrrr,8604.0
8605,5,rrryygrrryggrrrr,8607.0
8610,6,rrrrrGrrrrGGrrrr,8612.0
8615,0,gGgrrrGggrrrrGrG,8620.0
8620,1,gGgrrrGggrrrrrrr,8625.0
8625,2,yyyrrryyyrrrrrrr,8628.0
8630,3,rrrgGgrrrgggGrGr,8633.0
8635,4,rrrgGgrrrgggrrrr,8638.0
8640,5,rrryygrrryggrrrr,8641.0
8645,6,rrrrrGrrrrGGrrrr,8646.0
8650,0,gGgrrrGggrrrrGrG,8654.0
8655,1,gGgrrrGggrrrrrrr,8659.0
8660,2,yyyrrryyyrrrrrrr,8662.0
8665,3,rrrgGgrrrgggGrGr,8667.0
8670,4,rrrgGgrrrgggrrrr,8672.0
8675,6,rrrrrGrrrrGGrrrr,8680.0
8680,7,rrrrryrrrryyrrrr,8683.0
8685,0,gGgrrrGggrrrrGrG,8688.0
8690,1,gGgrrrGggrrrrrrr,8693.0
8695,2,yyyrrryyyrrrrrrr,8696.0
8700,3,rrrgGgrrrgggGrGr,8701.0
8705,4,rrrgGgrrrgggrrrr,8706.0
8710,6,rrrrrGrrrrGGrrrr,8714.0
8715,7,rrrrryrrrryyrrrr,8717.0
8720,0,gGgrrrGggrrrrGrG,8722.0
8725,1,gGgrrrGggrrrrrrr,8727.0
8730,3,rrrgGgrrrgggGrGr,8735.0
8735,4,rrrgGgrrrgggrrrr,8740.0
8740,5,rrryygrrryggrrrr,8743.0
8745,6,rrrrrGrrrrGGrrrr,8748.0
8750,7,rrrrryrrrryyrrrr,8751.0
8755,0,gGgrrrGggrrrrGrG,8756.0
8760,1,gGgrrrGggrrrrrrr,8761.0
8765,3,rrrgGgrrrgggGrGr,8769.0
8770,4,rrrgGgrrrgggrrrr,8774.0
8775,5,rrryygrrryggrrrr,8777.0
8780,6,rrrrrGrrrrGGrrrr,8782.0
8785,0,gGgrrrGggrrrrGrG,8790.0
8790,1,gGgrrrGggrrrrrrr,8795.0
8795,2,yyyrrryyyrrrrrrr,8798.0
8800,3,rrrgGgrrrgggGrGr,8803.0
8805,4,rrrgGgrrrgggrrrr,8808.0
8810,5,rrryygrrryggrrrr,8811.0
8815,6,rrrrrGrrrrGGrrrr,8816.0
8820,0,gGgrrrGggrrrrGrG,8824.0
8825,1,gGgrrrGggrrrrrrr,8829.0
8830,2,yyyrrryyyrrrrrrr,8832.0
8835,3,rrrgGgrrrgggGrGr,8837.0
8840,4,rrrgGgrrrgggrrrr,8842.0
8845,6,rrrrrGrrrrGGrrrr,8850.0
8850,7,rrrrryrrrryyrrrr,8853.0
8855,0,gGgrrrGggrrrrGrG,8858.0
8860,1,gGgrrrGggrrrrrrr,8863.0
8865,2,yyyrrryyyrrrrrrr,8866.0
8870,3,rrrgGgrrrgggGrGr,8871.0
8875,4,rrrgGgrrrgggrrrr,8876.0
8880,6,rrrrrGrrrrGGrrrr,8884.0
8885,7,rrrrryrrrryyrrrr,8887.0
8890,0,gGgrrrGggrrrrGrG,8892.0
8895,1,gGgrrrGggrrrrrrr,8897.0
8900,3,rrrgGgrrrgggGrGr,8905.0
8905,4,rrrgGgrrrgggrrrr,8910.0
8910,5,rrryygrrryggrrrr,8913.0
8915,6,rrrrrGrrrrGGrrrr,8918.0
8920,7,rrrrryrrrryyrrrr,8921.0
8925,0,gGgrrrGggrrrrGrG,8926.0
8930,1,gGgrrrGggrrrrrrr,8931.0
8935,3,rrrgGgrrrgggGrGr,8939.0
8940,4,rrrgGgrrrgggrrrr,8944.0
8945,5,rrryygrrryggrrrr,8947.0
8950,6,rrrrrGrrrrGGrrrr,8952.0
8955,0,gGgrrrGggrrrrGrG,8960.0
8960,1,gGgrrrGggrrrrrrr,8965.0
8965,2,yyyrrryyyrrrrrrr,8968.0
8970,3,rrrgGgrrrgggGrGr,8973.0
8975,4,rrrgGgrrrgggrrrr,8978.0
8980,5,rrryygrrryggrrrr,8981.0
8985,6,rrrrrGrrrrGGrrrr,8986.0
8990,0,gGgrrrGggrrrrGrG,8994.0
8995,1,gGgrrrGggrrrrrrr,8999.0
9000,2,yyyrrryyyrrrrrrr,9002.0
9005,3,rrrgGgrrrgggGrGr,9007.0
9010,4,rrrgGgrrrgggrrrr,9012.0
9015,6,rrrrrGrrrrGGrrrr,9020.0
9020,7,rrrrryrrrryyrrrr,9023.0
9025,0,gGgrrrGggrrrrGrG,9028.0
9030,1,gGgrrrGggrrrrrrr,9033.0
9035,2,yyyrrryyyrrrrrrr,9036.0
9040,3,rrrgGgrrrgggGrGr,9041.0
9045,4,rrrgGgrrrgggrrrr,9046.0
9050,6,rrrrrGrrrrGGrrrr,9054.0
9055,7,rrrrryrrrryyrrrr,9057.0
9060,0,gGgrrrGggrrrrGrG,9062.0
9065,1,gGgrrrGggrrrrrrr,9067.0
9070,3,rrrgGgrrrgggGrGr,9075.0
9075,4,rrrgGgrrrgggrrrr,9080.0
9080,5,rrryygrrryggrrrr,9083.0
9085,6,rrrrrGrrrrGGrrrr,9088.0
9090,7,rrrrryrrrryyrrrr,9091.0
9095,0,gGgrrrGggrrrrGrG,9096.0
9100,1,gGgrrrGggrrrrrrr,9101.0
9105,3,rrrgGgrrrgggGrGr,9109.0
9110,4,rrrgGgrrrgggrrrr,9114.0
9115,5,rrryygrrryggrrrr,9117.0
9120,6,rrrrrGrrrrGGrrrr,9122.0
9125,0,gGgrrrGggrrrrGrG,9130.0
9130,1,gGgrrrGggrrrrrrr,9135.0
9135,2,yyyrrryyyrrrrrrr,9138.0
9140,3,rrrgGgrrrgggGrGr,9143.0
9145,4,rrrgGgrrrgggrrrr,9148.0
9150,5,rrryygrrryggrrrr,9151.0
9155,6,rrrrrGrrrrGGrrrr,9156.0
9160,0,gGgrrrGggrrrrGrG,9164.0
9165,1,gGgrrrGggrrrrrrr,9169.0
9170,2,yyyrrryyyrrrrrrr,9172.0
9175,3,rrrgGgrrrgggGrGr,9177.0
9180,4,rrrgGgrrrgggrrrr,9182.0
9185,6,rrrrrGrrrrGGrrrr,9190.0
9190,7,rrrrryrrrryyrrrr,9193.0
9195,0,gGgrrrGggrrrrGrG,9198.0
9200,1,gGgrrrGggrrrrrrr,9203.0
9205,2,yyyrrryyyrrrrrrr,9206.0
9210,3,rrrgGgrrrgggGrGr,9211.0
9215,4,rrrgGgrrrgggrrrr,9216.0
9220,6,rrrrrGrrrrGGrrrr,9224.0
9225,7,rrrrryrrrryyrrrr,9227.0
9230,0,gGgrrrGggrrrrGrG,9232.0
9235,1,gGgrrrGggrrrrrrr,9237.0
9240,3,rrrgGgrrrgggGrGr,9245.0
9245,4,rrrgGgrrrgggrrrr,9250.0
9250,5,rrryygrrryggrrrr,9253.0
9255,6,rrrrrGrrrrGGrrrr,9258.0
9260,7,rrrrryrrrryyrrrr,9261.0
9265,0,gGgrrrGggrrrrGrG,9266.0
9270,1,gGgrrrGggrrrrrrr,9271.0
9275,3,rrrgGgrrrgggGrGr,9279.0
9280,4,rrrgGgrrrgggrrrr,9284.0
9285,5,rrryygrrryggrrrr,9287.0
9290,6,rrrrrGrrrrGGrrrr,9292.0
9295,0,gGgrrrGggrrrrGrG,9300.0
9300,1,gGgrrrGggrrrrrrr,9305.0
9305,2,yyyrrryyyrrrrrrr,9308.0
9310,3,rrrgGgrrrgggGrGr,9313.0
9315,4,rrrgGgrrrgggrrrr,9318.0
9320,5,rrryygrrryggrrrr,9321.0
9325,6,rrrrrGrrrrGGrrrr,9326.0
9330,0,gGgrrrGggrrrrGrG,9334.0
9335,1,gGgrrrGggrrrrrrr,9339.0
9340,2,yyyrrryyyrrrrrrr,9342.0
9345,3,rrrgGgrrrgggGrGr,9347.0
9350,4,rrrgGgrrrgggrrrr,9352.0
9355,6,rrrrrGrrrrGGrrrr,9360.0
9360,7,rrrrryrrrryyrrrr,9363.0
9365,0,gGgrrrGggrrrrGrG,9368.0
9370,1,gGgrrrGggrrrrrrr,9373.0
9375,2,yyyrrryyyrrrrrrr,9376.0
9380,3,rrrgGgrrrgggGrGr,9381.0
9385,4,rrrgGgrrrgggrrrr,9386.0
9390,6,rrrrrGrrrrGGrrrr,9394.0
9395,7,rrrrryrrrryyrrrr,9397.0
9400,0,gGgrrrGggrrrrGrG,9402.0
9405,1,gGgrrrGggrrrrrrr,9407.0
9410,3,rrrgGgrrrgggGrGr,9415.0
9415,4,rrrgGgrrrgggrrrr,9420.0
9420,5,rrryygrrryggrrrr,9423.0
9425,6,rrrrrGrrrrGGrrrr,9428.0
9430,7,rrrrryrrrryyrrrr,9431.0
9435,0,gGgrrrGggrrrrGrG,9436.0
9440,1,gGgrrrGggrrrrrrr,9441.0
9445,3,rrrgGgrrrgggGrGr,9449.0
9450,4,rrrgGgrrrgggrrrr,9454.0
9455,5,rrryygrrryggrrrr,9457.0
9460,6,rrrrrGrrrrGGrrrr,9462.0
9465,0,gGgrrrGggrrrrGrG,9470.0
9470,1,gGgrrrGggrrrrrrr,9475.0
9475,2,yyyrrryyyrrrrrrr,9478.0
9480,3,rrrgGgrrrgggGrGr,9483.0
9485,4,rrrgGgrrrgggrrrr,9488.0
9490,5,rrryygrrryggrrrr,9491.0
9495,6,rrrrrGrrrrGGrrrr,9496.0
9500,0,gGgrrrGggrrrrGrG,9504.0
9505,1,gGgrrrGggrrrrrrr,9509.0
9510,2,yyyrrryyyrrrrrrr,9512.0
9515,3,rrrgGgrrrgggGrGr,9517.0
9520,4,rrrgGgrrrgggrrrr,9522.0
9525,6,rrrrrGrrrrGGrrrr,9530.0
9530,7,rrrrryrrrryyrrrr,9533.0
9535,0,gGgrrrGggrrrrGrG,9538.0
9540,1,gGgrrrGggrrrrrrr,9543.0
9545,2,yyyrrryyyrrrrrrr,9546.0
9550,3,rrrgGgrrrgggGrGr,9551.0
9555,4,rrrgGgrrrgggrrrr,9556.0
9560,6,rrrrrGrrrrGGrrrr,9564.0
9565,7,rrrrryrrrryyrrrr,9567.0
9570,0,gGgrrrGggrrrrGrG,9572.0
9575,1,gGgrrrGggrrrrrrr,9577.0
9580,3,rrrgGgrrrgggGrGr,9585.0
9585,4,rrrgGgrrrgggrrrr,9590.0
9590,5,rrryygrrryggrrrr,9593.0
9595,6,rrrrrGrrrrGGrrrr,9598.0
9600,7,rrrrryrrrryyrrrr,9601.0
9605,0,gGgrrrGggrrrrGrG,9606.0
9610,1,gGgrrrGggrrrrrrr,9611.0
9615,3,rrrgGgrrrgggGrGr,9619.0
9620,4,rrrgGgrrrgggrrrr,9624.0
9625,5,rrryygrrryggrrrr,9627.0
9630,6,rrrrrGrrrrGGrrrr,9632.0
9635,0,gGgrrrGggrrrrGrG,9640.0
9640,1,gGgrrrGggrrrrrrr,9645.0
9645,2,yyyrrryyyrrrrrrr,9648.0
9650,3,rrrgGgrrrgggGrGr,9653.0
9655,4,rrrgGgrrrgggrrrr,9658.0
9660,5,rrryygrrryggrrrr,9661.0
9665,6,rrrrrGrrrrGGrrrr,9666.0
9670,0,gGgrrrGggrrrrGrG,9674.0
9675,1,gGgrrrGggrrrrrrr,9679.0
9680,2,yyyrrryyyrrrrrrr,9682.0
9685,3,rrrgGgrrrgggGrGr,9687.0
9690,4,rrrgGgrrrgggrrrr,9692.0
9695,6,rrrrrGrrrrGGrrrr,9700.0
9700,7,rrrrryrrrryyrrrr,9703.0
9705,0,gGgrrrGggrrrrGrG,9708.0
9710,1,gGgrrrGggrrrrrrr,9713.0
9715,2,yyyrrryyyrrrrrrr,9716.0
9720,3,rrrgGgrrrgggGrGr,9721.0
9725,4,rrrgGgrrrgggrrrr,9726.0
9730,6,rrrrrGrrrrGGrrrr,9734.0
9735,7,rrrrryrrrryyrrrr,9737.0
9740,0,gGgrrrGggrrrrGrG,9742.0
9745,1,gGgrrrGggrrrrrrr,9747.0
9750,3,rrrgGgrrrgggGrGr,9755.0
9755,4,rrrgGgrrrgggrrrr,9760.0
9760,5,rrryygrrryggrrrr,9763.0
9765,6,rrrrrGrrrrGGrrrr,9768.0
9770,7,rrrrryrrrryyrrrr,9771.0
9775,0,gGgrrrGggrrrrGrG,9776.0
9780,1,gGgrrrGggrrrrrrr,9781.0
9785,3,rrrgGgrrrgggGrGr,9789.0
9790,4,rrrgGgrrrgggrrrr,9794.0
9795,5,rrryygrrryggrrrr,9797.0
9800,6,rrrrrGrrrrGGrrrr,9802.0
9805,0,gGgrrrGggrrrrGrG,9810.0
9810,1,gGgrrrGggrrrrrrr,9815.0
9815,2,yyyrrryyyrrrrrrr,9818.0
9820,3,rrrgGgrrrgggGrGr,9823.0
9825,4,rrrgGgrrrgggrrrr,9828.0
9830,5,rrryygrrryggrrrr,9831.0
9835,6,rrrrrGrrrrGGrrrr,9836.0
9840,0,gGgrrrGggrrrrGrG,9844.0
9845,1,gGgrrrGggrrrrrrr,9849.0
9850,2,yyyrrryyyrrrrrrr,9852.0
9855,3,rrrgGgrrrgggGrGr,9857.0
9860,4,rrrgGgrrrgggrrrr,9862.0
9865,6,rrrrrGrrrrGGrrrr,9870.0
9870,7,rrrrryrrrryyrrrr,9873.0
9875,0,gGgrrrGggrrrrGrG,9878.0
9880,1,gGgrrrGggrrrrrrr,9883.0
9885,2,yyyrrryyyrrrrrrr,9886.0
9890,3,rrrgGgrrrgggGrGr,9891.0
9895,4,rrrgGgrrrgggrrrr,9896.0
9900,6,rrrrrGrrrrGGrrrr,9904.0
9905,7,rrrrryrrrryyrrrr,9907.0
9910,0,gGgrrrGggrrrrGrG,9912.0
9915,1,gGgrrrGggrrrrrrr,9917.0
9920,3,rrrgGgrrrgggGrGr,9925.0
9925,4,rrrgGgrrrgggrrrr,9930.0
9930,5,rrryygrrryggrrrr,9933.0
9935,6,rrrrrGrrrrGGrrrr,9938.0
9940,7,rrrrryrrrryyrrrr,9941.0
9945,0,gGgrrrGggrrrrGrG,9946.0
9950,1,gGgrrrGggrrrrrrr,9951.0
9955,3,rrrgGgrrrgggGrGr,9959.0
9960,4,rrrgGgrrrgggrrrr,9964.0
9965,5,rrryygrrryggrrrr,9967.0
9970,6,rrrrrGrrrrGGrrrr,9972.0
9975,0,gGgrrrGggrrrrGrG,9980.0
9980,1,gGgrrrGggrrrrrrr,9985.0
9985,2,yyyrrryyyrrrrrrr,9988.0
9990,3,rrrgGgrrrgggGrGr,9993.0
9995,4,rrrgGgrrrgggrrrr,9998.0
10000,5,rrryygrrryggrrrr,10001.0
10005,6,rrrrrGrrrrGGrrrr,10006.0
10010,0,gGgrrrGggrrrrGrG,10014.0
10015,1,gGgrrrGggrrrrrrr,10019.0
10020,2,yyyrrryyyrrrrrrr,10022.0
10025,3,rrrgGgrrrgggGrGr,10027.0
10030,4,rrrgGgrrrgggrrrr,10032.0
10035,6,rrrrrGrrrrGGrrrr,10040.0
10040,7,rrrrryrrrryyrrrr,10043.0
10045,0,gGgrrrGggrrrrGrG,10048.0
10050,1,gGgrrrGggrrrrrrr,10053.0
10055,2,yyyrrryyyrrrrrrr,10056.0
10060,3,rrrgGgrrrgggGrGr,10061.0
10065,4,rrrgGgrrrgggrrrr,10066.0
10070,6,rrrrrGrrrrGGrrrr,10074.0
10075,7,rrrrryrrrryyrrrr,10077.0
10080,0,gGgrrrGggrrrrGrG,10082.0
10085,1,gGgrrrGggrrrrrrr,10087.0
10090,3,rrrgGgrrrgggGrGr,10095.0
10095,4,rrrgGgrrrgggrrrr,10100.0
10100,5,rrryygrrryggrrrr,10103.0
10105,6,rrrrrGrrrrGGrrrr,10108.0
10110,7,rrrrryrrrryyrrrr,10111.0
10115,0,gGgrrrGggrrrrGrG,10116.0
10120,1,gGgrrrGggrrrrrrr,10121.0
10125,3,rrrgGgrrrgggGrGr,10129.0
10130,4,rrrgGgrrrgggrrrr,10134.0
10135,5,rrryygrrryggrrrr,10137.0
10140,6,rrrrrGrrrrGGrrrr,10142.0
10145,0,gGgrrrGggrrrrGrG,10150.0
10150,1,gGgrrrGggrrrrrrr,10155.0
10155,2,yyyrrryyyrrrrrrr,10158.0
10160,3,rrrgGgrrrgggGrGr,10163.0
10165,4,rrrgGgrrrgggrrrr,10168.0
10170,5,rrryygrrryggrrrr,10171.0
10175,6,rrrrrGrrrrGGrrrr,10176.0
10180,0,gGgrrrGggrrrrGrG,10184.0
10185,1,gGgrrrGggrrrrrrr,10189.0
10190,2,yyyrrryyyrrrrrrr,10192.0
10195,3,rrrgGgrrrgggGrGr,10197.0
10200,4,rrrgGgrrrgggrrrr,10202.0
10205,6,rrrrrGrrrrGGrrrr,10210.0
10210,7,rrrrryrrrryyrrrr,10213.0
10215,0,gGgrrrGggrrrrGrG,10218.0
10220,1,gGgrrrGggrrrrrrr,10223.0
10225,2,yyyrrryyyrrrrrrr,10226.0
10230,3,rrrgGgrrrgggGrGr,10231.0
10235,4,rrrgGgrrrgggrrrr,10236.0
10240,6,rrrrrGrrrrGGrrrr,10244.0
10245,7,rrrrryrrrryyrrrr,10247.0
10250,0,gGgrrrGggrrrrGrG,10252.0
10255,1,gGgrrrGggrrrrrrr,10257.0
10260,3,rrrgGgrrrgggGrGr,10265.0
10265,4,rrrgGgrrrgggrrrr,10270.0
10270,5,rrryygrrryggrrrr,10273.0
10275,6,rrrrrGrrrrGGrrrr,10278.0
10280,7,rrrrryrrrryyrrrr,10281.0
10285,0,gGgrrrGggrrrrGrG,10286.0
10290,1,gGgrrrGggrrrrrrr,10291.0
10295,3,rrrgGgrrrgggGrGr,10299.0
10300,4,rrrgGgrrrgggrrrr,10304.0
10305,5,rrryygrrryggrrrr,10307.0
10310,6,rrrrrGrrrrGGrrrr,10312.0
10315,0,gGgrrrGggrrrrGrG,10320.0
10320,1,gGgrrrGggrrrrrrr,10325.0
10325,2,yyyrrryyyrrrrrrr,10328.0
10330,3,rrrgGgrrrgggGrGr,10333.0
10335,4,rrrgGgrrrgggrrrr,10338.0
10340,5,rrryygrrryggrrrr,10341.0
10345,6,rrrrrGrrrrGGrrrr,10346.0
10350,0,gGgrrrGggrrrrGrG,10354.0
10355,1,gGgrrrGggrrrrrrr,10359.0
10360,2,yyyrrryyyrrrrrrr,10362.0
10365,3,rrrgGgrrrgggGrGr,10367.0
10370,4,rrrgGgrrrgggrrrr,10372.0
10375,6,rrrrrGrrrrGGrrrr,10380.0
10380,7,rrrrryrrrryyrrrr,10383.0
10385,0,gGgrrrGggrrrrGrG,10388.0
10390,1,gGgrrrGggrrrrrrr,10393.0
10395,2,yyyrrryyyrrrrrrr,10396.0
10400,3,rrrgGgrrrgggGrGr,10401.0
10405,4,rrrgGgrrrgggrrrr,10406.0
10410,6,rrrrrGrrrrGGrrrr,10414.0
10415,7,rrrrryrrrryyrrrr,10417.0
10420,0,gGgrrrGggrrrrGrG,10422.0
10425,1,gGgrrrGggrrrrrrr,10427.0
10430,3,rrrgGgrrrgggGrGr,10435.0
10435,4,rrrgGgrrrgggrrrr,10440.0
10440,5,rrryygrrryggrrrr,10443.0
10445,6,rrrrrGrrrrGGrrrr,10448.0
10450,7,rrrrryrrrryyrrrr,10451.0
10455,0,gGgrrrGggrrrrGrG,10456.0
10460,1,gGgrrrGggrrrrrrr,10461.0
10465,3,rrrgGgrrrgggGrGr,10469.0
10470,4,rrrgGgrrrgggrrrr,10474.0
10475,5,rrryygrrryggrrrr,10477.0
10480,6,rrrrrGrrrrGGrrrr,10482.0
10485,0,gGgrrrGggrrrrGrG,10490.0
10490,1,gGgrrrGggrrrrrrr,10495.0
10495,2,yyyrrryyyrrrrrrr,10498.0
10500,3,rrrgGgrrrgggGrGr,10503.0
10505,4,rrrgGgrrrgggrrrr,10508.0
10510,5,rrryygrrryggrrrr,10511.0
10515,6,rrrrrGrrrrGGrrrr,10516.0
10520,0,gGgrrrGggrrrrGrG,10524.0
10525,1,gGgrrrGggrrrrrrr,10529.0
10530,2,yyyrrryyyrrrrrrr,10532.0
10535,3,rrrgGgrrrgggGrGr,10537.0
10540,4,rrrgGgrrrgggrrrr,10542.0
10545,6,rrrrrGrrrrGGrrrr,10550.0
10550,7,rrrrryrrrryyrrrr,10553.0
10555,0,gGgrrrGggrrrrGrG,10558.0
10560,1,gGgrrrGggrrrrrrr,10563.0
10565,2,yyyrrryyyrrrrrrr,10566.0
10570,3,rrrgGgrrrgggGrGr,10571.0
10575,4,rrrgGgrrrgggrrrr,10576.0
10580,6,rrrrrGrrrrGGrrrr,10584.0
10585,7,rrrrryrrrryyrrrr,10587.0
10590,0,gGgrrrGggrrrrGrG,10592.0
10595,1,gGgrrrGggrrrrrrr,10597.0
10600,3,rrrgGgrrrgggGrGr,10605.0
10605,4,rrrgGgrrrgggrrrr,10610.0
10610,5,rrryygrrryggrrrr,10613.0
10615,6,rrrrrGrrrrGGrrrr,10618.0
10620,7,rrrrryrrrryyrrrr,10621.0
10625,0,gGgrrrGggrrrrGrG,10626.0
10630,1,gGgrrrGggrrrrrrr,10631.0
10635,3,rrrgGgrrrgggGrGr,10639.0
10640,4,rrrgGgrrrgggrrrr,10644.0
10645,5,rrryygrrryggrrrr,10647.0
10650,6,rrrrrGrrrrGGrrrr,10652.0
10655,0,gGgrrrGggrrrrGrG,10660.0
10660,1,gGgrrrGggrrrrrrr,10665.0
10665,2,yyyrrryyyrrrrrrr,10668.0
10670,3,rrrgGgrrrgggGrGr,10673.0
10675,4,rrrgGgrrrgggrrrr,10678.0
10680,5,rrryygrrryggrrrr,10681.0
10685,6,rrrrrGrrrrGGrrrr,10686.0
10690,0,gGgrrrGggrrrrGrG,10694.0
10695,1,gGgrrrGggrrrrrrr,10699.0
10700,2,yyyrrryyyrrrrrrr,10702.0
10705,3,rrrgGgrrrgggGrGr,10707.0
10710,4,rrrgGgrrrgggrrrr,10712.0
10715,6,rrrrrGrrrrGGrrrr,10720.0
10720,7,rrrrryrrrryyrrrr,10723.0
10725,0,gGgrrrGggrrrrGrG,10728.0
10730,1,gGgrrrGggrrrrrrr,10733.0
10735,2,yyyrrryyyrrrrrrr,10736.0
10740,3,rrrgGgrrrgggGrGr,10741.0
10745,4,rrrgGgrrrgggrrrr,10746.0
10750,6,rrrrrGrrrrGGrrrr,10754.0
10755,7,rrrrryrrrryyrrrr,10757.0
10760,0,gGgrrrGggrrrrGrG,10762.0
10765,1,gGgrrrGggrrrrrrr,10767.0
10770,3,rrrgGgrrrgggGrGr,10775.0
10775,4,rrrgGgrrrgggrrrr,10780.0
10780,5,rrryygrrryggrrrr,10783.0
10785,6,rrrrrGrrrrGGrrrr,10788.0
10790,7,rrrrryrrrryyrrrr,10791.0
10795,0,gGgrrrGggrrrrGrG,10796.0
10800,1,gGgrrrGggrrrrrrr,10801.0
10805,3,rrrgGgrrrgggGrGr,10809.0
10810,4,rrrgGgrrrgggrrrr,10814.0
10815,5,rrryygrrryggrrrr,10817.0
10820,6,rrrrrGrrrrGGrrrr,10822.0
10825,0,gGgrrrGggrrrrGrG,10830.0
10830,1,gGgrrrGggrrrrrrr,10835.0
10835,2,yyyrrryyyrrrrrrr,10838.0
10840,3,rrrgGgrrrgggGrGr,10843.0
10845,4,rrrgGgrrrgggrrrr,10848.0
10850,5,rrryygrrryggrrrr,10851.0
10855,6,rrrrrGrrrrGGrrrr,10856.0
10860,0,gGgrrrGggrrrrGrG,10864.0
10865,1,gGgrrrGggrrrrrrr,10869.0
10870,2,yyyrrryyyrrrrrrr,10872.0
10875,3,rrrgGgrrrgggGrGr,10877.0
10880,4,rrrgGgrrrgggrrrr,10882.0
10885,6,rrrrrGrrrrGGrrrr,10890.0
10890,7,rrrrryrrrryyrrrr,10893.0
10895,0,gGgrrrGggrrrrGrG,10898.0
10900,1,gGgrrrGggrrrrrrr,10903.0
10905,2,yyyrrryyyrrrrrrr,10906.0
10910,3,rrrgGgrrrgggGrGr,10911.0
10915,4,rrrgGgrrrgggrrrr,10916.0
10920,6,rrrrrGrrrrGGrrrr,10924.0
10925,7,rrrrryrrrryyrrrr,10927.0
10930,0,gGgrrrGggrrrrGrG,10932.0
10935,1,gGgrrrGggrrrrrrr,10937.0
10940,3,rrrgGgrrrgggGrGr,10945.0
10945,4,rrrgGgrrrgggrrrr,10950.0
10950,5,rrryygrrryggrrrr,10953.0
10955,6,rrrrrGrrrrGGrrrr,10958.0
10960,7,rrrrryrrrryyrrrr,10961.0
10965,0,gGgrrrGggrrrrGrG,10966.0
10970,1,gGgrrrGggrrrrrrr,10971.0
10975,3,rrrgGgrrrgggGrGr,10979.0
10980,4,rrrgGgrrrgggrrrr,10984.0
10985,5,rrryygrrryggrrrr,10987.0
10990,6,rrrrrGrrrrGGrrrr,10992.0
10995,0,gGgrrrGggrrrrGrG,11000.0
11000,1,gGgrrrGggrrrrrrr,11005.0
11005,2,yyyrrryyyrrrrrrr,11008.0
11010,3,rrrgGgrrrgggGrGr,11013.0
11015,4,rrrgGgrrrgggrrrr,11018.0
11020,5,rrryygrrryggrrrr,11021.0
11025,6,rrrrrGrrrrGGrrrr,11026.0
11030,0,gGgrrrGggrrrrGrG,11034.0
11035,1,gGgrrrGggrrrrrrr,11039.0
11040,2,yyyrrryyyrrrrrrr,11042.0
11045,3,rrrgGgrrrgggGrGr,11047.0
11050,4,rrrgGgrrrgggrrrr,11052.0
11055,6,rrrrrGrrrrGGrrrr,11060.0
11060,7,rrrrryrrrryyrrrr,11063.0
11065,0,gGgrrrGggrrrrGrG,11068.0
11070,1,gGgrrrGggrrrrrrr,11073.0
11075,2,yyyrrryyyrrrrrrr,11076.0
11080,3,rrrgGgrrrgggGrGr,11081.0
11085,4,rrrgGgrrrgggrrrr,11086.0
11090,6,rrrrrGrrrrGGrrrr,11094.0
11095,7,rrrrryrrrryyrrrr,11097.0
11100,0,gGgrrrGggrrrrGrG,11102.0
11105,1,gGgrrrGggrrrrrrr,11107.0
11110,3,rrrgGgrrrgggGrGr,11115.0
11115,4,rrrgGgrrrgggrrrr,11120.0
11120,5,rrryygrrryggrrrr,11123.0
11125,6,rrrrrGrrrrGGrrrr,11128.0
11130,7,rrrrryrrrryyrrrr,11131.0
11135,0,gGgrrrGggrrrrGrG,11136.0
11140,1,gGgrrrGggrrrrrrr,11141.0
11145,3,rrrgGgrrrgggGrGr,11149.0
11150,4,rrrgGgrrrgggrrrr,11154.0
11155,5,rrryygrrryggrrrr,11157.0
11160,6,rrrrrGrrrrGGrrrr,11162.0
11165,0,gGgrrrGggrrrrGrG,11170.0
11170,1,gGgrrrGggrrrrrrr,11175.0
11175,2,yyyrrryyyrrrrrrr,11178.0
11180,3,rrrgGgrrrgggGrGr,11183.0
11185,4,rrrgGgrrrgggrrrr,11188.0
11190,5,rrryygrrryggrrrr,11191.0
11195,6,rrrrrGrrrrGGrrrr,11196.0
11200,0,gGgrrrGggrrrrGrG,11204.0
11205,1,gGgrrrGggrrrrrrr,11209.0
11210,2,yyyrrryyyrrrrrrr,11212.0
11215,3,rrrgGgrrrgggGrGr,11217.0
11220,4,rrrgGgrrrgggrrrr,11222.0
11225,6,rrrrrGrrrrGGrrrr,11230.0
11230,7,rrrrryrrrryyrrrr,11233.0
11235,0,gGgrrrGggrrrrGrG,11238.0
11240,1,gGgrrrGggrrrrrrr,11243.0
11245,2,yyyrrryyyrrrrrrr,11246.0
11250,3,rrrgGgrrrgggGrGr,11251.0
11255,4,rrrgGgrrrgggrrrr,11256.0
11260,6,rrrrrGrrrrGGrrrr,11264.0
11265,7,rrrrryrrrryyrrrr,11267.0
11270,0,gGgrrrGggrrrrGrG,11272.0
11275,1,gGgrrrGggrrrrrrr,11277.0
11280,3,rrrgGgrrrgggGrGr,11285.0
11285,4,rrrgGgrrrgggrrrr,11290.0
11290,5,rrryygrrryggrrrr,11293.0
11295,6,rrrrrGrrrrGGrrrr,11298.0
11300,7,rrrrryrrrryyrrrr,11301.0
11305,0,gGgrrrGggrrrrGrG,11306.0
11310,1,gGgrrrGggrrrrrrr,11311.0
11315,3,rrrgGgrrrgggGrGr,11319.0
11320,4,rrrgGgrrrgggrrrr,11324.0
11325,5,rrryygrrryggrrrr,11327.0
11330,6,rrrrrGrrrrGGrrrr,11332.0
11335,0,gGgrrrGggrrrrGrG,11340.0
11340,1,gGgrrrGggrrrrrrr,11345.0
11345,2,yyyrrryyyrrrrrrr,11348.0
11350,3,rrrgGgrrrgggGrGr,11353.0
11355,4,rrrgGgrrrgggrrrr,11358.0
11360,5,rrryygrrryggrrrr,11361.0
11365,6,rrrrrGrrrrGGrrrr,11366.0
11370,0,gGgrrrGggrrrrGrG,11374.0
11375,1,gGgrrrGggrrrrrrr,11379.0
11380,2,yyyrrryyyrrrrrrr,11382.0
11385,3,rrrgGgrrrgggGrGr,11387.0
11390,4,rrrgGgrrrgggrrrr,11392.0
11395,6,rrrrrGrrrrGGrrrr,11400.0
11400,7,rrrrryrrrryyrrrr,11403.0
11405,0,gGgrrrGggrrrrGrG,11408.0
11410,1,gGgrrrGggrrrrrrr,11413.0
11415,2,yyyrrryyyrrrrrrr,11416.0
11420,3,rrrgGgrrrgggGrGr,11421.0
11425,4,rrrgGgrrrgggrrrr,11426.0
11430,6,rrrrrGrrrrGGrrrr,11434.0
11435,7,rrrrryrrrryyrrrr,11437.0
11440,0,gGgrrrGggrrrrGrG,11442.0
11445,1,gGgrrrGggrrrrrrr,11447.0
11450,3,rrrgGgrrrgggGrGr,11455.0
11455,4,rrrgGgrrrgggrrrr,11460.0
11460,5,rrryygrrryggrrrr,11463.0
11465,6,rrrrrGrrrrGGrrrr,11468.0
11470,7,rrrrryrrrryyrrrr,11471.0
11475,0,gGgrrrGggrrrrGrG,11476.0
11480,1,gGgrrrGggrrrrrrr,11481.0
11485,3,rrrgGgrrrgggGrGr,11489.0
11490,4,rrrgGgrrrgggrrrr,11494.0
11495,5,rrryygrrryggrrrr,11497.0
11500,6,rrrrrGrrrrGGrrrr,11502.0
11505,0,gGgrrrGggrrrrGrG,11510.0
11510,1,gGgrrrGggrrrrrrr,11515.0
11515,2,yyyrrryyyrrrrrrr,11518.0
11520,3,rrrgGgrrrgggGrGr,11523.0
11525,4,rrrgGgrrrgggrrrr,11528.0
11530,5,rrryygrrryggrrrr,11531.0
11535,6,rrrrrGrrrrGGrrrr,11536.0
11540,0,gGgrrrGggrrrrGrG,11544.0
11545,1,gGgrrrGggrrrrrrr,11549.0
11550,2,yyyrrryyyrrrrrrr,11552.0
11555,3,rrrgGgrrrgggGrGr,11557.0
11560,4,rrrgGgrrrgggrrrr,11562.0
11565,6,rrrrrGrrrrGGrrrr,11570.0
11570,7,rrrrryrrrryyrrrr,11573.0
11575,0,gGgrrrGggrrrrGrG,11578.0
11580,1,gGgrrrGggrrrrrrr,11583.0
11585,2,yyyrrryyyrrrrrrr,11586.0
11590,3,rrrgGgrrrgggGrGr,11591.0
11595,4,rrrgGgrrrgggrrrr,11596.0
11600,6,rrrrrGrrrrGGrrrr,11604.0
11605,7,rrrrryrrrryyrrrr,11607.0
11610,0,gGgrrrGggrrrrGrG,11612.0
11615,1,gGgrrrGggrrrrrrr,11617.0
11620,3,rrrgGgrrrgggGrGr,11625.0
11625,4,rrrgGgrrrgggrrrr,11630.0
11630,5,rrryygrrryggrrrr,11633.0
11635,6,rrrrrGrrrrGGrrrr,11638.0
11640,7,rrrrryrrrryyrrrr,11641.0
11645,0,gGgrrrGggrrrrGrG,11646.0
11650,1,gGgrrrGggrrrrrrr,11651.0
11655,3,rrrgGgrrrgggGrGr,11659.0
11660,4,rrrgGgrrrgggrrrr,11664.0
11665,5,rrryygrrryggrrrr,11667.0
11670,6,rrrrrGrrrrGGrrrr,11672.0
11675,0,gGgrrrGggrrrrGrG,11680.0
11680,1,gGgrrrGggrrrrrrr,11685.0
11685,2,yyyrrryyyrrrrrrr,11688.0
11690,3,rrrgGgrrrgggGrGr,11693.0
11695,4,rrrgGgrrrgggrrrr,11698.0
11700,5,rrryygrrryggrrrr,11701.0
11705,6,rrrrrGrrrrGGrrrr,11706.0
11710,0,gGgrrrGggrrrrGrG,11714.0
11715,1,gGgrrrGggrrrrrrr,11719.0
11720,2,yyyrrryyyrrrrrrr,11722.0
11725,3,rrrgGgrrrgggGrGr,11727.0
11730,4,rrrgGgrrrgggrrrr,11732.0
11735,6,rrrrrGrrrrGGrrrr,11740.0
11740,7,rrrrryrrrryyrrrr,11743.0
11745,0,gGgrrrGggrrrrGrG,11748.0
11750,1,gGgrrrGggrrrrrrr,11753.0
11755,2,yyyrrryyyrrrrrrr,11756.0
11760,3,rrrgGgrrrgggGrGr,11761.0
11765,4,rrrgGgrrrgggrrrr,11766.0
11770,6,rrrrrGrrrrGGrrrr,11774.0
11775,7,rrrrryrrrryyrrrr,11777.0
11780,0,gGgrrrGggrrrrGrG,11782.0
11785,1,gGgrrrGggrrrrrrr,11787.0
11790,3,rrrgGgrrrgggGrGr,11795.0
11795,4,rrrgGgrrrgggrrrr,11800.0
11800,5,rrryygrrryggrrrr,11803.0
11805,6,rrrrrGrrrrGGrrrr,11808.0
11810,7,rrrrryrrrryyrrrr,11811.0
11815,0,gGgrrrGggrrrrGrG,11816.0
11820,1,gGgrrrGggrrrrrrr,11821.0
11825,3,rrrgGgrrrgggGrGr,11829.0
11830,4,rrrgGgrrrgggrrrr,11834.0
11835,5,rrryygrrryggrrrr,11837.0
11840,6,rrrrrGrrrrGGrrrr,11842.0
11845,0,gGgrrrGggrrrrGrG,11850.0
11850,1,gGgrrrGggrrrrrrr,11855.0
11855,2,yyyrrryyyrrrrrrr,11858.0
11860,3,rrrgGgrrrgggGrGr,11863.0
11865,4,rrrgGgrrrgggrrrr,11868.0
11870,5,rrryygrrryggrrrr,11871.0
11875,6,rrrrrGrrrrGGrrrr,11876.0
11880,0,gGgrrrGggrrrrGrG,11884.0
11885,1,gGgrrrGggrrrrrrr,11889.0
11890,2,yyyrrryyyrrrrrrr,11892.0
11895,3,rrrgGgrrrgggGrGr,11897.0
11900,4,rrrgGgrrrgggrrrr,11902.0
11905,6,rrrrrGrrrrGGrrrr,11910.0
11910,7,rrrrryrrrryyrrrr,11913.0
11915,0,gGgrrrGggrrrrGrG,11918.0
11920,1,gGgrrrGggrrrrrrr,11923.0
11925,2,yyyrrryyyrrrrrrr,11926.0
11930,3,rrrgGgrrrgggGrGr,11931.0
11935,4,rrrgGgrrrgggrrrr,11936.0
11940,6,rrrrrGrrrrGGrrrr,11944.0
11945,7,rrrrryrrrryyrrrr,11947.0
11950,0,gGgrrrGggrrrrGrG,11952.0
11955,1,gGgrrrGggrrrrrrr,11957.0
11960,3,rrrgGgrrrgggGrGr,11965.0
11965,4,rrrgGgrrrgggrrrr,11970.0
11970,5,rrryygrrryggrrrr,11973.0
11975,6,rrrrrGrrrrGGrrrr,11978.0
11980,7,rrrrryrrrryyrrrr,11981.0
11985,0,gGgrrrGggrrrrGrG,11986.0
11990,1,gGgrrrGggrrrrrrr,11991.0
11995,3,rrrgGgrrrgggGrGr,11999.0
12000,4,rrrgGgrrrgggrrrr,12004.0
12005,5,rrryygrrryggrrrr,12007.0
12010,6,rrrrrGrrrrGGrrrr,12012.0
12015,0,gGgrrrGggrrrrGrG,12020.0
12020,1,gGgrrrGggrrrrrrr,12025.0
12025,2,yyyrrryyyrrrrrrr,12028.0
12030,3,rrrgGgrrrgggGrGr,12033.0
12035,4,rrrgGgrrrgggrrrr,12038.0
12040,5,rrryygrrryggrrrr,12041.0
12045,6,rrrrrGrrrrGGrrrr,12046.0
12050,0,gGgrrrGggrrrrGrG,12054.0
12055,1,gGgrrrGggrrrrrrr,12059.0
12060,2,yyyrrryyyrrrrrrr,12062.0
12065,3,rrrgGgrrrgggGrGr,12067.0
12070,4,rrrgGgrrrgggrrrr,12072.0
12075,6,rrrrrGrrrrGGrrrr,12080.0
12080,7,rrrrryrrrryyrrrr,12083.0
12085,0,gGgrrrGggrrrrGrG,12088.0
12090,1,gGgrrrGggrrrrrrr,12093.0
12095,2,yyyrrryyyrrrrrrr,12096.0
12100,3,rrrgGgrrrgggGrGr,12101.0
12105,4,rrrgGgrrrgggrrrr,12106.0
12110,6,rrrrrGrrrrGGrrrr,12114.0
12115,7,rrrrryrrrryyrrrr,12117.0
12120,0,gGgrrrGggrrrrGrG,12122.0
12125,1,gGgrrrGggrrrrrrr,12127.0
12130,3,rrrgGgrrrgggGrGr,12135.0
12135,4,rrrgGgrrrgggrrrr,12140.0
12140,5,rrryygrrryggrrrr,12143.0
12145,6,rrrrrGrrrrGGrrrr,12148.0
12150,7,rrrrryrrrryyrrrr,12151.0
12155,0,gGgrrrGggrrrrGrG,12156.0
12160,1,gGgrrrGggrrrrrrr,12161.0
12165,3,rrrgGgrrrgggGrGr,12169.0
12170,4,rrrgGgrrrgggrrrr,12174.0
12175,5,rrryygrrryggrrrr,12177.0
12180,6,rrrrrGrrrrGGrrrr,12182.0
12185,0,gGgrrrGggrrrrGrG,12190.0
12190,1,gGgrrrGggrrrrrrr,12195.0
12195,2,yyyrrryyyrrrrrrr,12198.0
12200,3,rrrgGgrrrgggGrGr,12203.0
12205,4,rrrgGgrrrgggrrrr,12208.0
12210,5,rrryygrrryggrrrr,12211.0
12215,6,rrrrrGrrrrGGrrrr,12216.0
12220,0,gGgrrrGggrrrrGrG,12224.0
12225,1,gGgrrrGggrrrrrrr,12229.0
12230,2,yyyrrryyyrrrrrrr,12232.0
12235,3,rrrgGgrrrgggGrGr,12237.0
12240,4,rrrgGgrrrgggrrrr,12242.0
12245,6,rrrrrGrrrrGGrrrr,12250.0
12250,7,rrrrryrrrryyrrrr,12253.0
12255,0,gGgrrrGggrrrrGrG,12258.0
12260,1,gGgrrrGggrrrrrrr,12263.0
12265,2,yyyrrryyyrrrrrrr,12266.0
12270,3,rrrgGgrrrgggGrGr,12271.0
12275,4,rrrgGgrrrgggrrrr,12276.0
12280,6,rrrrrGrrrrGGrrrr,12284.0
12285,7,rrrrryrrrryyrrrr,12287.0
12290,0,gGgrrrGggrrrrGrG,12292.0
12295,1,gGgrrrGggrrrrrrr,12297.0
12300,3,rrrgGgrrrgggGrGr,12305.0
12305,4,rrrgGgrrrgggrrrr,12310.0
12310,5,rrryygrrryggrrrr,12313.0
12315,6,rrrrrGrrrrGGrrrr,12318.0
12320,7,rrrrryrrrryyrrrr,12321.0
12325,0,gGgrrrGggrrrrGrG,12326.0
12330,1,gGgrrrGggrrrrrrr,12331.0
12335,3,rrrgGgrrrgggGrGr,12339.0
12340,4,rrrgGgrrrgggrrrr,12344.0
12345,5,rrryygrrryggrrrr,12347.0
12350,6,rrrrrGrrrrGGrrrr,12352.0
12355,0,gGgrrrGggrrrrGrG,12360.0
12360,1,gGgrrrGggrrrrrrr,12365.0
12365,2,yyyrrryyyrrrrrrr,12368.0
12370,3,rrrgGgrrrgggGrGr,12373.0
12375,4,rrrgGgrrrgggrrrr,12378.0
12380,5,rrryygrrryggrrrr,12381.0
12385,6,rrrrrGrrrrGGrrrr,12386.0
12390,0,gGgrrrGggrrrrGrG,12394.0
12395,1,gGgrrrGggrrrrrrr,12399.0
12400,2,yyyrrryyyrrrrrrr,12402.0
12405,3,rrrgGgrrrgggGrGr,12407.0
12410,4,rrrgGgrrrgggrrrr,12412.0
12415,6,rrrrrGrrrrGGrrrr,12420.0
12420,7,rrrrryrrrryyrrrr,12423.0
12425,0,gGgrrrGggrrrrGrG,12428.0
12430,1,gGgrrrGggrrrrrrr,12433.0
12435,2,yyyrrryyyrrrrrrr,12436.0
12440,3,rrrgGgrrrgggGrGr,12441.0
12445,4,rrrgGgrrrgggrrrr,12446.0
12450,6,rrrrrGrrrrGGrrrr,12454.0
12455,7,rrrrryrrrryyrrrr,12457.0
12460,0,gGgrrrGggrrrrGrG,12462.0
12465,1,gGgrrrGggrrrrrrr,12467.0
12470,3,rrrgGgrrrgggGrGr,12475.0
12475,4,rrrgGgrrrgggrrrr,12480.0
12480,5,rrryygrrryggrrrr,12483.0
12485,6,rrrrrGrrrrGGrrrr,12488.0
12490,7,rrrrryrrrryyrrrr,12491.0
12495,0,gGgrrrGggrrrrGrG,12496.0
12500,1,gGgrrrGggrrrrrrr,12501.0
12505,3,rrrgGgrrrgggGrGr,12509.0
12510,4,rrrgGgrrrgggrrrr,12514.0
12515,5,rrryygrrryggrrrr,12517.0
12520,6,rrrrrGrrrrGGrrrr,12522.0
12525,0,gGgrrrGggrrrrGrG,12530.0
12530,1,gGgrrrGggrrrrrrr,12535.0
12535,2,yyyrrryyyrrrrrrr,12538.0
12540,3,rrrgGgrrrgggGrGr,12543.0
12545,4,rrrgGgrrrgggrrrr,12548.0
12550,5,rrryygrrryggrrrr,12551.0
12555,6,rrrrrGrrrrGGrrrr,12556.0
12560,0,gGgrrrGggrrrrGrG,12564.0
12565,1,gGgrrrGggrrrrrrr,12569.0
12570,2,yyyrrryyyrrrrrrr,12572.0
12575,3,rrrgGgrrrgggGrGr,12577.0
12580,4,rrrgGgrrrgggrrrr,12582.0
12585,6,rrrrrGrrrrGGrrrr,12590.0
12590,7,rrrrryrrrryyrrrr,12593.0
12595,0,gGgrrrGggrrrrGrG,12598.0
12600,1,gGgrrrGggrrrrrrr,12603.0
12605,2,yyyrrryyyrrrrrrr,12606.0
12610,3,rrrgGgrrrgggGrGr,12611.0
12615,4,rrrgGgrrrgggrrrr,12616.0
12620,6,rrrrrGrrrrGGrrrr,12624.0
12625,7,rrrrryrrrryyrrrr,12627.0
12630,0,gGgrrrGggrrrrGrG,12632.0
12635,1,gGgrrrGggrrrrrrr,12637.0
12640,3,rrrgGgrrrgggGrGr,12645.0
12645,4,rrrgGgrrrgggrrrr,12650.0
12650,5,rrryygrrryggrrrr,12653.0
12655,6,rrrrrGrrrrGGrrrr,12658.0
12660,7,rrrrryrrrryyrrrr,12661.0
12665,0,gGgrrrGggrrrrGrG,12666.0
12670,1,gGgrrrGggrrrrrrr,12671.0
12675,3,rrrgGgrrrgggGrGr,12679.0
12680,4,rrrgGgrrrgggrrrr,12684.0
12685,5,rrryygrrryggrrrr,12687.0
12690,6,rrrrrGrrrrGGrrrr,12692.0
12695,0,gGgrrrGggrrrrGrG,12700.0
12700,1,gGgrrrGggrrrrrrr,12705.0
12705,2,yyyrrryyyrrrrrrr,12708.0
12710,3,rrrgGgrrrgggGrGr,12713.0
12715,4,rrrgGgrrrgggrrrr,12718.0
12720,5,rrryygrrryggrrrr,12721.0
12725,6,rrrrrGrrrrGGrrrr,12726.0
12730,0,gGgrrrGggrrrrGrG,12734.0
12735,1,gGgrrrGggrrrrrrr,12739.0
12740,2,yyyrrryyyrrrrrrr,12742.0
12745,3,rrrgGgrrrgggGrGr,12747.0
12750,4,rrrgGgrrrgggrrrr,12752.0
12755,6,rrrrrGrrrrGGrrrr,12760.0
12760,7,rrrrryrrrryyrrrr,12763.0
12765,0,gGgrrrGggrrrrGrG,12768.0
12770,1,gGgrrrGggrrrrrrr,12773.0
12775,2,yyyrrryyyrrrrrrr,12776.0
12780,3,rrrgGgrrrgggGrGr,12781.0
12785,4,rrrgGgrrrgggrrrr,12786.0
12790,6,rrrrrGrrrrGGrrrr,12794.0
12795,7,rrrrryrrrryyrrrr,12797.0
12800,0,gGgrrrGggrrrrGrG,12802.0
12805,1,gGgrrrGggrrrrrrr,12807.0
12810,3,rrrgGgrrrgggGrGr,12815.0
12815,4,rrrgGgrrrgggrrrr,12820.0
12820,5,rrryygrrryggrrrr,12823.0
12825,6,rrrrrGrrrrGGrrrr,12828.0
12830,7,rrrrryrrrryyrrrr,12831.0
12835,0,gGgrrrGggrrrrGrG,12836.0
12840,1,gGgrrrGggrrrrrrr,12841.0
12845,3,rrrgGgrrrgggGrGr,12849.0
12850,4,rrrgGgrrrgggrrrr,12854.0
12855,5,rrryygrrryggrrrr,12857.0
12860,6,rrrrrGrrrrGGrrrr,12862.0
12865,0,gGgrrrGggrrrrGrG,12870.0
12870,1,gGgrrrGggrrrrrrr,12875.0
12875,2,yyyrrryyyrrrrrrr,12878.0
12880,3,rrrgGgrrrgggGrGr,12883.0
12885,4,rrrgGgrrrgggrrrr,12888.0
12890,5,rrryygrrryggrrrr,12891.0
12895,6,rrrrrGrrrrGGrrrr,12896.0
12900,0,gGgrrrGggrrrrGrG,12904.0
12905,1,gGgrrrGggrrrrrrr,12909.0
12910,2,yyyrrryyyrrrrrrr,12912.0
12915,3,rrrgGgrrrgggGrGr,12917.0
12920,4,rrrgGgrrrgggrrrr,12922.0
12925,6,rrrrrGrrrrGGrrrr,12930.0
12930,7,rrrrryrrrryyrrrr,12933.0
12935,0,gGgrrrGggrrrrGrG,12938.0
12940,1,gGgrrrGggrrrrrrr,12943.0
12945,2,yyyrrryyyrrrrrrr,12946.0
12950,3,rrrgGgrrrgggGrGr,12951.0
12955,4,rrrgGgrrrgggrrrr,12956.0
12960,6,rrrrrGrrrrGGrrrr,12964.0
12965,7,rrrrryrrrryyrrrr,12967.0
12970,0,gGgrrrGggrrrrGrG,12972.0
12975,1,gGgrrrGggrrrrrrr,12977.0
12980,3,rrrgGgrrrgggGrGr,12985.0
12985,4,rrrgGgrrrgggrrrr,12990.0
12990,5,rrryygrrryggrrrr,12993.0
12995,6,rrrrrGrrrrGGrrrr,12998.0
13000,7,rrrrryrrrryyrrrr,13001.0
13005,0,gGgrrrGggrrrrGrG,13006.0
13010,1,gGgrrrGggrrrrrrr,13011.0
13015,3,rrrgGgrrrgggGrGr,13019.0
13020,4,rrrgGgrrrgggrrrr,13024.0
13025,5,rrryygrrryggrrrr,13027.0
13030,6,rrrrrGrrrrGGrrrr,13032.0
13035,0,gGgrrrGggrrrrGrG,13040.0
13040,1,gGgrrrGggrrrrrrr,13045.0
13045,2,yyyrrryyyrrrrrrr,13048.0
13050,3,rrrgGgrrrgggGrGr,13053.0
13055,4,rrrgGgrrrgggrrrr,13058.0
13060,5,rrryygrrryggrrrr,13061.0
13065,6,rrrrrGrrrrGGrrrr,13066.0
13070,0,gGgrrrGggrrrrGrG,13074.0
13075,1,gGgrrrGggrrrrrrr,13079.0
13080,2,yyyrrryyyrrrrrrr,13082.0
13085,3,rrrgGgrrrgggGrGr,13087.0
13090,4,rrrgGgrrrgggrrrr,13092.0
13095,6,rrrrrGrrrrGGrrrr,13100.0
13100,7,rrrrryrrrryyrrrr,13103.0
13105,0,gGgrrrGggrrrrGrG,13108.0
13110,1,gGgrrrGggrrrrrrr,13113.0
13115,2,yyyrrryyyrrrrrrr,13116.0
13120,3,rrrgGgrrrgggGrGr,13121.0
13125,4,rrrgGgrrrgggrrrr,13126.0
13130,6,rrrrrGrrrrGGrrrr,13134.0
13135,7,rrrrryrrrryyrrrr,13137.0
13140,0,gGgrrrGggrrrrGrG,13142.0
13145,1,gGgrrrGggrrrrrrr,13147.0
13150,3,rrrgGgrrrgggGrGr,13155.0
13155,4,rrrgGgrrrgggrrrr,13160.0
13160,5,rrryygrrryggrrrr,13163.0
13165,6,rrrrrGrrrrGGrrrr,13168.0
13170,7,rrrrryrrrryyrrrr,13171.0
13175,0,gGgrrrGggrrrrGrG,13176.0
13180,1,gGgrrrGggrrrrrrr,13181.0
13185,3,rrrgGgrrrgggGrGr,13189.0
13190,4,rrrgGgrrrgggrrrr,13194.0
13195,5,rrryygrrryggrrrr,13197.0
13200,6,rrrrrGrrrrGGrrrr,13202.0
13205,0,gGgrrrGggrrrrGrG,13210.0
13210,1,gGgrrrGggrrrrrrr,13215.0
13215,2,yyyrrryyyrrrrrrr,13218.0
13220,3,rrrgGgrrrgggGrGr,13223.0
13225,4,rrrgGgrrrgggrrrr,13228.0
13230,5,rrryygrrryggrrrr,13231.0
13235,6,rrrrrGrrrrGGrrrr,13236.0
13240,0,gGgrrrGggrrrrGrG,13244.0
13245,1,gGgrrrGggrrrrrrr,13249.0
13250,2,yyyrrryyyrrrrrrr,13252.0
13255,3,rrrgGgrrrgggGrGr,13257.0
13260,4,rrrgGgrrrgggrrrr,13262.0
13265,6,rrrrrGrrrrGGrrrr,13270.0
13270,7,rrrrryrrrryyrrrr,13273.0
13275,0,gGgrrrGggrrrrGrG,13278.0
13280,1,gGgrrrGggrrrrrrr,13283.0
13285,2,yyyrrryyyrrrrrrr,13286.0
13290,3,rrrgGgrrrgggGrGr,13291.0
13295,4,rrrgGgrrrgggrrrr,13296.0
13300,6,rrrrrGrrrrGGrrrr,13304.0
13305,7,rrrrryrrrryyrrrr,13307.0
13310,0,gGgrrrGggrrrrGrG,13312.0
13315,1,gGgrrrGggrrrrrrr,13317.0
13320,3,rrrgGgrrrgggGrGr,13325.0
13325,4,rrrgGgrrrgggrrrr,13330.0
13330,5,rrryygrrryggrrrr,13333.0
13335,6,rrrrrGrrrrGGrrrr,13338.0
13340,7,rrrrryrrrryyrrrr,13341.0
13345,0,gGgrrrGggrrrrGrG,13346.0
13350,1,gGgrrrGggrrrrrrr,13351.0
13355,3,rrrgGgrrrgggGrGr,13359.0
13360,4,rrrgGgrrrgggrrrr,13364.0
13365,5,rrryygrrryggrrrr,13367.0
13370,6,rrrrrGrrrrGGrrrr,13372.0
13375,0,gGgrrrGggrrrrGrG,13380.0
13380,1,gGgrrrGggrrrrrrr,13385.0
13385,2,yyyrrryyyrrrrrrr,13388.0
13390,3,rrrgGgrrrgggGrGr,13393.0
13395,4,rrrgGgrrrgggrrrr,13398.0
13400,5,rrryygrrryggrrrr,13401.0
13405,6,rrrrrGrrrrGGrrrr,13406.0
13410,0,gGgrrrGggrrrrGrG,13414.0
13415,1,gGgrrrGggrrrrrrr,13419.0
13420,2,yyyrrryyyrrrrrrr,13422.0
13425,3,rrrgGgrrrgggGrGr,13427.0
13430,4,rrrgGgrrrgggrrrr,13432.0
13435,6,rrrrrGrrrrGGrrrr,13440.0
13440,7,rrrrryrrrryyrrrr,13443.0
13445,0,gGgrrrGggrrrrGrG,13448.0
13450,1,gGgrrrGggrrrrrrr,13453.0
13455,2,yyyrrryyyrrrrrrr,13456.0
13460,3,rrrgGgrrrgggGrGr,13461.0
13465,4,rrrgGgrrrgggrrrr,13466.0
13470,6,rrrrrGrrrrGGrrrr,13474.0
13475,7,rrrrryrrrryyrrrr,13477.0
13480,0,gGgrrrGggrrrrGrG,13482.0
13485,1,gGgrrrGggrrrrrrr,13487.0
13490,3,rrrgGgrrrgggGrGr,13495.0
13495,4,rrrgGgrrrgggrrrr,13500.0
13500,5,rrryygrrryggrrrr,13503.0
13505,6,rrrrrGrrrrGGrrrr,13508.0
13510,7,rrrrryrrrryyrrrr,13511.0
13515,0,gGgrrrGggrrrrGrG,13516.0
13520,1,gGgrrrGggrrrrrrr,13521.0
13525,3,rrrgGgrrrgggGrGr,13529.0
13530,4,rrrgGgrrrgggrrrr,13534.0
13535,5,rrryygrrryggrrrr,13537.0
13540,6,rrrrrGrrrrGGrrrr,13542.0
13545,0,gGgrrrGggrrrrGrG,13550.0
13550,1,gGgrrrGggrrrrrrr,13555.0
13555,2,yyyrrryyyrrrrrrr,13558.0
13560,3,rrrgGgrrrgggGrGr,13563.0
13565,4,rrrgGgrrrgggrrrr,13568.0
13570,5,rrryygrrryggrrrr,13571.0
13575,6,rrrrrGrrrrGGrrrr,13576.0
13580,0,gGgrrrGggrrrrGrG,13584.0
13585,1,gGgrrrGggrrrrrrr,13589.0
13590,2,yyyrrryyyrrrrrrr,13592.0
13595,3,rrrgGgrrrgggGrGr,13597.0
13600,4,rrrgGgrrrgggrrrr,13602.0
13605,6,rrrrrGrrrrGGrrrr,13610.0
13610,7,rrrrryrrrryyrrrr,13613.0
13615,0,gGgrrrGggrrrrGrG,13618.0
13620,1,gGgrrrGggrrrrrrr,13623.0
13625,2,yyyrrryyyrrrrrrr,13626.0
13630,3,rrrgGgrrrgggGrGr,13631.0
13635,4,rrrgGgrrrgggrrrr,13636.0
13640,6,rrrrrGrrrrGGrrrr,13644.0
13645,7,rrrrryrrrryyrrrr,13647.0
13650,0,gGgrrrGggrrrrGrG,13652.0
13655,1,gGgrrrGggrrrrrrr,13657.0
13660,3,rrrgGgrrrgggGrGr,13665.0
13665,4,rrrgGgrrrgggrrrr,13670.0
13670,5,rrryygrrryggrrrr,13673.0
13675,6,rrrrrGrrrrGGrrrr,13678.0
13680,7,rrrrryrrrryyrrrr,13681.0
13685,0,gGgrrrGggrrrrGrG,13686.0
13690,1,gGgrrrGggrrrrrrr,13691.0
13695,3,rrrgGgrrrgggGrGr,13699.0
13700,4,rrrgGgrrrgggrrrr,13704.0
13705,5,rrryygrrryggrrrr,13707.0
13710,6,rrrrrGrrrrGGrrrr,13712.0
13715,0,gGgrrrGggrrrrGrG,13720.0
13720,1,gGgrrrGggrrrrrrr,13725.0
13725,2,yyyrrryyyrrrrrrr,13728.0
13730,3,rrrgGgrrrgggGrGr,13733.0
13735,4,rrrgGgrrrgggrrrr,13738.0
13740,5,rrryygrrryggrrrr,13741.0
13745,6,rrrrrGrrrrGGrrrr,13746.0
13750,0,gGgrrrGggrrrrGrG,13754.0
13755,1,gGgrrrGggrrrrrrr,13759.0
13760,2,yyyrrryyyrrrrrrr,13762.0
13765,3,rrrgGgrrrgggGrGr,13767.0
13770,4,rrrgGgrrrgggrrrr,13772.0
13775,6,rrrrrGrrrrGGrrrr,13780.0
13780,7,rrrrryrrrryyrrrr,13783.0
13785,0,gGgrrrGggrrrrGrG,13788.0
13790,1,gGgrrrGggrrrrrrr,13793.0
13795,2,yyyrrryyyrrrrrrr,13796.0
13800,3,rrrgGgrrrgggGrGr,13801.0
13805,4,rrrgGgrrrgggrrrr,13806.0
13810,6,rrrrrGrrrrGGrrrr,13814.0
13815,7,rrrrryrrrryyrrrr,13817.0
13820,0,gGgrrrGggrrrrGrG,13822.0
13825,1,gGgrrrGggrrrrrrr,13827.0
13830,3,rrrgGgrrrgggGrGr,13835.0
13835,4,rrrgGgrrrgggrrrr,13840.0
13840,5,rrryygrrryggrrrr,13843.0
13845,6,rrrrrGrrrrGGrrrr,13848.0
13850,7,rrrrryrrrryyrrrr,13851.0
13855,0,gGgrrrGggrrrrGrG,13856.0
13860,1,gGgrrrGggrrrrrrr,13861.0
13865,3,rrrgGgrrrgggGrGr,13869.0
13870,4,rrrgGgrrrgggrrrr,13874.0
13875,5,rrryygrrryggrrrr,13877.0
13880,6,rrrrrGrrrrGGrrrr,13882.0
13885,0,gGgrrrGggrrrrGrG,13890.0
13890,1,gGgrrrGggrrrrrrr,13895.0
13895,2,yyyrrryyyrrrrrrr,13898.0
13900,3,rrrgGgrrrgggGrGr,13903.0
13905,4,rrrgGgrrrgggrrrr,13908.0
13910,5,rrryygrrryggrrrr,13911.0
13915,6,rrrrrGrrrrGGrrrr,13916.0
13920,0,gGgrrrGggrrrrGrG,13924.0
13925,1,gGgrrrGggrrrrrrr,13929.0
13930,2,yyyrrryyyrrrrrrr,13932.0
13935,3,rrrgGgrrrgggGrGr,13937.0
13940,4,rrrgGgrrrgggrrrr,13942.0
13945,6,rrrrrGrrrrGGrrrr,13950.0
13950,7,rrrrryrrrryyrrrr,13953.0
13955,0,gGgrrrGggrrrrGrG,13958.0
13960,1,gGgrrrGggrrrrrrr,13963.0
13965,2,yyyrrryyyrrrrrrr,13966.0
13970,3,rrrgGgrrrgggGrGr,13971.0
13975,4,rrrgGgrrrgggrrrr,13976.0
13980,6,rrrrrGrrrrGGrrrr,13984.0
13985,7,rrrrryrrrryyrrrr,13987.0
13990,0,gGgrrrGggrrrrGrG,13992.0
13995,1,gGgrrrGggrrrrrrr,13997.0
14000,3,rrrgGgrrrgggGrGr,14005.0
14005,4,rrrgGgrrrgggrrrr,14010.0
14010,5,rrryygrrryggrrrr,14013.0
14015,6,rrrrrGrrrrGGrrrr,14018.0
14020,7,rrrrryrrrryyrrrr,14021.0
14025,0,gGgrrrGggrrrrGrG,14026.0
14030,1,gGgrrrGggrrrrrrr,14031.0
14035,3,rrrgGgrrrgggGrGr,14039.0
14040,4,rrrgGgrrrgggrrrr,14044.0
14045,5,rrryygrrryggrrrr,14047.0
14050,6,rrrrrGrrrrGGrrrr,14052.0
14055,0,gGgrrrGggrrrrGrG,14060.0
14060,1,gGgrrrGggrrrrrrr,14065.0
14065,2,yyyrrryyyrrrrrrr,14068.0
14070,3,rrrgGgrrrgggGrGr,14073.0
14075,4,rrrgGgrrrgggrrrr,14078.0
14080,5,rrryygrrryggrrrr,14081.0
14085,6,rrrrrGrrrrGGrrrr,14086.0
14090,0,gGgrrrGggrrrrGrG,14094.0
14095,1,gGgrrrGggrrrrrrr,14099.0
14100,2,yyyrrryyyrrrrrrr,14102.0
14105,3,rrrgGgrrrgggGrGr,14107.0
14110,4,rrrgGgrrrgggrrrr,14112.0
14115,6,rrrrrGrrrrGGrrrr,14120.0
14120,7,rrrrryrrrryyrrrr,14123.0
14125,0,gGgrrrGggrrrrGrG,14128.0
14130,1,gGgrrrGggrrrrrrr,14133.0
14135,2,yyyrrryyyrrrrrrr,14136.0
14140,3,rrrgGgrrrgggGrGr,14141.0
14145,4,rrrgGgrrrgggrrrr,14146.0
14150,6,rrrrrGrrrrGGrrrr,14154.0
14155,7,rrrrryrrrryyrrrr,14157.0
14160,0,gGgrrrGggrrrrGrG,14162.0
14165,1,gGgrrrGggrrrrrrr,14167.0
14170,3,rrrgGgrrrgggGrGr,14175.0
14175,4,rrrgGgrrrgggrrrr,14180.0
14180,5,rrryygrrryggrrrr,14183.0
14185,6,rrrrrGrrrrGGrrrr,14188.0
14190,7,rrrrryrrrryyrrrr,14191.0
14195,0,gGgrrrGggrrrrGrG,14196.0
14200,1,gGgrrrGggrrrrrrr,14201.0
14205,3,rrrgGgrrrgggGrGr,14209.0
14210,4,rrrgGgrrrgggrrrr,14214.0
14215,5,rrryygrrryggrrrr,14217.0
14220,6,rrrrrGrrrrGGrrrr,14222.0
14225,0,gGgrrrGggrrrrGrG,14230.0
14230,1,gGgrrrGggrrrrrrr,14235.0
14235,2,yyyrrryyyrrrrrrr,14238.0
14240,3,rrrgGgrrrgggGrGr,14243.0
14245,4,rrrgGgrrrgggrrrr,14248.0
14250,5,rrryygrrryggrrrr,14251.0
14255,6,rrrrrGrrrrGGrrrr,14256.0
14260,0,gGgrrrGggrrrrGrG,14264.0
14265,1,gGgrrrGggrrrrrrr,14269.0
14270,2,yyyrrryyyrrrrrrr,14272.0
14275,3,rrrgGgrrrgggGrGr,14277.0
14280,4,rrrgGgrrrgggrrrr,14282.0
14285,6,rrrrrGrrrrGGrrrr,14290.0
14290,7,rrrrryrrrryyrrrr,14293.0
14295,0,gGgrrrGggrrrrGrG,14298.0
14300,1,gGgrrrGggrrrrrrr,14303.0
14305,2,yyyrrryyyrrrrrrr,14306.0
14310,3,rrrgGgrrrgggGrGr,14311.0
14315,4,rrrgGgrrrgggrrrr,14316.0
14320,6,rrrrrGrrrrGGrrrr,14324.0
14325,7,rrrrryrrrryyrrrr,14327.0
14330,0,gGgrrrGggrrrrGrG,14332.0
14335,1,gGgrrrGggrrrrrrr,14337.0
14340,3,rrrgGgrrrgggGrGr,14345.0
14345,4,rrrgGgrrrgggrrrr,14350.0
14350,5,rrryygrrryggrrrr,14353.0
14355,6,rrrrrGrrrrGGrrrr,14358.0
14360,7,rrrrryrrrryyrrrr,14361.0
14365,0,gGgrrrGggrrrrGrG,14366.0
14370,1,gGgrrrGggrrrrrrr,14371.0
14375,3,rrrgGgrrrgggGrGr,14379.0
14380,4,rrrgGgrrrgggrrrr,14384.0
14385,5,rrryygrrryggrrrr,14387.0
14390,6,rrrrrGrrrrGGrrrr,14392.0
14395,0,gGgrrrGggrrrrGrG,14400.0
14400,1,gGgrrrGggrrrrrrr,14405.0
14405,2,yyyrrryyyrrrrrrr,14408.0
14410,3,rrrgGgrrrgggGrGr,14413.0
14415,4,rrrgGgrrrgggrrrr,14418.0
14420,5,rrryygrrryggrrrr,14421.0
14425,6,rrrrrGrrrrGGrrrr,14426.0
14430,0,gGgrrrGggrrrrGrG,14434.0
14435,1,gGgrrrGggrrrrrrr,14439.0
14440,2,yyyrrryyyrrrrrrr,14442.0
14445,3,rrrgGgrrrgggGrGr,14447.0
14450,4,rrrgGgrrrgggrrrr,14452.0
14455,6,rrrrrGrrrrGGrrrr,14460.0
14460,7,rrrrryrrrryyrrrr,14463.0
14465,0,gGgrrrGggrrrrGrG,14468.0
14470,1,gGgrrrGggrrrrrrr,14473.0
14475,2,yyyrrryyyrrrrrrr,14476.0
14480,3,rrrgGgrrrgggGrGr,14481.0
14485,4,rrrgGgrrrgggrrrr,14486.0
14490,6,rrrrrGrrrrGGrrrr,14494.0
14495,7,rrrrryrrrryyrrrr,14497.0
14500,0,gGgrrrGggrrrrGrG,14502.0
14505,1,gGgrrrGggrrrrrrr,14507.0
14510,3,rrrgGgrrrgggGrGr,14515.0
14515,4,rrrgGgrrrgggrrrr,14520.0
14520,5,rrryygrrryggrrrr,14523.0
14525,6,rrrrrGrrrrGGrrrr,14528.0
14530,7,rrrrryrrrryyrrrr,14531.0
14535,0,gGgrrrGggrrrrGrG,14536.0
14540,1,gGgrrrGggrrrrrrr,14541.0
14545,3,rrrgGgrrrgggGrGr,14549.0
14550,4,rrrgGgrrrgggrrrr,14554.0
14555,5,rrryygrrryggrrrr,14557.0
14560,6,rrrrrGrrrrGGrrrr,14562.0
14565,0,gGgrrrGggrrrrGrG,14570.0
14570,1,gGgrrrGggrrrrrrr,14575.0
14575,2,yyyrrryyyrrrrrrr,14578.0
14580,3,rrrgGgrrrgggGrGr,14583.0
14585,4,rrrgGgrrrgggrrrr,14588.0
14590,5,rrryygrrryggrrrr,14591.0
14595,6,rrrrrGrrrrGGrrrr,14596.0
14600,0,gGgrrrGggrrrrGrG,14604.0
14605,1,gGgrrrGggrrrrrrr,14609.0
14610,2,yyyrrryyyrrrrrrr,14612.0
14615,3,rrrgGgrrrgggGrGr,14617.0
14620,4,rrrgGgrrrgggrrrr,14622.0
14625,6,rrrrrGrrrrGGrrrr,14630.0
14630,7,rrrrryrrrryyrrrr,14633.0
14635,0,gGgrrrGggrrrrGrG,14638.0
14640,1,gGgrrrGggrrrrrrr,14643.0
14645,2,yyyrrryyyrrrrrrr,14646.0
14650,3,rrrgGgrrrgggGrGr,14651.0
14655,4,rrrgGgrrrgggrrrr,14656.0
14660,6,rrrrrGrrrrGGrrrr,14664.0
14665,7,rrrrryrrrryyrrrr,14667.0
14670,0,gGgrrrGggrrrrGrG,14672.0
14675,1,gGgrrrGggrrrrrrr,14677.0
14680,3,rrrgGgrrrgggGrGr,14685.0
14685,4,rrrgGgrrrgggrrrr,14690.0
14690,5,rrryygrrryggrrrr,14693.0
14695,6,rrrrrGrrrrGGrrrr,14698.0
14700,7,rrrrryrrrryyrrrr,14701.0
14705,0,gGgrrrGggrrrrGrG,14706.0
14710,1,gGgrrrGggrrrrrrr,14711.0
14715,3,rrrgGgrrrgggGrGr,14719.0
14720,4,rrrgGgrrrgggrrrr,14724.0
14725,5,rrryygrrryggrrrr,14727.0
14730,6,rrrrrGrrrrGGrrrr,14732.0
14735,0,gGgrrrGggrrrrGrG,14740.0
14740,1,gGgrrrGggrrrrrrr,14745.0
14745,2,yyyrrryyyrrrrrrr,14748.0
14750,3,rrrgGgrrrgggGrGr,14753.0
14755,4,rrrgGgrrrgggrrrr,14758.0
14760,5,rrryygrrryggrrrr,14761.0
14765,6,rrrrrGrrrrGGrrrr,14766.0
14770,0,gGgrrrGggrrrrGrG,14774.0
14775,1,gGgrrrGggrrrrrrr,14779.0
14780,2,yyyrrryyyrrrrrrr,14782.0
14785,3,rrrgGgrrrgggGrGr,14787.0
14790,4,rrrgGgrrrgggrrrr,14792.0
14795,6,rrrrrGrrrrGGrrrr,14800.0
14800,7,rrrrryrrrryyrrrr,14803.0
14805,0,gGgrrrGggrrrrGrG,14808.0
14810,1,gGgrrrGggrrrrrrr,14813.0
14815,2,yyyrrryyyrrrrrrr,14816.0
14820,3,rrrgGgrrrgggGrGr,14821.0
14825,4,rrrgGgrrrgggrrrr,14826.0
14830,6,rrrrrGrrrrGGrrrr,14834.0
14835,7,rrrrryrrrryyrrrr,14837.0
14840,0,gGgrrrGggrrrrGrG,14842.0
14845,1,gGgrrrGggrrrrrrr,14847.0
14850,3,rrrgGgrrrgggGrGr,14855.0
14855,4,rrrgGgrrrgggrrrr,14860.0
14860,5,rrryygrrryggrrrr,14863.0
14865,6,rrrrrGrrrrGGrrrr,14868.0
14870,7,rrrrryrrrryyrrrr,14871.0
14875,0,gGgrrrGggrrrrGrG,14876.0
14880,1,gGgrrrGggrrrrrrr,14881.0
14885,3,rrrgGgrrrgggGrGr,14889.0
14890,4,rrrgGgrrrgggrrrr,14894.0
14895,5,rrryygrrryggrrrr,14897.0
14900,6,rrrrrGrrrrGGrrrr,14902.0
14905,0,gGgrrrGggrrrrGrG,14910.0
14910,1,gGgrrrGggrrrrrrr,14915.0
14915,2,yyyrrryyyrrrrrrr,14918.0
14920,3,rrrgGgrrrgggGrGr,14923.0
14925,4,rrrgGgrrrgggrrrr,14928.0
14930,5,rrryygrrryggrrrr,14931.0
14935,6,rrrrrGrrrrGGrrrr,14936.0
14940,0,gGgrrrGggrrrrGrG,14944.0
14945,1,gGgrrrGggrrrrrrr,14949.0
14950,2,yyyrrryyyrrrrrrr,14952.0
14955,3,rrrgGgrrrgggGrGr,14957.0
14960,4,rrrgGgrrrgggrrrr,14962.0
14965,6,rrrrrGrrrrGGrrrr,14970.0
14970,7,rrrrryrrrryyrrrr,14973.0
14975,0,gGgrrrGggrrrrGrG,14978.0
14980,1,gGgrrrGggrrrrrrr,14983.0
14985,2,yyyrrryyyrrrrrrr,14986.0
14990,3,rrrgGgrrrgggGrGr,14991.0
14995,4,rrrgGgrrrgggrrrr,14996.0
15000,6,rrrrrGrrrrGGrrrr,15004.0
15005,7,rrrrryrrrryyrrrr,15007.0
15010,0,gGgrrrGggrrrrGrG,15012.0
15015,1,gGgrrrGggrrrrrrr,15017.0
15020,3,rrrgGgrrrgggGrGr,15025.0
15025,4,rrrgGgrrrgggrrrr,15030.0
15030,5,rrryygrrryggrrrr,15033.0
15035,6,rrrrrGrrrrGGrrrr,15038.0
15040,7,rrrrryrrrryyrrrr,15041.0
15045,0,gGgrrrGggrrrrGrG,15046.0
15050,1,gGgrrrGggrrrrrrr,15051.0
15055,3,rrrgGgrrrgggGrGr,15059.0
15060,4,rrrgGgrrrgggrrrr,15064.0
15065,5,rrryygrrryggrrrr,15067.0
15070,6,rrrrrGrrrrGGrrrr,15072.0
15075,0,gGgrrrGggrrrrGrG,15080.0
15080,1,gGgrrrGggrrrrrrr,15085.0
15085,2,yyyrrryyyrrrrrrr,15088.0
15090,3,rrrgGgrrrgggGrGr,15093.0
15095,4,rrrgGgrrrgggrrrr,15098.0
15100,5,rrryygrrryggrrrr,15101.0
15105,6,rrrrrGrrrrGGrrrr,15106.0
15110,0,gGgrrrGggrrrrGrG,15114.0
15115,1,gGgrrrGggrrrrrrr,15119.0
15120,2,yyyrrryyyrrrrrrr,15122.0
15125,3,rrrgGgrrrgggGrGr,15127.0
15130,4,rrrgGgrrrgggrrrr,15132.0
15135,6,rrrrrGrrrrGGrrrr,15140.0
15140,7,rrrrryrrrryyrrrr,15143.0
15145,0,gGgrrrGggrrrrGrG,15148.0
15150,1,gGgrrrGggrrrrrrr,15153.0
15155,2,yyyrrryyyrrrrrrr,15156.0
15160,3,rrrgGgrrrgggGrGr,15161.0
15165,4,rrrgGgrrrgggrrrr,15166.0
15170,6,rrrrrGrrrrGGrrrr,15174.0
15175,7,rrrrryrrrryyrrrr,15177.0
15180,0,gGgrrrGggrrrrGrG,15182.0
15185,1,gGgrrrGggrrrrrrr,15187.0
15190,3,rrrgGgrrrgggGrGr,15195.0
15195,4,rrrgGgrrrgggrrrr,15200.0
15200,5,rrryygrrryggrrrr,15203.0
15205,6,rrrrrGrrrrGGrrrr,15208.0
15210,7,rrrrryrrrryyrrrr,15211.0
15215,0,gGgrrrGggrrrrGrG,15216.0
15220,1,gGgrrrGggrrrrrrr,15221.0
15225,3,rrrgGgrrrgggGrGr,15229.0
15230,4,rrrgGgrrrgggrrrr,15234.0
15235,5,rrryygrrryggrrrr,15237.0
15240,6,rrrrrGrrrrGGrrrr,15242.0
15245,0,gGgrrrGggrrrrGrG,15250.0
15250,1,gGgrrrGggrrrrrrr,15255.0
15255,2,yyyrrryyyrrrrrrr,15258.0
15260,3,rrrgGgrrrgggGrGr,15263.0
15265,4,rrrgGgrrrgggrrrr,15268.0
15270,5,rrryygrrryggrrrr,15271.0
15275,6,rrrrrGrrrrGGrrrr,15276.0
15280,0,gGgrrrGggrrrrGrG,15284.0
15285,1,gGgrrrGggrrrrrrr,15289.0
15290,2,yyyrrryyyrrrrrrr,15292.0
15295,3,rrrgGgrrrgggGrGr,15297.0
15300,4,rrrgGgrrrgggrrrr,15302.0
15305,6,rrrrrGrrrrGGrrrr,15310.0
15310,7,rrrrryrrrryyrrrr,15313.0
15315,0,gGgrrrGggrrrrGrG,15318.0
15320,1,gGgrrrGggrrrrrrr,15323.0
15325,2,yyyrrryyyrrrrrrr,15326.0
15330,3,rrrgGgrrrgggGrGr,15331.0
15335,4,rrrgGgrrrgggrrrr,15336.0
15340,6,rrrrrGrrrrGGrrrr,15344.0
15345,7,rrrrryrrrryyrrrr,15347.0
15350,0,gGgrrrGggrrrrGrG,15352.0
15355,1,gGgrrrGggrrrrrrr,15357.0
15360,3,rrrgGgrrrgggGrGr,15365.0
15365,4,rrrgGgrrrgggrrrr,15370.0
15370,5,rrryygrrryggrrrr,15373.0
15375,6,rrrrrGrrrrGGrrrr,15378.0
15380,7,rrrrryrrrryyrrrr,15381.0
15385,0,gGgrrrGggrrrrGrG,15386.0
15390,1,gGgrrrGggrrrrrrr,15391.0
15395,3,rrrgGgrrrgggGrGr,15399.0
15400,4,rrrgGgrrrgggrrrr,15404.0
15405,5,rrryygrrryggrrrr,15407.0
15410,6,rrrrrGrrrrGGrrrr,15412.0
15415,0,gGgrrrGggrrrrGrG,15420.0
15420,1,gGgrrrGggrrrrrrr,15425.0
15425,2,yyyrrryyyrrrrrrr,15428.0
15430,3,rrrgGgrrrgggGrGr,15433.0
15435,4,rrrgGgrrrgggrrrr,15438.0
15440,5,rrryygrrryggrrrr,15441.0
15445,6,rrrrrGrrrrGGrrrr,15446.0
15450,0,gGgrrrGggrrrrGrG,15454.0
15455,1,gGgrrrGggrrrrrrr,15459.0
15460,2,yyyrrryyyrrrrrrr,15462.0
15465,3,rrrgGgrrrgggGrGr,15467.0
15470,4,rrrgGgrrrgggrrrr,15472.0
15475,6,rrrrrGrrrrGGrrrr,15480.0
15480,7,rrrrryrrrryyrrrr,15483.0
15485,0,gGgrrrGggrrrrGrG,15488.0
15490,1,gGgrrrGggrrrrrrr,15493.0
15495,2,yyyrrryyyrrrrrrr,15496.0
15500,3,rrrgGgrrrgggGrGr,15501.0
15505,4,rrrgGgrrrgggrrrr,15506.0
15510,6,rrrrrGrrrrGGrrrr,15514.0
15515,7,rrrrryrrrryyrrrr,15517.0
15520,0,gGgrrrGggrrrrGrG,15522.0
15525,1,gGgrrrGggrrrrrrr,15527.0
15530,3,rrrgGgrrrgggGrGr,15535.0
15535,4,rrrgGgrrrgggrrrr,15540.0
15540,5,rrryygrrryggrrrr,15543.0
15545,6,rrrrrGrrrrGGrrrr,15548.0
15550,7,rrrrryrrrryyrrrr,15551.0
15555,0,gGgrrrGggrrrrGrG,15556.0
15560,1,gGgrrrGggrrrrrrr,15561.0
15565,3,rrrgGgrrrgggGrGr,15569.0
15570,4,rrrgGgrrrgggrrrr,15574.0
15575,5,rrryygrrryggrrrr,15577.0
15580,6,rrrrrGrrrrGGrrrr,15582.0
15585,0,gGgrrrGggrrrrGrG,15590.0
15590,1,gGgrrrGggrrrrrrr,15595.0
15595,2,yyyrrryyyrrrrrrr,15598.0
15600,3,rrrgGgrrrgggGrGr,15603.0
15605,4,rrrgGgrrrgggrrrr,15608.0
15610,5,rrryygrrryggrrrr,15611.0
15615,6,rrrrrGrrrrGGrrrr,15616.0
15620,0,gGgrrrGggrrrrGrG,15624.0
15625,1,gGgrrrGggrrrrrrr,15629.0
15630,2,yyyrrryyyrrrrrrr,15632.0
15635,3,rrrgGgrrrgggGrGr,15637.0
15640,4,rrrgGgrrrgggrrrr,15642.0
15645,6,rrrrrGrrrrGGrrrr,15650.0
15650,7,rrrrryrrrryyrrrr,15653.0
15655,0,gGgrrrGggrrrrGrG,15658.0
15660,1,gGgrrrGggrrrrrrr,15663.0
15665,2,yyyrrryyyrrrrrrr,15666.0
15670,3,rrrgGgrrrgggGrGr,15671.0
15675,4,rrrgGgrrrgggrrrr,15676.0
15680,6,rrrrrGrrrrGGrrrr,15684.0
15685,7,rrrrryrrrryyrrrr,15687.0
15690,0,gGgrrrGggrrrrGrG,15692.0
15695,1,gGgrrrGggrrrrrrr,15697.0
15700,3,rrrgGgrrrgggGrGr,15705.0
15705,4,rrrgGgrrrgggrrrr,15710.0
15710,5,rrryygrrryggrrrr,15713.0
15715,6,rrrrrGrrrrGGrrrr,15718.0
15720,7,rrrrryrrrryyrrrr,15721.0
15725,0,gGgrrrGggrrrrGrG,15726.0
15730,1,gGgrrrGggrrrrrrr,15731.0
15735,3,rrrgGgrrrgggGrGr,15739.0
15740,4,rrrgGgrrrgggrrrr,15744.0
15745,5,rrryygrrryggrrrr,15747.0
15750,6,rrrrrGrrrrGGrrrr,15752.0
15755,0,gGgrrrGggrrrrGrG,15760.0
15760,1,gGgrrrGggrrrrrrr,15765.0
15765,2,yyyrrryyyrrrrrrr,15768.0
15770,3,rrrgGgrrrgggGrGr,15773.0
15775,4,rrrgGgrrrgggrrrr,15778.0
15780,5,rrryygrrryggrrrr,15781.0
15785,6,rrrrrGrrrrGGrrrr,15786.0
15790,0,gGgrrrGggrrrrGrG,15794.0
15795,1,gGgrrrGggrrrrrrr,15799.0
15800,2,yyyrrryyyrrrrrrr,15802.0
15805,3,rrrgGgrrrgggGrGr,15807.0
15810,4,rrrgGgrrrgggrrrr,15812.0
15815,6,rrrrrGrrrrGGrrrr,15820.0
15820,7,rrrrryrrrryyrrrr,15823.0
15825,0,gGgrrrGggrrrrGrG,15828.0
15830,1,gGgrrrGggrrrrrrr,15833.0
15835,2,yyyrrryyyrrrrrrr,15836.0
15840,3,rrrgGgrrrgggGrGr,15841.0
15845,4,rrrgGgrrrgggrrrr,15846.0
15850,6,rrrrrGrrrrGGrrrr,15854.0
15855,7,rrrrryrrrryyrrrr,15857.0
15860,0,gGgrrrGggrrrrGrG,15862.0
15865,1,gGgrrrGggrrrrrrr,15867.0
15870,3,rrrgGgrrrgggGrGr,15875.0
15875,4,rrrgGgrrrgggrrrr,15880.0
15880,5,rrryygrrryggrrrr,15883.0
15885,6,rrrrrGrrrrGGrrrr,15888.0
15890,7,rrrrryrrrryyrrrr,15891.0
15895,0,gGgrrrGggrrrrGrG,15896.0
15900,1,gGgrrrGggrrrrrrr,15901.0
15905,3,rrrgGgrrrgggGrGr,15909.0
15910,4,rrrgGgrrrgggrrrr,15914.0
15915,5,rrryygrrryggrrrr,15917.0
15920,6,rrrrrGrrrrGGrrrr,15922.0
15925,0,gGgrrrGggrrrrGrG,15930.0
15930,1,gGgrrrGggrrrrrrr,15935.0
15935,2,yyyrrryyyrrrrrrr,15938.0
15940,3,rrrgGgrrrgggGrGr,15943.0
15945,4,rrrgGgrrrgggrrrr,15948.0
15950,5,rrryygrrryggrrrr,15951.0
15955,6,rrrrrGrrrrGGrrrr,15956.0
15960,0,gGgrrrGggrrrrGrG,15964.0
15965,1,gGgrrrGggrrrrrrr,15969.0
15970,2,yyyrrryyyrrrrrrr,15972.0
15975,3,rrrgGgrrrgggGrGr,15977.0
15980,4,rrrgGgrrrgggrrrr,15982.0
15985,6,rrrrrGrrrrGGrrrr,15990.0
15990,7,rrrrryrrrryyrrrr,15993.0
15995,0,gGgrrrGggrrrrGrG,15998.0
16000,1,gGgrrrGggrrrrrrr,16003.0
16005,2,yyyrrryyyrrrrrrr,16006.0
16010,3,rrrgGgrrrgggGrGr,16011.0
16015,4,rrrgGgrrrgggrrrr,16016.0
16020,6,rrrrrGrrrrGGrrrr,16024.0
16025,7,rrrrryrrrryyrrrr,16027.0
16030,0,gGgrrrGggrrrrGrG,16032.0
16035,1,gGgrrrGggrrrrrrr,16037.0
16040,3,rrrgGgrrrgggGrGr,16045.0
16045,4,rrrgGgrrrgggrrrr,16050.0
16050,5,rrryygrrryggrrrr,16053.0
16055,6,rrrrrGrrrrGGrrrr,16058.0
16060,7,rrrrryrrrryyrrrr,16061.0
16065,0,gGgrrrGggrrrrGrG,16066.0
16070,1,gGgrrrGggrrrrrrr,16071.0
16075,3,rrrgGgrrrgggGrGr,16079.0
16080,4,rrrgGgrrrgggrrrr,16084.0
16085,5,rrryygrrryggrrrr,16087.0
16090,6,rrrrrGrrrrGGrrrr,16092.0
16095,0,gGgrrrGggrrrrGrG,16100.0
16100,1,gGgrrrGggrrrrrrr,16105.0
16105,2,yyyrrryyyrrrrrrr,16108.0
16110,3,rrrgGgrrrgggGrGr,16113.0
16115,4,rrrgGgrrrgggrrrr,16118.0
16120,5,rrryygrrryggrrrr,16121.0
16125,6,rrrrrGrrrrGGrrrr,16126.0
16130,0,gGgrrrGggrrrrGrG,16134.0
16135,1,gGgrrrGggrrrrrrr,16139.0
16140,2,yyyrrryyyrrrrrrr,16142.0
16145,3,rrrgGgrrrgggGrGr,16147.0
16150,4,rrrgGgrrrgggrrrr,16152.0
16155,6,rrrrrGrrrrGGrrrr,16160.0
16160,7,rrrrryrrrryyrrrr,16163.0
16165,0,gGgrrrGggrrrrGrG,16168.0
16170,1,gGgrrrGggrrrrrrr,16173.0
16175,2,yyyrrryyyrrrrrrr,16176.0
16180,3,rrrgGgrrrgggGrGr,16181.0
16185,4,rrrgGgrrrgggrrrr,16186.0
16190,6,rrrrrGrrrrGGrrrr,16194.0
16195,7,rrrrryrrrryyrrrr,16197.0
16200,0,gGgrrrGggrrrrGrG,16202.0
16205,1,gGgrrrGggrrrrrrr,16207.0
16210,3,rrrgGgrrrgggGrGr,16215.0
16215,4,rrrgGgrrrgggrrrr,16220.0
16220,5,rrryygrrryggrrrr,16223.0
16225,6,rrrrrGrrrrGGrrrr,16228.0
16230,7,rrrrryrrrryyrrrr,16231.0
16235,0,gGgrrrGggrrrrGrG,16236.0
16240,1,gGgrrrGggrrrrrrr,16241.0
16245,3,rrrgGgrrrgggGrGr,16249.0
16250,4,rrrgGgrrrgggrrrr,16254.0
16255,5,rrryygrrryggrrrr,16257.0
16260,6,rrrrrGrrrrGGrrrr,16262.0
16265,0,gGgrrrGggrrrrGrG,16270.0
16270,1,gGgrrrGggrrrrrrr,16275.0
16275,2,yyyrrryyyrrrrrrr,16278.0
16280,3,rrrgGgrrrgggGrGr,16283.0
16285,4,rrrgGgrrrgggrrrr,16288.0
16290,5,rrryygrrryggrrrr,16291.0
16295,6,rrrrrGrrrrGGrrrr,16296.0
16300,0,gGgrrrGggrrrrGrG,16304.0
16305,1,gGgrrrGggrrrrrrr,16309.0
16310,2,yyyrrryyyrrrrrrr,16312.0
16315,3,rrrgGgrrrgggGrGr,16317.0
16320,4,rrrgGgrrrgggrrrr,16322.0
16325,6,rrrrrGrrrrGGrrrr,16330.0
16330,7,rrrrryrrrryyrrrr,16333.0
16335,0,gGgrrrGggrrrrGrG,16338.0
16340,1,gGgrrrGggrrrrrrr,16343.0
16345,2,yyyrrryyyrrrrrrr,16346.0
16350,3,rrrgGgrrrgggGrGr,16351.0
16355,4,rrrgGgrrrgggrrrr,16356.0
16360,6,rrrrrGrrrrGGrrrr,16364.0
16365,7,rrrrryrrrryyrrrr,16367.0
16370,0,gGgrrrGggrrrrGrG,16372.0
16375,1,gGgrrrGggrrrrrrr,16377.0
16380,3,rrrgGgrrrgggGrGr,16385.0
16385,4,rrrgGgrrrgggrrrr,16390.0
16390,5,rrryygrrryggrrrr,16393.0
16395,6,rrrrrGrrrrGGrrrr,16398.0
16400,7,rrrrryrrrryyrrrr,16401.0
16405,0,gGgrrrGggrrrrGrG,16406.0
16410,1,gGgrrrGggrrrrrrr,16411.0
16415,3,rrrgGgrrrgggGrGr,16419.0
16420,4,rrrgGgrrrgggrrrr,16424.0
16425,5,rrryygrrryggrrrr,16427.0
16430,6,rrrrrGrrrrGGrrrr,16432.0
16435,0,gGgrrrGggrrrrGrG,16440.0
16440,1,gGgrrrGggrrrrrrr,16445.0
16445,2,yyyrrryyyrrrrrrr,16448.0
16450,3,rrrgGgrrrgggGrGr,16453.0
16455,4,rrrgGgrrrgggrrrr,16458.0
16460,5,rrryygrrryggrrrr,16461.0
16465,6,rrrrrGrrrrGGrrrr,16466.0
16470,0,gGgrrrGggrrrrGrG,16474.0
16475,1,gGgrrrGggrrrrrrr,16479.0
16480,2,yyyrrryyyrrrrrrr,16482.0
16485,3,rrrgGgrrrgggGrGr,16487.0
16490,4,rrrgGgrrrgggrrrr,16492.0
16495,6,rrrrrGrrrrGGrrrr,16500.0
16500,7,rrrrryrrrryyrrrr,16503.0
16505,0,gGgrrrGggrrrrGrG,16508.0
16510,1,gGgrrrGggrrrrrrr,16513.0
16515,2,yyyrrryyyrrrrrrr,16516.0
16520,3,rrrgGgrrrgggGrGr,16521.0
16525,4,rrrgGgrrrgggrrrr,16526.0
16530,6,rrrrrGrrrrGGrrrr,16534.0
16535,7,rrrrryrrrryyrrrr,16537.0
16540,0,gGgrrrGggrrrrGrG,16542.0
16545,1,gGgrrrGggrrrrrrr,16547.0
16550,3,rrrgGgrrrgggGrGr,16555.0
16555,4,rrrgGgrrrgggrrrr,16560.0
16560,5,rrryygrrryggrrrr,16563.0
16565,6,rrrrrGrrrrGGrrrr,16568.0
16570,7,rrrrryrrrryyrrrr,16571.0
16575,0,gGgrrrGggrrrrGrG,16576.0
16580,1,gGgrrrGggrrrrrrr,16581.0
16585,3,rrrgGgrrrgggGrGr,16589.0
16590,4,rrrgGgrrrgggrrrr,16594.0
16595,5,rrryygrrryggrrrr,16597.0
16600,6,rrrrrGrrrrGGrrrr,16602.0
16605,0,gGgrrrGggrrrrGrG,16610.0
16610,1,gGgrrrGggrrrrrrr,16615.0
16615,2,yyyrrryyyrrrrrrr,16618.0
16620,3,rrrgGgrrrgggGrGr,16623.0
16625,4,rrrgGgrrrgggrrrr,16628.0
16630,5,rrryygrrryggrrrr,16631.0
16635,6,rrrrrGrrrrGGrrrr,16636.0
16640,0,gGgrrrGggrrrrGrG,16644.0
16645,1,gGgrrrGggrrrrrrr,16649.0
16650,2,yyyrrryyyrrrrrrr,16652.0
16655,3,rrrgGgrrrgggGrGr,16657.0
16660,4,rrrgGgrrrgggrrrr,16662.0
16665,6,rrrrrGrrrrGGrrrr,16670.0
16670,7,rrrrryrrrryyrrrr,16673.0
16675,0,gGgrrrGggrrrrGrG,16678.0
16680,1,gGgrrrGggrrrrrrr,16683.0
16685,2,yyyrrryyyrrrrrrr,16686.0
16690,3,rrrgGgrrrgggGrGr,16691.0
16695,4,rrrgGgrrrgggrrrr,16696.0
16700,6,rrrrrGrrrrGGrrrr,16704.0
16705,7,rrrrryrrrryyrrrr,16707.0
16710,0,gGgrrrGggrrrrGrG,16712.0
16715,1,gGgrrrGggrrrrrrr,16717.0
16720,3,rrrgGgrrrgggGrGr,16725.0
16725,4,rrrgGgrrrgggrrrr,16730.0
16730,5,rrryygrrryggrrrr,16733.0
16735,6,rrrrrGrrrrGGrrrr,16738.0
16740,7,rrrrryrrrryyrrrr,16741.0
16745,0,gGgrrrGggrrrrGrG,16746.0
16750,1,gGgrrrGggrrrrrrr,16751.0
16755,3,rrrgGgrrrgggGrGr,16759.0
16760,4,rrrgGgrrrgggrrrr,16764.0
16765,5,rrryygrrryggrrrr,16767.0
16770,6,rrrrrGrrrrGGrrrr,16772.0
16775,0,gGgrrrGggrrrrGrG,16780.0
16780,1,gGgrrrGggrrrrrrr,16785.0
16785,2,yyyrrryyyrrrrrrr,16788.0
16790,3,rrrgGgrrrgggGrGr,16793.0
16795,4,rrrgGgrrrgggrrrr,16798.0
16800,5,rrryygrrryggrrrr,16801.0
16805,6,rrrrrGrrrrGGrrrr,16806.0
16810,0,gGgrrrGggrrrrGrG,16814.0
16815,1,gGgrrrGggrrrrrrr,16819.0
16820,2,yyyrrryyyrrrrrrr,16822.0
16825,3,rrrgGgrrrgggGrGr,16827.0
16830,4,rrrgGgrrrgggrrrr,16832.0
16835,6,rrrrrGrrrrGGrrrr,16840.0
16840,7,rrrrryrrrryyrrrr,16843.0
16845,0,gGgrrrGggrrrrGrG,16848.0
16850,1,gGgrrrGggrrrrrrr,16853.0
16855,2,yyyrrryyyrrrrrrr,16856.0
16860,3,rrrgGgrrrgggGrGr,16861.0
16865,4,rrrgGgrrrgggrrrr,16866.0
16870,6,rrrrrGrrrrGGrrrr,16874.0
16875,7,rrrrryrrrryyrrrr,16877.0
16880,0,gGgrrrGggrrrrGrG,16882.0
16885,1,gGgrrrGggrrrrrrr,16887.0
16890,3,rrrgGgrrrgggGrGr,16895.0
16895,4,rrrgGgrrrgggrrrr,16900.0
16900,5,rrryygrrryggrrrr,16903.0
16905,6,rrrrrGrrrrGGrrrr,16908.0
16910,7,rrrrryrrrryyrrrr,16911.0
16915,0,gGgrrrGggrrrrGrG,16916.0
16920,1,gGgrrrGggrrrrrrr,16921.0
16925,3,rrrgGgrrrgggGrGr,16929.0
16930,4,rrrgGgrrrgggrrrr,16934.0
16935,5,rrryygrrryggrrrr,16937.0
16940,6,rrrrrGrrrrGGrrrr,16942.0
16945,0,gGgrrrGggrrrrGrG,16950.0
16950,1,gGgrrrGggrrrrrrr,16955.0
16955,2,yyyrrryyyrrrrrrr,16958.0
16960,3,rrrgGgrrrgggGrGr,16963.0
16965,4,rrrgGgrrrgggrrrr,16968.0
16970,5,rrryygrrryggrrrr,16971.0
16975,6,rrrrrGrrrrGGrrrr,16976.0
16980,0,gGgrrrGggrrrrGrG,16984.0
16985,1,gGgrrrGggrrrrrrr,16989.0
16990,2,yyyrrryyyrrrrrrr,16992.0
16995,3,rrrgGgrrrgggGrGr,16997.0
17000,4,rrrgGgrrrgggrrrr,17002.0
17005,6,rrrrrGrrrrGGrrrr,17010.0
17010,7,rrrrryrrrryyrrrr,17013.0
17015,0,gGgrrrGggrrrrGrG,17018.0
17020,1,gGgrrrGggrrrrrrr,17023.0
17025,2,yyyrrryyyrrrrrrr,17026.0
17030,3,rrrgGgrrrgggGrGr,17031.0
17035,4,rrrgGgrrrgggrrrr,17036.0
17040,6,rrrrrGrrrrGGrrrr,17044.0
17045,7,rrrrryrrrryyrrrr,17047.0
17050,0,gGgrrrGggrrrrGrG,17052.0
17055,1,gGgrrrGggrrrrrrr,17057.0
17060,3,rrrgGgrrrgggGrGr,17065.0
17065,4,rrrgGgrrrgggrrrr,17070.0
17070,5,rrryygrrryggrrrr,17073.0
17075,6,rrrrrGrrrrGGrrrr,17078.0
17080,7,rrrrryrrrryyrrrr,17081.0
17085,0,gGgrrrGggrrrrGrG,17086.0
17090,1,gGgrrrGggrrrrrrr,17091.0
17095,3,rrrgGgrrrgggGrGr,17099.0
17100,4,rrrgGgrrrgggrrrr,17104.0
17105,5,rrryygrrryggrrrr,17107.0
17110,6,rrrrrGrrrrGGrrrr,17112.0
17115,0,gGgrrrGggrrrrGrG,17120.0
17120,1,gGgrrrGggrrrrrrr,17125.0
17125,2,yyyrrryyyrrrrrrr,17128.0
17130,3,rrrgGgrrrgggGrGr,17133.0
17135,4,rrrgGgrrrgggrrrr,17138.0
17140,5,rrryygrrryggrrrr,17141.0
17145,6,rrrrrGrrrrGGrrrr,17146.0
17150,0,gGgrrrGggrrrrGrG,17154.0
17155,1,gGgrrrGggrrrrrrr,17159.0
17160,2,yyyrrryyyrrrrrrr,17162.0
17165,3,rrrgGgrrrgggGrGr,17167.0
17170,4,rrrgGgrrrgggrrrr,17172.0
17175,6,rrrrrGrrrrGGrrrr,17180.0
17180,7,rrrrryrrrryyrrrr,17183.0
17185,0,gGgrrrGggrrrrGrG,17188.0
17190,1,gGgrrrGggrrrrrrr,17193.0
17195,2,yyyrrryyyrrrrrrr,17196.0
17200,3,rrrgGgrrrgggGrGr,17201.0
17205,4,rrrgGgrrrgggrrrr,17206.0
17210,6,rrrrrGrrrrGGrrrr,17214.0
17215,7,rrrrryrrrryyrrrr,17217.0
17220,0,gGgrrrGggrrrrGrG,17222.0
17225,1,gGgrrrGggrrrrrrr,17227.0
17230,3,rrrgGgrrrgggGrGr,17235.0
17235,4,rrrgGgrrrgggrrrr,17240.0
17240,5,rrryygrrryggrrrr,17243.0
17245,6,rrrrrGrrrrGGrrrr,17248.0
17250,7,rrrrryrrrryyrrrr,17251.0
17255,0,gGgrrrGggrrrrGrG,17256.0
17260,1,gGgrrrGggrrrrrrr,17261.0
17265,3,rrrgGgrrrgggGrGr,17269.0
17270,4,rrrgGgrrrgggrrrr,17274.0
17275,5,rrryygrrryggrrrr,17277.0
17280,6,rrrrrGrrrrGGrrrr,17282.0
17285,0,gGgrrrGggrrrrGrG,17290.0
17290,1,gGgrrrGggrrrrrrr,17295.0
17295,2,yyyrrryyyrrrrrrr,17298.0
17300,3,rrrgGgrrrgggGrGr,17303.0
17305,4,rrrgGgrrrgggrrrr,17308.0
17310,5,rrryygrrryggrrrr,17311.0
17315,6,rrrrrGrrrrGGrrrr,17316.0
17320,0,gGgrrrGggrrrrGrG,17324.0
17325,1,gGgrrrGggrrrrrrr,17329.0
17330,2,yyyrrryyyrrrrrrr,17332.0
17335,3,rrrgGgrrrgggGrGr,17337.0
17340,4,rrrgGgrrrgggrrrr,17342.0
17345,6,rrrrrGrrrrGGrrrr,17350.0
17350,7,rrrrryrrrryyrrrr,17353.0
17355,0,gGgrrrGggrrrrGrG,17358.0
17360,1,gGgrrrGggrrrrrrr,17363.0
17365,2,yyyrrryyyrrrrrrr,17366.0
17370,3,rrrgGgrrrgggGrGr,17371.0
17375,4,rrrgGgrrrgggrrrr,17376.0
17380,6,rrrrrGrrrrGGrrrr,17384.0
17385,7,rrrrryrrrryyrrrr,17387.0
17390,0,gGgrrrGggrrrrGrG,17392.0
17395,1,gGgrrrGggrrrrrrr,17397.0
17400,3,rrrgGgrrrgggGrGr,17405.0
17405,4,rrrgGgrrrgggrrrr,17410.0
17410,5,rrryygrrryggrrrr,17413.0
17415,6,rrrrrGrrrrGGrrrr,17418.0
17420,7,rrrrryrrrryyrrrr,17421.0
17425,0,gGgrrrGggrrrrGrG,17426.0
17430,1,gGgrrrGggrrrrrrr,17431.0
17435,3,rrrgGgrrrgggGrGr,17439.0
17440,4,rrrgGgrrrgggrrrr,17444.0
17445,5,rrryygrrryggrrrr,17447.0
17450,6,rrrrrGrrrrGGrrrr,17452.0
17455,0,gGgrrrGggrrrrGrG,17460.0
17460,1,gGgrrrGggrrrrrrr,17465.0
17465,2,yyyrrryyyrrrrrrr,17468.0
17470,3,rrrgGgrrrgggGrGr,17473.0
17475,4,rrrgGgrrrgggrrrr,17478.0
17480,5,rrryygrrryggrrrr,17481.0
17485,6,rrrrrGrrrrGGrrrr,17486.0
17490,0,gGgrrrGggrrrrGrG,17494.0
17495,1,gGgrrrGggrrrrrrr,17499.0
17500,2,yyyrrryyyrrrrrrr,17502.0
17505,3,rrrgGgrrrgggGrGr,17507.0
17510,4,rrrgGgrrrgggrrrr,17512.0
17515,6,rrrrrGrrrrGGrrrr,17520.0
17520,7,rrrrryrrrryyrrrr,17523.0
17525,0,gGgrrrGggrrrrGrG,17528.0
17530,1,gGgrrrGggrrrrrrr,17533.0
17535,2,yyyrrryyyrrrrrrr,17536.0
17540,3,rrrgGgrrrgggGrGr,17541.0
17545,4,rrrgGgrrrgggrrrr,17546.0
17550,6,rrrrrGrrrrGGrrrr,17554.0
17555,7,rrrrryrrrryyrrrr,17557.0
17560,0,gGgrrrGggrrrrGrG,17562.0
17565,1,gGgrrrGggrrrrrrr,17567.0
17570,3,rrrgGgrrrgggGrGr,17575.0
17575,4,rrrgGgrrrgggrrrr,17580.0
17580,5,rrryygrrryggrrrr,17583.0
17585,6,rrrrrGrrrrGGrrrr,17588.0
17590,7,rrrrryrrrryyrrrr,17591.0
17595,0,gGgrrrGggrrrrGrG,17596.0
17600,1,gGgrrrGggrrrrrrr,17601.0
17605,3,rrrgGgrrrgggGrGr,17609.0
17610,4,rrrgGgrrrgggrrrr,17614.0
17615,5,rrryygrrryggrrrr,17617.0
17620,6,rrrrrGrrrrGGrrrr,17622.0
17625,0,gGgrrrGggrrrrGrG,17630.0
17630,1,gGgrrrGggrrrrrrr,17635.0
17635,2,yyyrrryyyrrrrrrr,17638.0
17640,3,rrrgGgrrrgggGrGr,17643.0
17645,4,rrrgGgrrrgggrrrr,17648.0
17650,5,rrryygrrryggrrrr,17651.0
17655,6,rrrrrGrrrrGGrrrr,17656.0
17660,0,gGgrrrGggrrrrGrG,17664.0
17665,1,gGgrrrGggrrrrrrr,17669.0
17670,2,yyyrrryyyrrrrrrr,17672.0
17675,3,rrrgGgrrrgggGrGr,17677.0
17680,4,rrrgGgrrrgggrrrr,17682.0
17685,6,rrrrrGrrrrGGrrrr,17690.0
17690,7,rrrrryrrrryyrrrr,17693.0
17695,0,gGgrrrGggrrrrGrG,17698.0
17700,1,gGgrrrGggrrrrrrr,17703.0
17705,2,yyyrrryyyrrrrrrr,17706.0
17710,3,rrrgGgrrrgggGrGr,17711.0
17715,4,rrrgGgrrrgggrrrr,17716.0
17720,6,rrrrrGrrrrGGrrrr,17724.0
17725,7,rrrrryrrrryyrrrr,17727.0
17730,0,gGgrrrGggrrrrGrG,17732.0
17735,1,gGgrrrGggrrrrrrr,17737.0
17740,3,rrrgGgrrrgggGrGr,17745.0
17745,4,rrrgGgrrrgggrrrr,17750.0
17750,5,rrryygrrryggrrrr,17753.0
17755,6,rrrrrGrrrrGGrrrr,17758.0
17760,7,rrrrryrrrryyrrrr,17761.0
17765,0,gGgrrrGggrrrrGrG,17766.0
17770,1,gGgrrrGggrrrrrrr,17771.0
17775,3,rrrgGgrrrgggGrGr,17779.0
17780,4,rrrgGgrrrgggrrrr,17784.0
17785,5,rrryygrrryggrrrr,17787.0
17790,6,rrrrrGrrrrGGrrrr,17792.0
17795,0,gGgrrrGggrrrrGrG,17800.0
17800,1,gGgrrrGggrrrrrrr,17805.0
17805,2,yyyrrryyyrrrrrrr,17808.0
17810,3,rrrgGgrrrgggGrGr,17813.0
17815,4,rrrgGgrrrgggrrrr,17818.0
17820,5,rrryygrrryggrrrr,17821.0
17825,6,rrrrrGrrrrGGrrrr,17826.0
17830,0,gGgrrrGggrrrrGrG,17834.0
17835,1,gGgrrrGggrrrrrrr,17839.0
17840,2,yyyrrryyyrrrrrrr,17842.0
17845,3,rrrgGgrrrgggGrGr,17847.0
17850,4,rrrgGgrrrgggrrrr,17852.0
17855,6,rrrrrGrrrrGGrrrr,17860.0
17860,7,rrrrryrrrryyrrrr,17863.0
17865,0,gGgrrrGggrrrrGrG,17868.0
17870,1,gGgrrrGggrrrrrrr,17873.0
17875,2,yyyrrryyyrrrrrrr,17876.0
17880,3,rrrgGgrrrgggGrGr,17881.0
17885,4,rrrgGgrrrgggrrrr,17886.0
17890,6,rrrrrGrrrrGGrrrr,17894.0
17895,7,rrrrryrrrryyrrrr,17897.0
17900,0,gGgrrrGggrrrrGrG,17902.0
17905,1,gGgrrrGggrrrrrrr,17907.0
17910,3,rrrgGgrrrgggGrGr,17915.0
17915,4,rrrgGgrrrgggrrrr,17920.0
17920,5,rrryygrrryggrrrr,17923.0
17925,6,rrrrrGrrrrGGrrrr,17928.0
17930,7,rrrrryrrrryyrrrr,17931.0
17935,0,gGgrrrGggrrrrGrG,17936.0
17940,1,gGgrrrGggrrrrrrr,17941.0
17945,3,rrrgGgrrrgggGrGr,17949.0
17950,4,rrrgGgrrrgggrrrr,17954.0
17955,5,rrryygrrryggrrrr,17957.0
17960,6,rrrrrGrrrrGGrrrr,17962.0
17965,0,gGgrrrGggrrrrGrG,17970.0
17970,1,gGgrrrGggrrrrrrr,17975.0
17975,2,yyyrrryyyrrrrrrr,17978.0
17980,3,rrrgGgrrrgggGrGr,17983.0
17985,4,rrrgGgrrrgggrrrr,17988.0
17990,5,rrryygrrryggrrrr,17991.0
17995,6,rrrrrGrrrrGGrrrr,17996.0
18000,0,gGgrrrGggrrrrGrG,18004.0
18005,1,gGgrrrGggrrrrrrr,18009.0
18010,2,yyyrrryyyrrrrrrr,18012.0
18015,3,rrrgGgrrrgggGrGr,18017.0
18020,4,rrrgGgrrrgggrrrr,18022.0
18025,6,rrrrrGrrrrGGrrrr,18030.0
18030,7,rrrrryrrrryyrrrr,18033.0
18035,0,gGgrrrGggrrrrGrG,18038.0
18040,1,gGgrrrGggrrrrrrr,18043.0
18045,2,yyyrrryyyrrrrrrr,18046.0
18050,3,rrrgGgrrrgggGrGr,18051.0
18055,4,rrrgGgrrrgggrrrr,18056.0
18060,6,rrrrrGrrrrGGrrrr,18064.0
18065,7,rrrrryrrrryyrrrr,18067.0
18070,0,gGgrrrGggrrrrGrG,18072.0
18075,1,gGgrrrGggrrrrrrr,18077.0
18080,3,rrrgGgrrrgggGrGr,18085.0
18085,4,rrrgGgrrrgggrrrr,18090.0
18090,5,rrryygrrryggrrrr,18093.0
18095,6,rrrrrGrrrrGGrrrr,18098.0
18100,7,rrrrryrrrryyrrrr,18101.0
18105,0,gGgrrrGggrrrrGrG,18106.0
18110,1,gGgrrrGggrrrrrrr,18111.0
18115,3,rrrgGgrrrgggGrGr,18119.0
18120,4,rrrgGgrrrgggrrrr,18124.0
18125,5,rrryygrrryggrrrr,18127.0
18130,6,rrrrrGrrrrGGrrrr,18132.0
18135,0,gGgrrrGggrrrrGrG,18140.0
18140,1,gGgrrrGggrrrrrrr,18145.0
18145,2,yyyrrryyyrrrrrrr,18148.0
18150,3,rrrgGgrrrgggGrGr,18153.0
18155,4,rrrgGgrrrgggrrrr,18158.0
18160,5,rrryygrrryggrrrr,18161.0
18165,6,rrrrrGrrrrGGrrrr,18166.0
18170,0,gGgrrrGggrrrrGrG,18174.0
18175,1,gGgrrrGggrrrrrrr,18179.0
18180,2,yyyrrryyyrrrrrrr,18182.0
18185,3,rrrgGgrrrgggGrGr,18187.0
18190,4,rrrgGgrrrgggrrrr,18192.0
18195,6,rrrrrGrrrrGGrrrr,18200.0
18200,7,rrrrryrrrryyrrrr,18203.0
18205,0,gGgrrrGggrrrrGrG,18208.0
18210,1,gGgrrrGggrrrrrrr,18213.0
18215,2,yyyrrryyyrrrrrrr,18216.0
18220,3,rrrgGgrrrgggGrGr,18221.0
18225,4,rrrgGgrrrgggrrrr,18226.0
18230,6,rrrrrGrrrrGGrrrr,18234.0
18235,7,rrrrryrrrryyrrrr,18237.0
18240,0,gGgrrrGggrrrrGrG,18242.0
18245,1,gGgrrrGggrrrrrrr,18247.0
18250,3,rrrgGgrrrgggGrGr,18255.0
18255,4,rrrgGgrrrgggrrrr,18260.0
18260,5,rrryygrrryggrrrr,18263.0
18265,6,rrrrrGrrrrGGrrrr,18268.0
18270,7,rrrrryrrrryyrrrr,18271.0
18275,0,gGgrrrGggrrrrGrG,18276.0
18280,1,gGgrrrGggrrrrrrr,18281.0
18285,3,rrrgGgrrrgggGrGr,18289.0
18290,4,rrrgGgrrrgggrrrr,18294.0
18295,5,rrryygrrryggrrrr,18297.0
18300,6,rrrrrGrrrrGGrrrr,18302.0
18305,0,gGgrrrGggrrrrGrG,18310.0
18310,1,gGgrrrGggrrrrrrr,18315.0
18315,2,yyyrrryyyrrrrrrr,18318.0
18320,3,rrrgGgrrrgggGrGr,18323.0
18325,4,rrrgGgrrrgggrrrr,18328.0
18330,5,rrryygrrryggrrrr,18331.0
18335,6,rrrrrGrrrrGGrrrr,18336.0
18340,0,gGgrrrGggrrrrGrG,18344.0
18345,1,gGgrrrGggrrrrrrr,18349.0
18350,2,yyyrrryyyrrrrrrr,18352.0
18355,3,rrrgGgrrrgggGrGr,18357.0
18360,4,rrrgGgrrrgggrrrr,18362.0
18365,6,rrrrrGrrrrGGrrrr,18370.0
18370,7,rrrrryrrrryyrrrr,18373.0
18375,0,gGgrrrGggrrrrGrG,18378.0
18380,1,gGgrrrGggrrrrrrr,18383.0
18385,2,yyyrrryyyrrrrrrr,18386.0
18390,3,rrrgGgrrrgggGrGr,18391.0
18395,4,rrrgGgrrrgggrrrr,18396.0
18400,6,rrrrrGrrrrGGrrrr,18404.0
18405,7,rrrrryrrrryyrrrr,18407.0
18410,0,gGgrrrGggrrrrGrG,18412.0
18415,1,gGgrrrGggrrrrrrr,18417.0
18420,3,rrrgGgrrrgggGrGr,18425.0
18425,4,rrrgGgrrrgggrrrr,18430.0
18430,5,rrryygrrryggrrrr,18433.0
18435,6,rrrrrGrrrrGGrrrr,18438.0
18440,7,rrrrryrrrryyrrrr,18441.0
18445,0,gGgrrrGggrrrrGrG,18446.0
18450,1,gGgrrrGggrrrrrrr,18451.0
18455,3,rrrgGgrrrgggGrGr,18459.0
18460,4,rrrgGgrrrgggrrrr,18464.0
18465,5,rrryygrrryggrrrr,18467.0
18470,6,rrrrrGrrrrGGrrrr,18472.0
18475,0,gGgrrrGggrrrrGrG,18480.0
18480,1,gGgrrrGggrrrrrrr,18485.0
18485,2,yyyrrryyyrrrrrrr,18488.0
18490,3,rrrgGgrrrgggGrGr,18493.0
18495,4,rrrgGgrrrgggrrrr,18498.0
18500,5,rrryygrrryggrrrr,18501.0
18505,6,rrrrrGrrrrGGrrrr,18506.0
18510,0,gGgrrrGggrrrrGrG,18514.0
18515,1,gGgrrrGggrrrrrrr,18519.0
18520,2,yyyrrryyyrrrrrrr,18522.0
18525,3,rrrgGgrrrgggGrGr,18527.0
18530,4,rrrgGgrrrgggrrrr,18532.0
18535,6,rrrrrGrrrrGGrrrr,18540.0
18540,7,rrrrryrrrryyrrrr,18543.0
18545,0,gGgrrrGggrrrrGrG,18548.0
18550,1,gGgrrrGggrrrrrrr,18553.0
18555,2,yyyrrryyyrrrrrrr,18556.0
18560,3,rrrgGgrrrgggGrGr,18561.0
18565,4,rrrgGgrrrgggrrrr,18566.0
18570,6,rrrrrGrrrrGGrrrr,18574.0
18575,7,rrrrryrrrryyrrrr,18577.0
18580,0,gGgrrrGggrrrrGrG,18582.0
18585,1,gGgrrrGggrrrrrrr,18587.0
18590,3,rrrgGgrrrgggGrGr,18595.0
18595,4,rrrgGgrrrgggrrrr,18600.0
18600,5,rrryygrrryggrrrr,18603.0
18605,6,rrrrrGrrrrGGrrrr,18608.0
18610,7,rrrrryrrrryyrrrr,18611.0
18615,0,gGgrrrGggrrrrGrG,18616.0
18620,1,gGgrrrGggrrrrrrr,18621.0
18625,3,rrrgGgrrrgggGrGr,18629.0
18630,4,rrrgGgrrrgggrrrr,18634.0
18635,5,rrryygrrryggrrrr,18637.0
18640,6,rrrrrGrrrrGGrrrr,18642.0
18645,0,gGgrrrGggrrrrGrG,18650.0
18650,1,gGgrrrGggrrrrrrr,18655.0
18655,2,yyyrrryyyrrrrrrr,18658.0
18660,3,rrrgGgrrrgggGrGr,18663.0
18665,4,rrrgGgrrrgggrrrr,18668.0
18670,5,rrryygrrryggrrrr,18671.0
18675,6,rrrrrGrrrrGGrrrr,18676.0
18680,0,gGgrrrGggrrrrGrG,18684.0
18685,1,gGgrrrGggrrrrrrr,18689.0
18690,2,yyyrrryyyrrrrrrr,18692.0
18695,3,rrrgGgrrrgggGrGr,18697.0
18700,4,rrrgGgrrrgggrrrr,18702.0
18705,6,rrrrrGrrrrGGrrrr,18710.0
18710,7,rrrrryrrrryyrrrr,18713.0
18715,0,gGgrrrGggrrrrGrG,18718.0
18720,1,gGgrrrGggrrrrrrr,18723.0
18725,2,yyyrrryyyrrrrrrr,18726.0
18730,3,rrrgGgrrrgggGrGr,18731.0
18735,4,rrrgGgrrrgggrrrr,18736.0
18740,6,rrrrrGrrrrGGrrrr,18744.0
18745,7,rrrrryrrrryyrrrr,18747.0
18750,0,gGgrrrGggrrrrGrG,18752.0
18755,1,gGgrrrGggrrrrrrr,18757.0
18760,3,rrrgGgrrrgggGrGr,18765.0
18765,4,rrrgGgrrrgggrrrr,18770.0
18770,5,rrryygrrryggrrrr,18773.0
18775,6,rrrrrGrrrrGGrrrr,18778.0
18780,7,rrrrryrrrryyrrrr,18781.0
18785,0,gGgrrrGggrrrrGrG,18786.0
18790,1,gGgrrrGggrrrrrrr,18791.0
18795,3,rrrgGgrrrgggGrGr,18799.0
18800,4,rrrgGgrrrgggrrrr,18804.0
18805,5,rrryygrrryggrrrr,18807.0
18810,6,rrrrrGrrrrGGrrrr,18812.0
18815,0,gGgrrrGggrrrrGrG,18820.0
18820,1,gGgrrrGggrrrrrrr,18825.0
18825,2,yyyrrryyyrrrrrrr,18828.0
18830,3,rrrgGgrrrgggGrGr,18833.0
18835,4,rrrgGgrrrgggrrrr,18838.0
18840,5,rrryygrrryggrrrr,18841.0
18845,6,rrrrrGrrrrGGrrrr,18846.0
18850,0,gGgrrrGggrrrrGrG,18854.0
18855,1,gGgrrrGggrrrrrrr,18859.0
18860,2,yyyrrryyyrrrrrrr,18862.0
18865,3,rrrgGgrrrgggGrGr,18867.0
18870,4,rrrgGgrrrgggrrrr,18872.0
18875,6,rrrrrGrrrrGGrrrr,18880.0
18880,7,rrrrryrrrryyrrrr,18883.0
18885,0,gGgrrrGggrrrrGrG,18888.0
18890,1,gGgrrrGggrrrrrrr,18893.0
18895,2,yyyrrryyyrrrrrrr,18896.0
18900,3,rrrgGgrrrgggGrGr,18901.0
18905,4,rrrgGgrrrgggrrrr,18906.0
18910,6,rrrrrGrrrrGGrrrr,18914.0
18915,7,rrrrryrrrryyrrrr,18917.0
18920,0,gGgrrrGggrrrrGrG,18922.0
18925,1,gGgrrrGggrrrrrrr,18927.0
18930,3,rrrgGgrrrgggGrGr,18935.0
18935,4,rrrgGgrrrgggrrrr,18940.0
18940,5,rrryygrrryggrrrr,18943.0
18945,6,rrrrrGrrrrGGrrrr,18948.0
18950,7,rrrrryrrrryyrrrr,18951.0
18955,0,gGgrrrGggrrrrGrG,18956.0
18960,1,gGgrrrGggrrrrrrr,18961.0
18965,3,rrrgGgrrrgggGrGr,18969.0
18970,4,rrrgGgrrrgggrrrr,18974.0
18975,5,rrryygrrryggrrrr,18977.0
18980,6,rrrrrGrrrrGGrrrr,18982.0
18985,0,gGgrrrGggrrrrGrG,18990.0
18990,1,gGgrrrGggrrrrrrr,18995.0
18995,2,yyyrrryyyrrrrrrr,18998.0
19000,3,rrrgGgrrrgggGrGr,19003.0
19005,4,rrrgGgrrrgggrrrr,19008.0
19010,5,rrryygrrryggrrrr,19011.0
19015,6,rrrrrGrrrrGGrrrr,19016.0
19020,0,gGgrrrGggrrrrGrG,19024.0
19025,1,gGgrrrGggrrrrrrr,19029.0
19030,2,yyyrrryyyrrrrrrr,19032.0
19035,3,rrrgGgrrrgggGrGr,19037.0
19040,4,rrrgGgrrrgggrrrr,19042.0
19045,6,rrrrrGrrrrGGrrrr,19050.0
19050,7,rrrrryrrrryyrrrr,19053.0
19055,0,gGgrrrGggrrrrGrG,19058.0
19060,1,gGgrrrGggrrrrrrr,19063.0
19065,2,yyyrrryyyrrrrrrr,19066.0
19070,3,rrrgGgrrrgggGrGr,19071.0
19075,4,rrrgGgrrrgggrrrr,19076.0
19080,6,rrrrrGrrrrGGrrrr,19084.0
19085,7,rrrrryrrrryyrrrr,19087.0
19090,0,gGgrrrGggrrrrGrG,19092.0
19095,1,gGgrrrGggrrrrrrr,19097.0
19100,3,rrrgGgrrrgggGrGr,19105.0
19105,4,rrrgGgrrrgggrrrr,19110.0
19110,5,rrryygrrryggrrrr,19113.0
19115,6,rrrrrGrrrrGGrrrr,19118.0
19120,7,rrrrryrrrryyrrrr,19121.0
19125,0,gGgrrrGggrrrrGrG,19126.0
19130,1,gGgrrrGggrrrrrrr,19131.0
19135,3,rrrgGgrrrgggGrGr,19139.0
19140,4,rrrgGgrrrgggrrrr,19144.0
19145,5,rrryygrrryggrrrr,19147.0
19150,6,rrrrrGrrrrGGrrrr,19152.0
19155,0,gGgrrrGggrrrrGrG,19160.0
19160,1,gGgrrrGggrrrrrrr,19165.0
19165,2,yyyrrryyyrrrrrrr,19168.0
19170,3,rrrgGgrrrgggGrGr,19173.0
19175,4,rrrgGgrrrgggrrrr,19178.0
19180,5,rrryygrrryggrrrr,19181.0
19185,6,rrrrrGrrrrGGrrrr,19186.0
19190,0,gGgrrrGggrrrrGrG,19194.0
19195,1,gGgrrrGggrrrrrrr,19199.0
19200,2,yyyrrryyyrrrrrrr,19202.0
19205,3,rrrgGgrrrgggGrGr,19207.0
19210,4,rrrgGgrrrgggrrrr,19212.0
19215,6,rrrrrGrrrrGGrrrr,19220.0
19220,7,rrrrryrrrryyrrrr,19223.0
19225,0,gGgrrrGggrrrrGrG,19228.0
19230,1,gGgrrrGggrrrrrrr,19233.0
19235,2,yyyrrryyyrrrrrrr,19236.0
19240,3,rrrgGgrrrgggGrGr,19241.0
19245,4,rrrgGgrrrgggrrrr,19246.0
19250,6,rrrrrGrrrrGGrrrr,19254.0
19255,7,rrrrryrrrryyrrrr,19257.0
19260,0,gGgrrrGggrrrrGrG,19262.0
19265,1,gGgrrrGggrrrrrrr,19267.0
19270,3,rrrgGgrrrgggGrGr,19275.0
19275,4,rrrgGgrrrgggrrrr,19280.0
19280,5,rrryygrrryggrrrr,19283.0
19285,6,rrrrrGrrrrGGrrrr,19288.0
19290,7,rrrrryrrrryyrrrr,19291.0
19295,0,gGgrrrGggrrrrGrG,19296.0
19300,1,gGgrrrGggrrrrrrr,19301.0
19305,3,rrrgGgrrrgggGrGr,19309.0
19310,4,rrrgGgrrrgggrrrr,19314.0
19315,5,rrryygrrryggrrrr,19317.0
19320,6,rrrrrGrrrrGGrrrr,19322.0
19325,0,gGgrrrGggrrrrGrG,19330.0
19330,1,gGgrrrGggrrrrrrr,19335.0
19335,2,yyyrrryyyrrrrrrr,19338.0
19340,3,rrrgGgrrrgggGrGr,19343.0
19345,4,rrrgGgrrrgggrrrr,19348.0
19350,5,rrryygrrryggrrrr,19351.0
19355,6,rrrrrGrrrrGGrrrr,19356.0
19360,0,gGgrrrGggrrrrGrG,19364.0
19365,1,gGgrrrGggrrrrrrr,19369.0
19370,2,yyyrrryyyrrrrrrr,19372.0
19375,3,rrrgGgrrrgggGrGr,19377.0
19380,4,rrrgGgrrrgggrrrr,19382.0
19385,6,rrrrrGrrrrGGrrrr,19390.0
19390,7,rrrrryrrrryyrrrr,19393.0
19395,0,gGgrrrGggrrrrGrG,19398.0
19400,1,gGgrrrGggrrrrrrr,19403.0
19405,2,yyyrrryyyrrrrrrr,19406.0
19410,3,rrrgGgrrrgggGrGr,19411.0
19415,4,rrrgGgrrrgggrrrr,19416.0
19420,6,rrrrrGrrrrGGrrrr,19424.0
19425,7,rrrrryrrrryyrrrr,19427.0
19430,0,gGgrrrGggrrrrGrG,19432.0
19435,1,gGgrrrGggrrrrrrr,19437.0
19440,3,rrrgGgrrrgggGrGr,19445.0
19445,4,rrrgGgrrrgggrrrr,19450.0
19450,5,rrryygrrryggrrrr,19453.0
19455,6,rrrrrGrrrrGGrrrr,19458.0
19460,7,rrrrryrrrryyrrrr,19461.0
19465,0,gGgrrrGggrrrrGrG,19466.0
19470,1,gGgrrrGggrrrrrrr,19471.0
19475,3,rrrgGgrrrgggGrGr,19479.0
19480,4,rrrgGgrrrgggrrrr,19484.0
19485,5,rrryygrrryggrrrr,19487.0
19490,6,rrrrrGrrrrGGrrrr,19492.0
19495,0,gGgrrrGggrrrrGrG,19500.0
19500,1,gGgrrrGggrrrrrrr,19505.0
19505,2,yyyrrryyyrrrrrrr,19508.0
19510,3,rrrgGgrrrgggGrGr,19513.0
19515,4,rrrgGgrrrgggrrrr,19518.0
19520,5,rrryygrrryggrrrr,19521.0
19525,6,rrrrrGrrrrGGrrrr,19526.0
19530,0,gGgrrrGggrrrrGrG,19534.0
19535,1,gGgrrrGggrrrrrrr,19539.0
19540,2,yyyrrryyyrrrrrrr,19542.0
19545,3,rrrgGgrrrgggGrGr,19547.0
19550,4,rrrgGgrrrgggrrrr,19552.0
19555,6,rrrrrGrrrrGGrrrr,19560.0
19560,7,rrrrryrrrryyrrrr,19563.0
19565,0,gGgrrrGggrrrrGrG,19568.0
19570,1,gGgrrrGggrrrrrrr,19573.0
19575,2,yyyrrryyyrrrrrrr,19576.0
19580,3,rrrgGgrrrgggGrGr,19581.0
19585,4,rrrgGgrrrgggrrrr,19586.0
19590,6,rrrrrGrrrrGGrrrr,19594.0
19595,7,rrrrryrrrryyrrrr,19597.0
19600,0,gGgrrrGggrrrrGrG,19602.0
19605,1,gGgrrrGggrrrrrrr,19607.0
19610,3,rrrgGgrrrgggGrGr,19615.0
19615,4,rrrgGgrrrgggrrrr,19620.0
19620,5,rrryygrrryggrrrr,19623.0
19625,6,rrrrrGrrrrGGrrrr,19628.0
19630,7,rrrrryrrrryyrrrr,19631.0
19635,0,gGgrrrGggrrrrGrG,19636.0
19640,1,gGgrrrGggrrrrrrr,19641.0
19645,3,rrrgGgrrrgggGrGr,19649.0
19650,4,rrrgGgrrrgggrrrr,19654.0
19655,5,rrryygrrryggrrrr,19657.0
19660,6,rrrrrGrrrrGGrrrr,19662.0
19665,0,gGgrrrGggrrrrGrG,19670.0
19670,1,gGgrrrGggrrrrrrr,19675.0
19675,2,yyyrrryyyrrrrrrr,19678.0
19680,3,rrrgGgrrrgggGrGr,19683.0
19685,4,rrrgGgrrrgggrrrr,19688.0
19690,5,rrryygrrryggrrrr,19691.0
19695,6,rrrrrGrrrrGGrrrr,19696.0
19700,0,gGgrrrGggrrrrGrG,19704.0
19705,1,gGgrrrGggrrrrrrr,19709.0
19710,2,yyyrrryyyrrrrrrr,19712.0
19715,3,rrrgGgrrrgggGrGr,19717.0
19720,4,rrrgGgrrrgggrrrr,19722.0
19725,6,rrrrrGrrrrGGrrrr,19730.0
19730,7,rrrrryrrrryyrrrr,19733.0
19735,0,gGgrrrGggrrrrGrG,19738.0
19740,1,gGgrrrGggrrrrrrr,19743.0
19745,2,yyyrrryyyrrrrrrr,19746.0
19750,3,rrrgGgrrrgggGrGr,19751.0
19755,4,rrrgGgrrrgggrrrr,19756.0
19760,6,rrrrrGrrrrGGrrrr,19764.0
19765,7,rrrrryrrrryyrrrr,19767.0
19770,0,gGgrrrGggrrrrGrG,19772.0
19775,1,gGgrrrGggrrrrrrr,19777.0
19780,3,rrrgGgrrrgggGrGr,19785.0
19785,4,rrrgGgrrrgggrrrr,19790.0
19790,5,rrryygrrryggrrrr,19793.0
19795,6,rrrrrGrrrrGGrrrr,19798.0
19800,7,rrrrryrrrryyrrrr,19801.0
19805,0,gGgrrrGggrrrrGrG,19806.0
19810,1,gGgrrrGggrrrrrrr,19811.0
19815,3,rrrgGgrrrgggGrGr,19819.0
19820,4,rrrgGgrrrgggrrrr,19824.0
19825,5,rrryygrrryggrrrr,19827.0
19830,6,rrrrrGrrrrGGrrrr,19832.0
19835,0,gGgrrrGggrrrrGrG,19840.0
19840,1,gGgrrrGggrrrrrrr,19845.0
19845,2,yyyrrryyyrrrrrrr,19848.0
19850,3,rrrgGgrrrgggGrGr,19853.0
19855,4,rrrgGgrrrgggrrrr,19858.0
19860,5,rrryygrrryggrrrr,19861.0
19865,6,rrrrrGrrrrGGrrrr,19866.0
19870,0,gGgrrrGggrrrrGrG,19874.0
19875,1,gGgrrrGggrrrrrrr,19879.0
19880,2,yyyrrryyyrrrrrrr,19882.0
19885,3,rrrgGgrrrgggGrGr,19887.0
19890,4,rrrgGgrrrgggrrrr,19892.0
19895,6,rrrrrGrrrrGGrrrr,19900.0
19900,7,rrrrryrrrryyrrrr,19903.0
19905,0,gGgrrrGggrrrrGrG,19908.0
19910,1,gGgrrrGggrrrrrrr,19913.0
19915,2,yyyrrryyyrrrrrrr,19916.0
19920,3,rrrgGgrrrgggGrGr,19921.0
19925,4,rrrgGgrrrgggrrrr,19926.0
19930,6,rrrrrGrrrrGGrrrr,19934.0
19935,7,rrrrryrrrryyrrrr,19937.0
19940,0,gGgrrrGggrrrrGrG,19942.0
19945,1,gGgrrrGggrrrrrrr,19947.0
19950,3,rrrgGgrrrgggGrGr,19955.0
19955,4,rrrgGgrrrgggrrrr,19960.0
19960,5,rrryygrrryggrrrr,19963.0
19965,6,rrrrrGrrrrGGrrrr,19968.0
19970,7,rrrrryrrrryyrrrr,19971.0
19975,0,gGgrrrGggrrrrGrG,19976.0
19980,1,gGgrrrGggrrrrrrr,19981.0
19985,3,rrrgGgrrrgggGrGr,19989.0
19990,4,rrrgGgrrrgggrrrr,19994.0
19995,5,rrryygrrryggrrrr,19997.0
20000,6,rrrrrGrrrrGGrrrr,20002.0
20005,0,gGgrrrGggrrrrGrG,20010.0
20010,1,gGgrrrGggrrrrrrr,20015.0
20015,2,yyyrrryyyrrrrrrr,20018.0
20020,3,rrrgGgrrrgggGrGr,20023.0
20025,4,rrrgGgrrrgggrrrr,20028.0
20030,5,rrryygrrryggrrrr,20031.0
20035,6,rrrrrGrrrrGGrrrr,20036.0
20040,0,gGgrrrGggrrrrGrG,20044.0
20045,1,gGgrrrGggrrrrrrr,20049.0
20050,2,yyyrrryyyrrrrrrr,20052.0
20055,3,rrrgGgrrrgggGrGr,20057.0
20060,4,rrrgGgrrrgggrrrr,20062.0
20065,6,rrrrrGrrrrGGrrrr,20070.0
20070,7,rrrrryrrrryyrrrr,20073.0
20075,0,gGgrrrGggrrrrGrG,20078.0
20080,1,gGgrrrGggrrrrrrr,20083.0
20085,2,yyyrrryyyrrrrrrr,20086.0
20090,3,rrrgGgrrrgggGrGr,20091.0
20095,4,rrrgGgrrrgggrrrr,20096.0
20100,6,rrrrrGrrrrGGrrrr,20104.0
20105,7,rrrrryrrrryyrrrr,20107.0
20110,0,gGgrrrGggrrrrGrG,20112.0
20115,1,gGgrrrGggrrrrrrr,20117.0
20120,3,rrrgGgrrrgggGrGr,20125.0
20125,4,rrrgGgrrrgggrrrr,20130.0
20130,5,rrryygrrryggrrrr,20133.0
20135,6,rrrrrGrrrrGGrrrr,20138.0
20140,7,rrrrryrrrryyrrrr,20141.0
20145,0,gGgrrrGggrrrrGrG,20146.0
20150,1,gGgrrrGggrrrrrrr,20151.0
20155,3,rrrgGgrrrgggGrGr,20159.0
20160,4,rrrgGgrrrgggrrrr,20164.0
20165,5,rrryygrrryggrrrr,20167.0
20170,6,rrrrrGrrrrGGrrrr,20172.0
20175,0,gGgrrrGggrrrrGrG,20180.0
20180,1,gGgrrrGggrrrrrrr,20185.0
20185,2,yyyrrryyyrrrrrrr,20188.0
20190,3,rrrgGgrrrgggGrGr,20193.0
20195,4,rrrgGgrrrgggrrrr,20198.0
20200,5,rrryygrrryggrrrr,20201.0
20205,6,rrrrrGrrrrGGrrrr,20206.0
20210,0,gGgrrrGggrrrrGrG,20214.0
20215,1,gGgrrrGggrrrrrrr,20219.0
20220,2,yyyrrryyyrrrrrrr,20222.0
20225,3,rrrgGgrrrgggGrGr,20227.0
20230,4,rrrgGgrrrgggrrrr,20232.0
20235,6,rrrrrGrrrrGGrrrr,20240.0
20240,7,rrrrryrrrryyrrrr,20243.0
20245,0,gGgrrrGggrrrrGrG,20248.0
20250,1,gGgrrrGggrrrrrrr,20253.0
20255,2,yyyrrryyyrrrrrrr,20256.0
20260,3,rrrgGgrrrgggGrGr,20261.0
20265,4,rrrgGgrrrgggrrrr,20266.0
20270,6,rrrrrGrrrrGGrrrr,20274.0
20275,7,rrrrryrrrryyrrrr,20277.0
20280,0,gGgrrrGggrrrrGrG,20282.0
20285,1,gGgrrrGggrrrrrrr,20287.0
20290,3,rrrgGgrrrgggGrGr,20295.0
20295,4,rrrgGgrrrgggrrrr,20300.0
20300,5,rrryygrrryggrrrr,20303.0
20305,6,rrrrrGrrrrGGrrrr,20308.0
20310,7,rrrrryrrrryyrrrr,20311.0
20315,0,gGgrrrGggrrrrGrG,20316.0
20320,1,gGgrrrGggrrrrrrr,20321.0
20325,3,rrrgGgrrrgggGrGr,20329.0
20330,4,rrrgGgrrrgggrrrr,20334.0
20335,5,rrryygrrryggrrrr,20337.0
20340,6,rrrrrGrrrrGGrrrr,20342.0
20345,0,gGgrrrGggrrrrGrG,20350.0
20350,1,gGgrrrGggrrrrrrr,20355.0
20355,2,yyyrrryyyrrrrrrr,20358.0
20360,3,rrrgGgrrrgggGrGr,20363.0
20365,4,rrrgGgrrrgggrrrr,20368.0
20370,5,rrryygrrryggrrrr,20371.0
20375,6,rrrrrGrrrrGGrrrr,20376.0
20380,0,gGgrrrGggrrrrGrG,20384.0
20385,1,gGgrrrGggrrrrrrr,20389.0
20390,2,yyyrrryyyrrrrrrr,20392.0
20395,3,rrrgGgrrrgggGrGr,20397.0
20400,4,rrrgGgrrrgggrrrr,20402.0
20405,6,rrrrrGrrrrGGrrrr,20410.0
20410,7,rrrrryrrrryyrrrr,20413.0
20415,0,gGgrrrGggrrrrGrG,20418.0
20420,1,gGgrrrGggrrrrrrr,20423.0
20425,2,yyyrrryyyrrrrrrr,20426.0
20430,3,rrrgGgrrrgggGrGr,20431.0
20435,4,rrrgGgrrrgggrrrr,20436.0
20440,6,rrrrrGrrrrGGrrrr,20444.0
20445,7,rrrrryrrrryyrrrr,20447.0
20450,0,gGgrrrGggrrrrGrG,20452.0
20455,1,gGgrrrGggrrrrrrr,20457.0
20460,3,rrrgGgrrrgggGrGr,20465.0
20465,4,rrrgGgrrrgggrrrr,20470.0
20470,5,rrryygrrryggrrrr,20473.0
20475,6,rrrrrGrrrrGGrrrr,20478.0
20480,7,rrrrryrrrryyrrrr,20481.0
20485,0,gGgrrrGggrrrrGrG,20486.0
20490,1,gGgrrrGggrrrrrrr,20491.0
20495,3,rrrgGgrrrgggGrGr,20499.0
20500,4,rrrgGgrrrgggrrrr,20504.0
20505,5,rrryygrrryggrrrr,20507.0
20510,6,rrrrrGrrrrGGrrrr,20512.0
20515,0,gGgrrrGggrrrrGrG,20520.0
20520,1,gGgrrrGggrrrrrrr,20525.0
20525,2,yyyrrryyyrrrrrrr,20528.0
20530,3,rrrgGgrrrgggGrGr,20533.0
20535,4,rrrgGgrrrgggrrrr,20538.0
20540,5,rrryygrrryggrrrr,20541.0
20545,6,rrrrrGrrrrGGrrrr,20546.0
20550,0,gGgrrrGggrrrrGrG,20554.0
20555,1,gGgrrrGggrrrrrrr,20559.0
20560,2,yyyrrryyyrrrrrrr,20562.0
20565,3,rrrgGgrrrgggGrGr,20567.0
20570,4,rrrgGgrrrgggrrrr,20572.0
20575,6,rrrrrGrrrrGGrrrr,20580.0
20580,7,rrrrryrrrryyrrrr,20583.0
20585,0,gGgrrrGggrrrrGrG,20588.0
20590,1,gGgrrrGggrrrrrrr,20593.0
20595,2,yyyrrryyyrrrrrrr,20596.0
20600,3,rrrgGgrrrgggGrGr,20601.0
20605,4,rrrgGgrrrgggrrrr,20606.0
20610,6,rrrrrGrrrrGGrrrr,20614.0
20615,7,rrrrryrrrryyrrrr,20617.0
20620,0,gGgrrrGggrrrrGrG,20622.0
20625,1,gGgrrrGggrrrrrrr,20627.0
20630,3,rrrgGgrrrgggGrGr,20635.0
20635,4,rrrgGgrrrgggrrrr,20640.0
20640,5,rrryygrrryggrrrr,20643.0
20645,6,rrrrrGrrrrGGrrrr,20648.0
20650,7,rrrrryrrrryyrrrr,20651.0
20655,0,gGgrrrGggrrrrGrG,20656.0
20660,1,gGgrrrGggrrrrrrr,20661.0
20665,3,rrrgGgrrrgggGrGr,20669.0
20670,4,rrrgGgrrrgggrrrr,20674.0
20675,5,rrryygrrryggrrrr,20677.0
20680,6,rrrrrGrrrrGGrrrr,20682.0
20685,0,gGgrrrGggrrrrGrG,20690.0
20690,1,gGgrrrGggrrrrrrr,20695.0
20695,2,yyyrrryyyrrrrrrr,20698.0
20700,3,rrrgGgrrrgggGrGr,20703.0
20705,4,rrrgGgrrrgggrrrr,20708.0
20710,5,rrryygrrryggrrrr,20711.0
20715,6,rrrrrGrrrrGGrrrr,20716.0
20720,0,gGgrrrGggrrrrGrG,20724.0
20725,1,gGgrrrGggrrrrrrr,20729.0
20730,2,yyyrrryyyrrrrrrr,20732.0
20735,3,rrrgGgrrrgggGrGr,20737.0
20740,4,rrrgGgrrrgggrrrr,20742.0
20745,6,rrrrrGrrrrGGrrrr,20750.0
20750,7,rrrrryrrrryyrrrr,20753.0
20755,0,gGgrrrGggrrrrGrG,20758.0
20760,1,gGgrrrGggrrrrrrr,20763.0
20765,2,yyyrrryyyrrrrrrr,20766.0
20770,3,rrrgGgrrrgggGrGr,20771.0
20775,4,rrrgGgrrrgggrrrr,20776.0
20780,6,rrrrrGrrrrGGrrrr,20784.0
20785,7,rrrrryrrrryyrrrr,20787.0
20790,0,gGgrrrGggrrrrGrG,20792.0
20795,1,gGgrrrGggrrrrrrr,20797.0
20800,3,rrrgGgrrrgggGrGr,20805.0
20805,4,rrrgGgrrrgggrrrr,20810.0
20810,5,rrryygrrryggrrrr,20813.0
20815,6,rrrrrGrrrrGGrrrr,20818.0
20820,7,rrrrryrrrryyrrrr,20821.0
20825,0,gGgrrrGggrrrrGrG,20826.0
20830,1,gGgrrrGggrrrrrrr,20831.0
20835,3,rrrgGgrrrgggGrGr,20839.0
20840,4,rrrgGgrrrgggrrrr,20844.0
20845,5,rrryygrrryggrrrr,20847.0
20850,6,rrrrrGrrrrGGrrrr,20852.0
20855,0,gGgrrrGggrrrrGrG,20860.0
20860,1,gGgrrrGggrrrrrrr,20865.0
20865,2,yyyrrryyyrrrrrrr,20868.0
20870,3,rrrgGgrrrgggGrGr,20873.0
20875,4,rrrgGgrrrgggrrrr,20878.0
20880,5,rrryygrrryggrrrr,20881.0
20885,6,rrrrrGrrrrGGrrrr,20886.0
20890,0,gGgrrrGggrrrrGrG,20894.0
20895,1,gGgrrrGggrrrrrrr,20899.0
20900,2,yyyrrryyyrrrrrrr,20902.0
20905,3,rrrgGgrrrgggGrGr,20907.0
20910,4,rrrgGgrrrgggrrrr,20912.0
20915,6,rrrrrGrrrrGGrrrr,20920.0
20920,7,rrrrryrrrryyrrrr,20923.0
20925,0,gGgrrrGggrrrrGrG,20928.0
20930,1,gGgrrrGggrrrrrrr,20933.0
20935,2,yyyrrryyyrrrrrrr,20936.0
20940,3,rrrgGgrrrgggGrGr,20941.0
20945,4,rrrgGgrrrgggrrrr,20946.0
20950,6,rrrrrGrrrrGGrrrr,20954.0
20955,7,rrrrryrrrryyrrrr,20957.0
20960,0,gGgrrrGggrrrrGrG,20962.0
20965,1,gGgrrrGggrrrrrrr,20967.0
20970,3,rrrgGgrrrgggGrGr,20975.0
20975,4,rrrgGgrrrgggrrrr,20980.0
20980,5,rrryygrrryggrrrr,20983.0
20985,6,rrrrrGrrrrGGrrrr,20988.0
20990,7,rrrrryrrrryyrrrr,20991.0
20995,0,gGgrrrGggrrrrGrG,20996.0
21000,1,gGgrrrGggrrrrrrr,21001.0
21005,3,rrrgGgrrrgggGrGr,21009.0
21010,4,rrrgGgrrrgggrrrr,21014.0
21015,5,rrryygrrryggrrrr,21017.0
21020,6,rrrrrGrrrrGGrrrr,21022.0
21025,0,gGgrrrGggrrrrGrG,21030.0
21030,1,gGgrrrGggrrrrrrr,21035.0
21035,2,yyyrrryyyrrrrrrr,21038.0
21040,3,rrrgGgrrrgggGrGr,21043.0
21045,4,rrrgGgrrrgggrrrr,21048.0
21050,5,rrryygrrryggrrrr,21051.0
21055,6,rrrrrGrrrrGGrrrr,21056.0
21060,0,gGgrrrGggrrrrGrG,21064.0
21065,1,gGgrrrGggrrrrrrr,21069.0
21070,2,yyyrrryyyrrrrrrr,21072.0
21075,3,rrrgGgrrrgggGrGr,21077.0
21080,4,rrrgGgrrrgggrrrr,21082.0
21085,6,rrrrrGrrrrGGrrrr,21090.0
21090,7,rrrrryrrrryyrrrr,21093.0
21095,0,gGgrrrGggrrrrGrG,21098.0
21100,1,gGgrrrGggrrrrrrr,21103.0
21105,2,yyyrrryyyrrrrrrr,21106.0
21110,3,rrrgGgrrrgggGrGr,21111.0
21115,4,rrrgGgrrrgggrrrr,21116.0
21120,6,rrrrrGrrrrGGrrrr,21124.0
21125,7,rrrrryrrrryyrrrr,21127.0
21130,0,gGgrrrGggrrrrGrG,21132.0
21135,1,gGgrrrGggrrrrrrr,21137.0
21140,3,rrrgGgrrrgggGrGr,21145.0
21145,4,rrrgGgrrrgggrrrr,21150.0
21150,5,rrryygrrryggrrrr,21153.0
21155,6,rrrrrGrrrrGGrrrr,21158.0
21160,7,rrrrryrrrryyrrrr,21161.0
21165,0,gGgrrrGggrrrrGrG,21166.0
21170,1,gGgrrrGggrrrrrrr,21171.0
21175,3,rrrgGgrrrgggGrGr,21179.0
21180,4,rrrgGgrrrgggrrrr,21184.0
21185,5,rrryygrrryggrrrr,21187.0
21190,6,rrrrrGrrrrGGrrrr,21192.0
21195,0,gGgrrrGggrrrrGrG,21200.0
21200,1,gGgrrrGggrrrrrrr,21205.0
21205,2,yyyrrryyyrrrrrrr,21208.0
21210,3,rrrgGgrrrgggGrGr,21213.0
21215,4,rrrgGgrrrgggrrrr,21218.0
21220,5,rrryygrrryggrrrr,21221.0
21225,6,rrrrrGrrrrGGrrrr,21226.0
21230,0,gGgrrrGggrrrrGrG,21234.0
21235,1,gGgrrrGggrrrrrrr,21239.0
21240,2,yyyrrryyyrrrrrrr,21242.0
21245,3,rrrgGgrrrgggGrGr,21247.0
21250,4,rrrgGgrrrgggrrrr,21252.0
21255,6,rrrrrGrrrrGGrrrr,21260.0
21260,7,rrrrryrrrryyrrrr,21263.0
21265,0,gGgrrrGggrrrrGrG,21268.0
21270,1,gGgrrrGggrrrrrrr,21273.0
21275,2,yyyrrryyyrrrrrrr,21276.0
21280,3,rrrgGgrrrgggGrGr,21281.0
21285,4,rrrgGgrrrgggrrrr,21286.0
21290,6,rrrrrGrrrrGGrrrr,21294.0
21295,7,rrrrryrrrryyrrrr,21297.0
21300,0,gGgrrrGggrrrrGrG,21302.0
21305,1,gGgrrrGggrrrrrrr,21307.0
21310,3,rrrgGgrrrgggGrGr,21315.0
21315,4,rrrgGgrrrgggrrrr,21320.0
21320,5,rrryygrrryggrrrr,21323.0
21325,6,rrrrrGrrrrGGrrrr,21328.0
21330,7,rrrrryrrrryyrrrr,21331.0
21335,0,gGgrrrGggrrrrGrG,21336.0
21340,1,gGgrrrGggrrrrrrr,21341.0
21345,3,rrrgGgrrrgggGrGr,21349.0
21350,4,rrrgGgrrrgggrrrr,21354.0
21355,5,rrryygrrryggrrrr,21357.0
21360,6,rrrrrGrrrrGGrrrr,21362.0
21365,0,gGgrrrGggrrrrGrG,21370.0
21370,1,gGgrrrGggrrrrrrr,21375.0
21375,2,yyyrrryyyrrrrrrr,21378.0
21380,3,rrrgGgrrrgggGrGr,21383.0
21385,4,rrrgGgrrrgggrrrr,21388.0
21390,5,rrryygrrryggrrrr,21391.0
21395,6,rrrrrGrrrrGGrrrr,21396.0
21400,0,gGgrrrGggrrrrGrG,21404.0
21405,1,gGgrrrGggrrrrrrr,21409.0
21410,2,yyyrrryyyrrrrrrr,21412.0
21415,3,rrrgGgrrrgggGrGr,21417.0
21420,4,rrrgGgrrrgggrrrr,21422.0
21425,6,rrrrrGrrrrGGrrrr,21430.0
21430,7,rrrrryrrrryyrrrr,21433.0
21435,0,gGgrrrGggrrrrGrG,21438.0
21440,1,gGgrrrGggrrrrrrr,21443.0
21445,2,yyyrrryyyrrrrrrr,21446.0
21450,3,rrrgGgrrrgggGrGr,21451.0
21455,4,rrrgGgrrrgggrrrr,21456.0
21460,6,rrrrrGrrrrGGrrrr,21464.0
21465,7,rrrrryrrrryyrrrr,21467.0
21470,0,gGgrrrGggrrrrGrG,21472.0
21475,1,gGgrrrGggrrrrrrr,21477.0
21480,3,rrrgGgrrrgggGrGr,21485.0
21485,4,rrrgGgrrrgggrrrr,21490.0
21490,5,rrryygrrryggrrrr,21493.0
21495,6,rrrrrGrrrrGGrrrr,21498.0
21500,7,rrrrryrrrryyrrrr,21501.0
21505,0,gGgrrrGggrrrrGrG,21506.0
21510,1,gGgrrrGggrrrrrrr,21511.0
21515,3,rrrgGgrrrgggGrGr,21519.0
21520,4,rrrgGgrrrgggrrrr,21524.0
21525,5,rrryygrrryggrrrr,21527.0
21530,6,rrrrrGrrrrGGrrrr,21532.0
21535,0,gGgrrrGggrrrrGrG,21540.0
21540,1,gGgrrrGggrrrrrrr,21545.0
21545,2,yyyrrryyyrrrrrrr,21548.0
21550,3,rrrgGgrrrgggGrGr,21553.0
21555,4,rrrgGgrrrgggrrrr,21558.0
21560,5,rrryygrrryggrrrr,21561.0
21565,6,rrrrrGrrrrGGrrrr,21566.0
21570,0,gGgrrrGggrrrrGrG,21574.0
21575,1,gGgrrrGggrrrrrrr,21579.0
21580,2,yyyrrryyyrrrrrrr,21582.0
21585,3,rrrgGgrrrgggGrGr,21587.0
21590,4,rrrgGgrrrgggrrrr,21592.0
21595,6,rrrrrGrrrrGGrrrr,21600.0
21600,7,rrrrryrrrryyrrrr,21603.0
21605,0,gGgrrrGggrrrrGrG,21608.0
21610,1,gGgrrrGggrrrrrrr,21613.0
21615,2,yyyrrryyyrrrrrrr,21616.0
21620,3,rrrgGgrrrgggGrGr,21621.0
21625,4,rrrgGgrrrgggrrrr,21626.0
21630,6,rrrrrGrrrrGGrrrr,21634.0
21635,7,rrrrryrrrryyrrrr,21637.0
21640,0,gGgrrrGggrrrrGrG,21642.0
21645,1,gGgrrrGggrrrrrrr,21647.0
21650,3,rrrgGgrrrgggGrGr,21655.0
21655,4,rrrgGgrrrgggrrrr,21660.0
21660,5,rrryygrrryggrrrr,21663.0
21665,6,rrrrrGrrrrGGrrrr,21668.0
21670,7,rrrrryrrrryyrrrr,21671.0
21675,0,gGgrrrGggrrrrGrG,21676.0
21680,1,gGgrrrGggrrrrrrr,21681.0
21685,3,rrrgGgrrrgggGrGr,21689.0
21690,4,rrrgGgrrrgggrrrr,21694.0
21695,5,rrryygrrryggrrrr,21697.0
21700,6,rrrrrGrrrrGGrrrr,21702.0
21705,0,gGgrrrGggrrrrGrG,21710.0
21710,1,gGgrrrGggrrrrrrr,21715.0
21715,2,yyyrrryyyrrrrrrr,21718.0
21720,3,rrrgGgrrrgggGrGr,21723.0
21725,4,rrrgGgrrrgggrrrr,21728.0
21730,5,rrryygrrryggrrrr,21731.0
21735,6,rrrrrGrrrrGGrrrr,21736.0
21740,0,gGgrrrGggrrrrGrG,21744.0
21745,1,gGgrrrGggrrrrrrr,21749.0
21750,2,yyyrrryyyrrrrrrr,21752.0
21755,3,rrrgGgrrrgggGrGr,21757.0
21760,4,rrrgGgrrrgggrrrr,21762.0
21765,6,rrrrrGrrrrGGrrrr,21770.0
21770,7,rrrrryrrrryyrrrr,21773.0
21775,0,gGgrrrGggrrrrGrG,21778.0
21780,1,gGgrrrGggrrrrrrr,21783.0
21785,2,yyyrrryyyrrrrrrr,21786.0
21790,3,rrrgGgrrrgggGrGr,21791.0
21795,4,rrrgGgrrrgggrrrr,21796.0
21800,6,rrrrrGrrrrGGrrrr,21804.0
21805,7,rrrrryrrrryyrrrr,21807.0
21810,0,gGgrrrGggrrrrGrG,21812.0
21815,1,gGgrrrGggrrrrrrr,21817.0
21820,3,rrrgGgrrrgggGrGr,21825.0
21825,4,rrrgGgrrrgggrrrr,21830.0
21830,5,rrryygrrryggrrrr,21833.0
21835,6,rrrrrGrrrrGGrrrr,21838.0
21840,7,rrrrryrrrryyrrrr,21841.0
21845,0,gGgrrrGggrrrrGrG,21846.0
21850,1,gGgrrrGggrrrrrrr,21851.0
21855,3,rrrgGgrrrgggGrGr,21859.0
21860,4,rrrgGgrrrgggrrrr,21864.0
21865,5,rrryygrrryggrrrr,21867.0
21870,6,rrrrrGrrrrGGrrrr,21872.0
21875,0,gGgrrrGggrrrrGrG,21880.0
21880,1,gGgrrrGggrrrrrrr,21885.0
21885,2,yyyrrryyyrrrrrrr,21888.0
21890,3,rrrgGgrrrgggGrGr,21893.0
21895,4,rrrgGgrrrgggrrrr,21898.0
21900,5,rrryygrrryggrrrr,21901.0
21905,6,rrrrrGrrrrGGrrrr,21906.0
21910,0,gGgrrrGggrrrrGrG,21914.0
21915,1,gGgrrrGggrrrrrrr,21919.0
21920,2,yyyrrryyyrrrrrrr,21922.0
21925,3,rrrgGgrrrgggGrGr,21927.0
21930,4,rrrgGgrrrgggrrrr,21932.0
21935,6,rrrrrGrrrrGGrrrr,21940.0
21940,7,rrrrryrrrryyrrrr,21943.0
21945,0,gGgrrrGggrrrrGrG,21948.0
21950,1,gGgrrrGggrrrrrrr,21953.0
21955,2,yyyrrryyyrrrrrrr,21956.0
21960,3,rrrgGgrrrgggGrGr,21961.0
21965,4,rrrgGgrrrgggrrrr,21966.0
21970,6,rrrrrGrrrrGGrrrr,21974.0
21975,7,rrrrryrrrryyrrrr,21977.0
21980,0,gGgrrrGggrrrrGrG,21982.0
21985,1,gGgrrrGggrrrrrrr,21987.0
21990,3,rrrgGgrrrgggGrGr,21995.0
21995,4,rrrgGgrrrgggrrrr,22000.0
22000,5,rrryygrrryggrrrr,22003.0
22005,6,rrrrrGrrrrGGrrrr,22008.0
22010,7,rrrrryrrrryyrrrr,22011.0
22015,0,gGgrrrGggrrrrGrG,22016.0
22020,1,gGgrrrGggrrrrrrr,22021.0
22025,3,rrrgGgrrrgggGrGr,22029.0
22030,4,rrrgGgrrrgggrrrr,22034.0
22035,5,rrryygrrryggrrrr,22037.0
22040,6,rrrrrGrrrrGGrrrr,22042.0
22045,0,gGgrrrGggrrrrGrG,22050.0
22050,1,gGgrrrGggrrrrrrr,22055.0
22055,2,yyyrrryyyrrrrrrr,22058.0
22060,3,rrrgGgrrrgggGrGr,22063.0
22065,4,rrrgGgrrrgggrrrr,22068.0
22070,5,rrryygrrryggrrrr,22071.0
22075,6,rrrrrGrrrrGGrrrr,22076.0
22080,0,gGgrrrGggrrrrGrG,22084.0
22085,1,gGgrrrGggrrrrrrr,22089.0
22090,2,yyyrrryyyrrrrrrr,22092.0
22095,3,rrrgGgrrrgggGrGr,22097.0
22100,4,rrrgGgrrrgggrrrr,22102.0
22105,6,rrrrrGrrrrGGrrrr,22110.0
22110,7,rrrrryrrrryyrrrr,22113.0
22115,0,gGgrrrGggrrrrGrG,22118.0
22120,1,gGgrrrGggrrrrrrr,22123.0
22125,2,yyyrrryyyrrrrrrr,22126.0
22130,3,rrrgGgrrrgggGrGr,22131.0
22135,4,rrrgGgrrrgggrrrr,22136.0
22140,6,rrrrrGrrrrGGrrrr,22144.0
22145,7,rrrrryrrrryyrrrr,22147.0
22150,0,gGgrrrGggrrrrGrG,22152.0
22155,1,gGgrrrGggrrrrrrr,22157.0
22160,3,rrrgGgrrrgggGrGr,22165.0
22165,4,rrrgGgrrrgggrrrr,22170.0
22170,5,rrryygrrryggrrrr,22173.0
22175,6,rrrrrGrrrrGGrrrr,22178.0
22180,7,rrrrryrrrryyrrrr,22181.0
22185,0,gGgrrrGggrrrrGrG,22186.0
22190,1,gGgrrrGggrrrrrrr,22191.0
22195,3,rrrgGgrrrgggGrGr,22199.0
22200,4,rrrgGgrrrgggrrrr,22204.0
22205,5,rrryygrrryggrrrr,22207.0
22210,6,rrrrrGrrrrGGrrrr,22212.0
22215,0,gGgrrrGggrrrrGrG,22220.0
22220,1,gGgrrrGggrrrrrrr,22225.0
22225,2,yyyrrryyyrrrrrrr,22228.0
22230,3,rrrgGgrrrgggGrGr,22233.0
22235,4,rrrgGgrrrgggrrrr,22238.0
22240,5,rrryygrrryggrrrr,22241.0
22245,6,rrrrrGrrrrGGrrrr,22246.0
22250,0,gGgrrrGggrrrrGrG,22254.0
22255,1,gGgrrrGggrrrrrrr,22259.0
22260,2,yyyrrryyyrrrrrrr,22262.0
22265,3,rrrgGgrrrgggGrGr,22267.0
22270,4,rrrgGgrrrgggrrrr,22272.0
22275,6,rrrrrGrrrrGGrrrr,22280.0
22280,7,rrrrryrrrryyrrrr,22283.0
22285,0,gGgrrrGggrrrrGrG,22288.0
22290,1,gGgrrrGggrrrrrrr,22293.0
22295,2,yyyrrryyyrrrrrrr,22296.0
22300,3,rrrgGgrrrgggGrGr,22301.0
22305,4,rrrgGgrrrgggrrrr,22306.0
22310,6,rrrrrGrrrrGGrrrr,22314.0
22315,7,rrrrryrrrryyrrrr,22317.0
22320,0,gGgrrrGggrrrrGrG,22322.0
22325,1,gGgrrrGggrrrrrrr,22327.0
22330,3,rrrgGgrrrgggGrGr,22335.0
22335,4,rrrgGgrrrgggrrrr,22340.0
22340,5,rrryygrrryggrrrr,22343.0
22345,6,rrrrrGrrrrGGrrrr,22348.0
22350,7,rrrrryrrrryyrrrr,22351.0
22355,0,gGgrrrGggrrrrGrG,22356.0
22360,1,gGgrrrGggrrrrrrr,22361.0
22365,3,rrrgGgrrrgggGrGr,22369.0
22370,4,rrrgGgrrrgggrrrr,22374.0
22375,5,rrryygrrryggrrrr,22377.0
22380,6,rrrrrGrrrrGGrrrr,22382.0
22385,0,gGgrrrGggrrrrGrG,22390.0
22390,1,gGgrrrGggrrrrrrr,22395.0
22395,2,yyyrrryyyrrrrrrr,22398.0
22400,3,rrrgGgrrrgggGrGr,22403.0
22405,4,rrrgGgrrrgggrrrr,22408.0
22410,5,rrryygrrryggrrrr,22411.0
22415,6,rrrrrGrrrrGGrrrr,22416.0
22420,0,gGgrrrGggrrrrGrG,22424.0
22425,1,gGgrrrGggrrrrrrr,22429.0
22430,2,yyyrrryyyrrrrrrr,22432.0
22435,3,rrrgGgrrrgggGrGr,22437.0
22440,4,rrrgGgrrrgggrrrr,22442.0
22445,6,rrrrrGrrrrGGrrrr,22450.0
22450,7,rrrrryrrrryyrrrr,22453.0
22455,0,gGgrrrGggrrrrGrG,22458.0
22460,1,gGgrrrGggrrrrrrr,22463.0
22465,2,yyyrrryyyrrrrrrr,22466.0
22470,3,rrrgGgrrrgggGrGr,22471.0
22475,4,rrrgGgrrrgggrrrr,22476.0
22480,6,rrrrrGrrrrGGrrrr,22484.0
22485,7,rrrrryrrrryyrrrr,22487.0
22490,0,gGgrrrGggrrrrGrG,22492.0
22495,1,gGgrrrGggrrrrrrr,22497.0
22500,3,rrrgGgrrrgggGrGr,22505.0
22505,4,rrrgGgrrrgggrrrr,22510.0
22510,5,rrryygrrryggrrrr,22513.0
22515,6,rrrrrGrrrrGGrrrr,22518.0
22520,7,rrrrryrrrryyrrrr,22521.0
22525,0,gGgrrrGggrrrrGrG,22526.0
22530,1,gGgrrrGggrrrrrrr,22531.0
22535,3,rrrgGgrrrgggGrGr,22539.0
22540,4,rrrgGgrrrgggrrrr,22544.0
22545,5,rrryygrrryggrrrr,22547.0
22550,6,rrrrrGrrrrGGrrrr,22552.0
22555,0,gGgrrrGggrrrrGrG,22560.0
22560,1,gGgrrrGggrrrrrrr,22565.0
22565,2,yyyrrryyyrrrrrrr,22568.0
22570,3,rrrgGgrrrgggGrGr,22573.0
22575,4,rrrgGgrrrgggrrrr,22578.0
22580,5,rrryygrrryggrrrr,22581.0
22585,6,rrrrrGrrrrGGrrrr,22586.0
22590,0,gGgrrrGggrrrrGrG,22594.0
22595,1,gGgrrrGggrrrrrrr,22599.0
22600,2,yyyrrryyyrrrrrrr,22602.0
22605,3,rrrgGgrrrgggGrGr,22607.0
22610,4,rrrgGgrrrgggrrrr,22612.0
22615,6,rrrrrGrrrrGGrrrr,22620.0
22620,7,rrrrryrrrryyrrrr,22623.0
22625,0,gGgrrrGggrrrrGrG,22628.0
22630,1,gGgrrrGggrrrrrrr,22633.0
22635,2,yyyrrryyyrrrrrrr,22636.0
22640,3,rrrgGgrrrgggGrGr,22641.0
22645,4,rrrgGgrrrgggrrrr,22646.0
22650,6,rrrrrGrrrrGGrrrr,22654.0
22655,7,rrrrryrrrryyrrrr,22657.0
22660,0,gGgrrrGggrrrrGrG,22662.0
22665,1,gGgrrrGggrrrrrrr,22667.0
22670,3,rrrgGgrrrgggGrGr,22675.0
22675,4,rrrgGgrrrgggrrrr,22680.0
22680,5,rrryygrrryggrrrr,22683.0
22685,6,rrrrrGrrrrGGrrrr,22688.0
22690,7,rrrrryrrrryyrrrr,22691.0
22695,0,gGgrrrGggrrrrGrG,22696.0
22700,1,gGgrrrGggrrrrrrr,22701.0
22705,3,rrrgGgrrrgggGrGr,22709.0
22710,4,rrrgGgrrrgggrrrr,22714.0
22715,5,rrryygrrryggrrrr,22717.0
22720,6,rrrrrGrrrrGGrrrr,22722.0
22725,0,gGgrrrGggrrrrGrG,22730.0
22730,1,gGgrrrGggrrrrrrr,22735.0
22735,2,yyyrrryyyrrrrrrr,22738.0
22740,3,rrrgGgrrrgggGrGr,22743.0
22745,4,rrrgGgrrrgggrrrr,22748.0
22750,5,rrryygrrryggrrrr,22751.0
22755,6,rrrrrGrrrrGGrrrr,22756.0
22760,0,gGgrrrGggrrrrGrG,22764.0
22765,1,gGgrrrGggrrrrrrr,22769.0
22770,2,yyyrrryyyrrrrrrr,22772.0
22775,3,rrrgGgrrrgggGrGr,22777.0
22780,4,rrrgGgrrrgggrrrr,22782.0
22785,6,rrrrrGrrrrGGrrrr,22790.0
22790,7,rrrrryrrrryyrrrr,22793.0
22795,0,gGgrrrGggrrrrGrG,22798.0
22800,1,gGgrrrGggrrrrrrr,22803.0
22805,2,yyyrrryyyrrrrrrr,22806.0
22810,3,rrrgGgrrrgggGrGr,22811.0
22815,4,rrrgGgrrrgggrrrr,22816.0
22820,6,rrrrrGrrrrGGrrrr,22824.0
22825,7,rrrrryrrrryyrrrr,22827.0
22830,0,gGgrrrGggrrrrGrG,22832.0
22835,1,gGgrrrGggrrrrrrr,22837.0
22840,3,rrrgGgrrrgggGrGr,22845.0
22845,4,rrrgGgrrrgggrrrr,22850.0
22850,5,rrryygrrryggrrrr,22853.0
22855,6,rrrrrGrrrrGGrrrr,22858.0
22860,7,rrrrryrrrryyrrrr,22861.0
22865,0,gGgrrrGggrrrrGrG,22866.0
22870,1,gGgrrrGggrrrrrrr,22871.0
22875,3,rrrgGgrrrgggGrGr,22879.0
22880,4,rrrgGgrrrgggrrrr,22884.0
22885,5,rrryygrrryggrrrr,22887.0
22890,6,rrrrrGrrrrGGrrrr,22892.0
22895,0,gGgrrrGggrrrrGrG,22900.0
22900,1,gGgrrrGggrrrrrrr,22905.0
22905,2,yyyrrryyyrrrrrrr,22908.0
22910,3,rrrgGgrrrgggGrGr,22913.0
22915,4,rrrgGgrrrgggrrrr,22918.0
22920,5,rrryygrrryggrrrr,22921.0
22925,6,rrrrrGrrrrGGrrrr,22926.0
22930,0,gGgrrrGggrrrrGrG,22934.0
22935,1,gGgrrrGggrrrrrrr,22939.0
22940,2,yyyrrryyyrrrrrrr,22942.0
22945,3,rrrgGgrrrgggGrGr,22947.0
22950,4,rrrgGgrrrgggrrrr,22952.0
22955,6,rrrrrGrrrrGGrrrr,22960.0
22960,7,rrrrryrrrryyrrrr,22963.0
22965,0,gGgrrrGggrrrrGrG,22968.0
22970,1,gGgrrrGggrrrrrrr,22973.0
22975,2,yyyrrryyyrrrrrrr,22976.0
22980,3,rrrgGgrrrgggGrGr,22981.0
22985,4,rrrgGgrrrgggrrrr,22986.0
22990,6,rrrrrGrrrrGGrrrr,22994.0
22995,7,rrrrryrrrryyrrrr,22997.0
23000,0,gGgrrrGggrrrrGrG,23002.0
23005,1,gGgrrrGggrrrrrrr,23007.0
23010,3,rrrgGgrrrgggGrGr,23015.0
23015,4,rrrgGgrrrgggrrrr,23020.0
23020,5,rrryygrrryggrrrr,23023.0
23025,6,rrrrrGrrrrGGrrrr,23028.0
23030,7,rrrrryrrrryyrrrr,23031.0
23035,0,gGgrrrGggrrrrGrG,23036.0
23040,1,gGgrrrGggrrrrrrr,23041.0
23045,3,rrrgGgrrrgggGrGr,23049.0
23050,4,rrrgGgrrrgggrrrr,23054.0
23055,5,rrryygrrryggrrrr,23057.0
23060,6,rrrrrGrrrrGGrrrr,23062.0
23065,0,gGgrrrGggrrrrGrG,23070.0
23070,1,gGgrrrGggrrrrrrr,23075.0
23075,2,yyyrrryyyrrrrrrr,23078.0
23080,3,rrrgGgrrrgggGrGr,23083.0
23085,4,rrrgGgrrrgggrrrr,23088.0
23090,5,rrryygrrryggrrrr,23091.0
23095,6,rrrrrGrrrrGGrrrr,23096.0
23100,0,gGgrrrGggrrrrGrG,23104.0
23105,1,gGgrrrGggrrrrrrr,23109.0
23110,2,yyyrrryyyrrrrrrr,23112.0
23115,3,rrrgGgrrrgggGrGr,23117.0
23120,4,rrrgGgrrrgggrrrr,23122.0
23125,6,rrrrrGrrrrGGrrrr,23130.0
23130,7,rrrrryrrrryyrrrr,23133.0
23135,0,gGgrrrGggrrrrGrG,23138.0
23140,1,gGgrrrGggrrrrrrr,23143.0
23145,2,yyyrrryyyrrrrrrr,23146.0
23150,3,rrrgGgrrrgggGrGr,23151.0
23155,4,rrrgGgrrrgggrrrr,23156.0
23160,6,rrrrrGrrrrGGrrrr,23164.0
23165,7,rrrrryrrrryyrrrr,23167.0
23170,0,gGgrrrGggrrrrGrG,23172.0
23175,1,gGgrrrGggrrrrrrr,23177.0
23180,3,rrrgGgrrrgggGrGr,23185.0
23185,4,rrrgGgrrrgggrrrr,23190.0
23190,5,rrryygrrryggrrrr,23193.0
23195,6,rrrrrGrrrrGGrrrr,23198.0
23200,7,rrrrryrrrryyrrrr,23201.0
23205,0,gGgrrrGggrrrrGrG,23206.0
23210,1,gGgrrrGggrrrrrrr,23211.0
23215,3,rrrgGgrrrgggGrGr,23219.0
23220,4,rrrgGgrrrgggrrrr,23224.0
23225,5,rrryygrrryggrrrr,23227.0
23230,6,rrrrrGrrrrGGrrrr,23232.0
23235,0,gGgrrrGggrrrrGrG,23240.0
23240,1,gGgrrrGggrrrrrrr,23245.0
23245,2,yyyrrryyyrrrrrrr,23248.0
23250,3,rrrgGgrrrgggGrGr,23253.0
23255,4,rrrgGgrrrgggrrrr,23258.0
23260,5,rrryygrrryggrrrr,23261.0
23265,6,rrrrrGrrrrGGrrrr,23266.0
23270,0,gGgrrrGggrrrrGrG,23274.0
23275,1,gGgrrrGggrrrrrrr,23279.0
23280,2,yyyrrryyyrrrrrrr,23282.0
23285,3,rrrgGgrrrgggGrGr,23287.0
23290,4,rrrgGgrrrgggrrrr,23292.0
23295,6,rrrrrGrrrrGGrrrr,23300.0
23300,7,rrrrryrrrryyrrrr,23303.0
23305,0,gGgrrrGggrrrrGrG,23308.0
23310,1,gGgrrrGggrrrrrrr,23313.0
23315,2,yyyrrryyyrrrrrrr,23316.0
23320,3,rrrgGgrrrgggGrGr,23321.0
23325,4,rrrgGgrrrgggrrrr,23326.0
23330,6,rrrrrGrrrrGGrrrr,23334.0
23335,7,rrrrryrrrryyrrrr,23337.0
23340,0,gGgrrrGggrrrrGrG,23342.0
23345,1,gGgrrrGggrrrrrrr,23347.0
23350,3,rrrgGgrrrgggGrGr,23355.0
23355,4,rrrgGgrrrgggrrrr,23360.0
23360,5,rrryygrrryggrrrr,23363.0
23365,6,rrrrrGrrrrGGrrrr,23368.0
23370,7,rrrrryrrrryyrrrr,23371.0
23375,0,gGgrrrGggrrrrGrG,23376.0
23380,1,gGgrrrGggrrrrrrr,23381.0
23385,3,rrrgGgrrrgggGrGr,23389.0
23390,4,rrrgGgrrrgggrrrr,23394.0
23395,5,rrryygrrryggrrrr,23397.0
23400,6,rrrrrGrrrrGGrrrr,23402.0
23405,0,gGgrrrGggrrrrGrG,23410.0
23410,1,gGgrrrGggrrrrrrr,23415.0
23415,2,yyyrrryyyrrrrrrr,23418.0
23420,3,rrrgGgrrrgggGrGr,23423.0
23425,4,rrrgGgrrrgggrrrr,23428.0
23430,5,rrryygrrryggrrrr,23431.0
23435,6,rrrrrGrrrrGGrrrr,23436.0
23440,0,gGgrrrGggrrrrGrG,23444.0
23445,1,gGgrrrGggrrrrrrr,23449.0
23450,2,yyyrrryyyrrrrrrr,23452.0
23455,3,rrrgGgrrrgggGrGr,23457.0
23460,4,rrrgGgrrrgggrrrr,23462.0
23465,6,rrrrrGrrrrGGrrrr,23470.0
23470,7,rrrrryrrrryyrrrr,23473.0
23475,0,gGgrrrGggrrrrGrG,23478.0
23480,1,gGgrrrGggrrrrrrr,23483.0
23485,2,yyyrrryyyrrrrrrr,23486.0
23490,3,rrrgGgrrrgggGrGr,23491.0
23495,4,rrrgGgrrrgggrrrr,23496.0
23500,6,rrrrrGrrrrGGrrrr,23504.0
23505,7,rrrrryrrrryyrrrr,23507.0
23510,0,gGgrrrGggrrrrGrG,23512.0
23515,1,gGgrrrGggrrrrrrr,23517.0
23520,3,rrrgGgrrrgggGrGr,23525.0
23525,4,rrrgGgrrrgggrrrr,23530.0
23530,5,rrryygrrryggrrrr,23533.0
23535,6,rrrrrGrrrrGGrrrr,23538.0
23540,7,rrrrryrrrryyrrrr,23541.0
23545,0,gGgrrrGggrrrrGrG,23546.0
23550,1,gGgrrrGggrrrrrrr,23551.0
23555,3,rrrgGgrrrgggGrGr,23559.0
23560,4,rrrgGgrrrgggrrrr,23564.0
23565,5,rrryygrrryggrrrr,23567.0
23570,6,rrrrrGrrrrGGrrrr,23572.0
23575,0,gGgrrrGggrrrrGrG,23580.0
23580,1,gGgrrrGggrrrrrrr,23585.0
23585,2,yyyrrryyyrrrrrrr,23588.0
23590,3,rrrgGgrrrgggGrGr,23593.0
23595,4,rrrgGgrrrgggrrrr,23598.0
23600,5,rrryygrrryggrrrr,23601.0
23605,6,rrrrrGrrrrGGrrrr,23606.0
23610,0,gGgrrrGggrrrrGrG,23614.0
23615,1,gGgrrrGggrrrrrrr,23619.0
23620,2,yyyrrryyyrrrrrrr,23622.0
23625,3,rrrgGgrrrgggGrGr,23627.0
23630,4,rrrgGgrrrgggrrrr,23632.0
23635,6,rrrrrGrrrrGGrrrr,23640.0
23640,7,rrrrryrrrryyrrrr,23643.0
23645,0,gGgrrrGggrrrrGrG,23648.0
23650,1,gGgrrrGggrrrrrrr,23653.0
23655,2,yyyrrryyyrrrrrrr,23656.0
23660,3,rrrgGgrrrgggGrGr,23661.0
23665,4,rrrgGgrrrgggrrrr,23666.0
23670,6,rrrrrGrrrrGGrrrr,23674.0
23675,7,rrrrryrrrryyrrrr,23677.0
23680,0,gGgrrrGggrrrrGrG,23682.0
23685,1,gGgrrrGggrrrrrrr,23687.0
23690,3,rrrgGgrrrgggGrGr,23695.0
23695,4,rrrgGgrrrgggrrrr,23700.0
23700,5,rrryygrrryggrrrr,23703.0
23705,6,rrrrrGrrrrGGrrrr,23708.0
23710,7,rrrrryrrrryyrrrr,23711.0
23715,0,gGgrrrGggrrrrGrG,23716.0
23720,1,gGgrrrGggrrrrrrr,23721.0
23725,3,rrrgGgrrrgggGrGr,23729.0
23730,4,rrrgGgrrrgggrrrr,23734.0
23735,5,rrryygrrryggrrrr,23737.0
23740,6,rrrrrGrrrrGGrrrr,23742.0
23745,0,gGgrrrGggrrrrGrG,23750.0
23750,1,gGgrrrGggrrrrrrr,23755.0
23755,2,yyyrrryyyrrrrrrr,23758.0
23760,3,rrrgGgrrrgggGrGr,23763.0
23765,4,rrrgGgrrrgggrrrr,23768.0
23770,5,rrryygrrryggrrrr,23771.0
23775,6,rrrrrGrrrrGGrrrr,23776.0
23780,0,gGgrrrGggrrrrGrG,23784.0
23785,1,gGgrrrGggrrrrrrr,23789.0
23790,2,yyyrrryyyrrrrrrr,23792.0
23795,3,rrrgGgrrrgggGrGr,23797.0
23800,4,rrrgGgrrrgggrrrr,23802.0
23805,6,rrrrrGrrrrGGrrrr,23810.0
23810,7,rrrrryrrrryyrrrr,23813.0
23815,0,gGgrrrGggrrrrGrG,23818.0
23820,1,gGgrrrGggrrrrrrr,23823.0
23825,2,yyyrrryyyrrrrrrr,23826.0
23830,3,rrrgGgrrrgggGrGr,23831.0
23835,4,rrrgGgrrrgggrrrr,23836.0
23840,6,rrrrrGrrrrGGrrrr,23844.0
23845,7,rrrrryrrrryyrrrr,23847.0
23850,0,gGgrrrGggrrrrGrG,23852.0
23855,1,gGgrrrGggrrrrrrr,23857.0
23860,3,rrrgGgrrrgggGrGr,23865.0
23865,4,rrrgGgrrrgggrrrr,23870.0
23870,5,rrryygrrryggrrrr,23873.0
23875,6,rrrrrGrrrrGGrrrr,23878.0
23880,7,rrrrryrrrryyrrrr,23881.0
23885,0,gGgrrrGggrrrrGrG,23886.0
23890,1,gGgrrrGggrrrrrrr,23891.0
23895,3,rrrgGgrrrgggGrGr,23899.0
23900,4,rrrgGgrrrgggrrrr,23904.0
23905,5,rrryygrrryggrrrr,23907.0
23910,6,rrrrrGrrrrGGrrrr,23912.0
23915,0,gGgrrrGggrrrrGrG,23920.0
23920,1,gGgrrrGggrrrrrrr,23925.0
23925,2,yyyrrryyyrrrrrrr,23928.0
23930,3,rrrgGgrrrgggGrGr,23933.0
23935,4,rrrgGgrrrgggrrrr,23938.0
23940,5,rrryygrrryggrrrr,23941.0
23945,6,rrrrrGrrrrGGrrrr,23946.0
23950,0,gGgrrrGggrrrrGrG,23954.0
23955,1,gGgrrrGggrrrrrrr,23959.0
23960,2,yyyrrryyyrrrrrrr,23962.0
23965,3,rrrgGgrrrgggGrGr,23967.0
23970,4,rrrgGgrrrgggrrrr,23972.0
23975,6,rrrrrGrrrrGGrrrr,23980.0
23980,7,rrrrryrrrryyrrrr,23983.0
23985,0,gGgrrrGggrrrrGrG,23988.0
23990,1,gGgrrrGggrrrrrrr,23993.0
23995,2,yyyrrryyyrrrrrrr,23996.0
24000,3,rrrgGgrrrgggGrGr,24001.0
24005,4,rrrgGgrrrgggrrrr,24006.0
24010,6,rrrrrGrrrrGGrrrr,24014.0
24015,7,rrrrryrrrryyrrrr,24017.0
24020,0,gGgrrrGggrrrrGrG,24022.0
24025,1,gGgrrrGggrrrrrrr,24027.0
24030,3,rrrgGgrrrgggGrGr,24035.0
24035,4,rrrgGgrrrgggrrrr,24040.0
24040,5,rrryygrrryggrrrr,24043.0
24045,6,rrrrrGrrrrGGrrrr,24048.0
24050,7,rrrrryrrrryyrrrr,24051.0
24055,0,gGgrrrGggrrrrGrG,24056.0
24060,1,gGgrrrGggrrrrrrr,24061.0
24065,3,rrrgGgrrrgggGrGr,24069.0
24070,4,rrrgGgrrrgggrrrr,24074.0
24075,5,rrryygrrryggrrrr,24077.0
24080,6,rrrrrGrrrrGGrrrr,24082.0
24085,0,gGgrrrGggrrrrGrG,24090.0
24090,1,gGgrrrGggrrrrrrr,24095.0
24095,2,yyyrrryyyrrrrrrr,24098.0
24100,3,rrrgGgrrrgggGrGr,24103.0
24105,4,rrrgGgrrrgggrrrr,24108.0
24110,5,rrryygrrryggrrrr,24111.0
24115,6,rrrrrGrrrrGGrrrr,24116.0
24120,0,gGgrrrGggrrrrGrG,24124.0
24125,1,gGgrrrGggrrrrrrr,24129.0
24130,2,yyyrrryyyrrrrrrr,24132.0
24135,3,rrrgGgrrrgggGrGr,24137.0
24140,4,rrrgGgrrrgggrrrr,24142.0
24145,6,rrrrrGrrrrGGrrrr,24150.0
24150,7,rrrrryrrrryyrrrr,24153.0
24155,0,gGgrrrGggrrrrGrG,24158.0
24160,1,gGgrrrGggrrrrrrr,24163.0
24165,2,yyyrrryyyrrrrrrr,24166.0
24170,3,rrrgGgrrrgggGrGr,24171.0
24175,4,rrrgGgrrrgggrrrr,24176.0
24180,6,rrrrrGrrrrGGrrrr,24184.0
24185,7,rrrrryrrrryyrrrr,24187.0
24190,0,gGgrrrGggrrrrGrG,24192.0
24195,1,gGgrrrGggrrrrrrr,24197.0
24200,3,rrrgGgrrrgggGrGr,24205.0
24205,4,rrrgGgrrrgggrrrr,24210.0
24210,5,rrryygrrryggrrrr,24213.0
24215,6,rrrrrGrrrrGGrrrr,24218.0
24220,7,rrrrryrrrryyrrrr,24221.0
24225,0,gGgrrrGggrrrrGrG,24226.0
24230,1,gGgrrrGggrrrrrrr,24231.0
24235,3,rrrgGgrrrgggGrGr,24239.0
24240,4,rrrgGgrrrgggrrrr,24244.0
24245,5,rrryygrrryggrrrr,24247.0
24250,6,rrrrrGrrrrGGrrrr,24252.0
24255,0,gGgrrrGggrrrrGrG,24260.0
24260,1,gGgrrrGggrrrrrrr,24265.0
24265,2,yyyrrryyyrrrrrrr,24268.0
24270,3,rrrgGgrrrgggGrGr,24273.0
24275,4,rrrgGgrrrgggrrrr,24278.0
24280,5,rrryygrrryggrrrr,24281.0
24285,6,rrrrrGrrrrGGrrrr,24286.0
24290,0,gGgrrrGggrrrrGrG,24294.0
24295,1,gGgrrrGggrrrrrrr,24299.0
24300,2,yyyrrryyyrrrrrrr,24302.0
24305,3,rrrgGgrrrgggGrGr,24307.0
24310,4,rrrgGgrrrgggrrrr,24312.0
24315,6,rrrrrGrrrrGGrrrr,24320.0
24320,7,rrrrryrrrryyrrrr,24323.0
24325,0,gGgrrrGggrrrrGrG,24328.0
24330,1,gGgrrrGggrrrrrrr,24333.0
24335,2,yyyrrryyyrrrrrrr,24336.0
24340,3,rrrgGgrrrgggGrGr,24341.0
24345,4,rrrgGgrrrgggrrrr,24346.0
24350,6,rrrrrGrrrrGGrrrr,24354.0
24355,7,rrrrryrrrryyrrrr,24357.0
24360,0,gGgrrrGggrrrrGrG,24362.0
24365,1,gGgrrrGggrrrrrrr,24367.0
24370,3,rrrgGgrrrgggGrGr,24375.0
24375,4,rrrgGgrrrgggrrrr,24380.0
24380,5,rrryygrrryggrrrr,24383.0
24385,6,rrrrrGrrrrGGrrrr,24388.0
24390,7,rrrrryrrrryyrrrr,24391.0
24395,0,gGgrrrGggrrrrGrG,24396.0
24400,1,gGgrrrGggrrrrrrr,24401.0
24405,3,rrrgGgrrrgggGrGr,24409.0
24410,4,rrrgGgrrrgggrrrr,24414.0
24415,5,rrryygrrryggrrrr,24417.0
24420,6,rrrrrGrrrrGGrrrr,24422.0
24425,0,gGgrrrGggrrrrGrG,24430.0
24430,1,gGgrrrGggrrrrrrr,24435.0
24435,2,yyyrrryyyrrrrrrr,24438.0
24440,3,rrrgGgrrrgggGrGr,24443.0
24445,4,rrrgGgrrrgggrrrr,24448.0
24450,5,rrryygrrryggrrrr,24451.0
24455,6,rrrrrGrrrrGGrrrr,24456.0
24460,0,gGgrrrGggrrrrGrG,24464.0
24465,1,gGgrrrGggrrrrrrr,24469.0
24470,2,yyyrrryyyrrrrrrr,24472.0
24475,3,rrrgGgrrrgggGrGr,24477.0
24480,4,rrrgGgrrrgggrrrr,24482.0
24485,6,rrrrrGrrrrGGrrrr,24490.0
24490,7,rrrrryrrrryyrrrr,24493.0
24495,0,gGgrrrGggrrrrGrG,24498.0
24500,1,gGgrrrGggrrrrrrr,24503.0
24505,2,yyyrrryyyrrrrrrr,24506.0
24510,3,rrrgGgrrrgggGrGr,24511.0
24515,4,rrrgGgrrrgggrrrr,24516.0
24520,6,rrrrrGrrrrGGrrrr,24524.0
24525,7,rrrrryrrrryyrrrr,24527.0
24530,0,gGgrrrGggrrrrGrG,24532.0
24535,1,gGgrrrGggrrrrrrr,24537.0
24540,3,rrrgGgrrrgggGrGr,24545.0
24545,4,rrrgGgrrrgggrrrr,24550.0
24550,5,rrryygrrryggrrrr,24553.0
24555,6,rrrrrGrrrrGGrrrr,24558.0
24560,7,rrrrryrrrryyrrrr,24561.0
24565,0,gGgrrrGggrrrrGrG,24566.0
24570,1,gGgrrrGggrrrrrrr,24571.0
24575,3,rrrgGgrrrgggGrGr,24579.0
24580,4,rrrgGgrrrgggrrrr,24584.0
24585,5,rrryygrrryggrrrr,24587.0
24590,6,rrrrrGrrrrGGrrrr,24592.0
24595,0,gGgrrrGggrrrrGrG,24600.0
24600,1,gGgrrrGggrrrrrrr,24605.0
24605,2,yyyrrryyyrrrrrrr,24608.0
24610,3,rrrgGgrrrgggGrGr,24613.0
24615,4,rrrgGgrrrgggrrrr,24618.0
24620,5,rrryygrrryggrrrr,24621.0
24625,6,rrrrrGrrrrGGrrrr,24626.0
24630,0,gGgrrrGggrrrrGrG,24634.0
24635,1,gGgrrrGggrrrrrrr,24639.0
24640,2,yyyrrryyyrrrrrrr,24642.0
24645,3,rrrgGgrrrgggGrGr,24647.0
24650,4,rrrgGgrrrgggrrrr,24652.0
24655,6,rrrrrGrrrrGGrrrr,24660.0
24660,7,rrrrryrrrryyrrrr,24663.0
24665,0,gGgrrrGggrrrrGrG,24668.0
24670,1,gGgrrrGggrrrrrrr,24673.0
24675,2,yyyrrryyyrrrrrrr,24676.0
24680,3,rrrgGgrrrgggGrGr,24681.0
24685,4,rrrgGgrrrgggrrrr,24686.0
24690,6,rrrrrGrrrrGGrrrr,24694.0
24695,7,rrrrryrrrryyrrrr,24697.0
24700,0,gGgrrrGggrrrrGrG,24702.0
24705,1,gGgrrrGggrrrrrrr,24707.0
24710,3,rrrgGgrrrgggGrGr,24715.0
24715,4,rrrgGgrrrgggrrrr,24720.0
24720,5,rrryygrrryggrrrr,24723.0
24725,6,rrrrrGrrrrGGrrrr,24728.0
24730,7,rrrrryrrrryyrrrr,24731.0
24735,0,gGgrrrGggrrrrGrG,24736.0
24740,1,gGgrrrGggrrrrrrr,24741.0
24745,3,rrrgGgrrrgggGrGr,24749.0
24750,4,rrrgGgrrrgggrrrr,24754.0
24755,5,rrryygrrryggrrrr,24757.0
24760,6,rrrrrGrrrrGGrrrr,24762.0
24765,0,gGgrrrGggrrrrGrG,24770.0
24770,1,gGgrrrGggrrrrrrr,24775.0
24775,2,yyyrrryyyrrrrrrr,24778.0
24780,3,rrrgGgrrrgggGrGr,24783.0
24785,4,rrrgGgrrrgggrrrr,24788.0
24790,5,rrryygrrryggrrrr,24791.0
24795,6,rrrrrGrrrrGGrrrr,24796.0
24800,0,gGgrrrGggrrrrGrG,24804.0
24805,1,gGgrrrGggrrrrrrr,24809.0
24810,2,yyyrrryyyrrrrrrr,24812.0
24815,3,rrrgGgrrrgggGrGr,24817.0
24820,4,rrrgGgrrrgggrrrr,24822.0
24825,6,rrrrrGrrrrGGrrrr,24830.0
24830,7,rrrrryrrrryyrrrr,24833.0
24835,0,gGgrrrGggrrrrGrG,24838.0
24840,1,gGgrrrGggrrrrrrr,24843.0
24845,2,yyyrrryyyrrrrrrr,24846.0
24850,3,rrrgGgrrrgggGrGr,24851.0
24855,4,rrrgGgrrrgggrrrr,24856.0
24860,6,rrrrrGrrrrGGrrrr,24864.0
24865,7,rrrrryrrrryyrrrr,24867.0
24870,0,gGgrrrGggrrrrGrG,24872.0
24875,1,gGgrrrGggrrrrrrr,24877.0
24880,3,rrrgGgrrrgggGrGr,24885.0
24885,4,rrrgGgrrrgggrrrr,24890.0
24890,5,rrryygrrryggrrrr,24893.0
24895,6,rrrrrGrrrrGGrrrr,24898.0
24900,7,rrrrryrrrryyrrrr,24901.0
24905,0,gGgrrrGggrrrrGrG,24906.0
24910,1,gGgrrrGggrrrrrrr,24911.0
24915,3,rrrgGgrrrgggGrGr,24919.0
24920,4,rrrgGgrrrgggrrrr,24924.0
24925,5,rrryygrrryggrrrr,24927.0
24930,6,rrrrrGrrrrGGrrrr,24932.0
24935,0,gGgrrrGggrrrrGrG,24940.0
24940,1,gGgrrrGggrrrrrrr,24945.0
24945,2,yyyrrryyyrrrrrrr,24948.0
24950,3,rrrgGgrrrgggGrGr,24953.0
24955,4,rrrgGgrrrgggrrrr,24958.0
24960,5,rrryygrrryggrrrr,24961.0
24965,6,rrrrrGrrrrGGrrrr,24966.0
24970,0,gGgrrrGggrrrrGrG,24974.0
24975,1,gGgrrrGggrrrrrrr,24979.0
24980,2,yyyrrryyyrrrrrrr,24982.0
24985,3,rrrgGgrrrgggGrGr,24987.0
24990,4,rrrgGgrrrgggrrrr,24992.0
24995,6,rrrrrGrrrrGGrrrr,25000.0
25000,7,rrrrryrrrryyrrrr,25003.0
25005,0,gGgrrrGggrrrrGrG,25008.0
25010,1,gGgrrrGggrrrrrrr,25013.0
25015,2,yyyrrryyyrrrrrrr,25016.0
25020,3,rrrgGgrrrgggGrGr,25021.0
25025,4,rrrgGgrrrgggrrrr,25026.0
25030,6,rrrrrGrrrrGGrrrr,25034.0
25035,7,rrrrryrrrryyrrrr,25037.0
25040,0,gGgrrrGggrrrrGrG,25042.0
25045,1,gGgrrrGggrrrrrrr,25047.0
25050,3,rrrgGgrrrgggGrGr,25055.0
25055,4,rrrgGgrrrgggrrrr,25060.0
25060,5,rrryygrrryggrrrr,25063.0
25065,6,rrrrrGrrrrGGrrrr,25068.0
25070,7,rrrrryrrrryyrrrr,25071.0
25075,0,gGgrrrGggrrrrGrG,25076.0
25080,1,gGgrrrGggrrrrrrr,25081.0
25085,3,rrrgGgrrrgggGrGr,25089.0
25090,4,rrrgGgrrrgggrrrr,25094.0
25095,5,rrryygrrryggrrrr,25097.0
25100,6,rrrrrGrrrrGGrrrr,25102.0
25105,0,gGgrrrGggrrrrGrG,25110.0
25110,1,gGgrrrGggrrrrrrr,25115.0
25115,2,yyyrrryyyrrrrrrr,25118.0
25120,3,rrrgGgrrrgggGrGr,25123.0
25125,4,rrrgGgrrrgggrrrr,25128.0
25130,5,rrryygrrryggrrrr,25131.0
25135,6,rrrrrGrrrrGGrrrr,25136.0
25140,0,gGgrrrGggrrrrGrG,25144.0
25145,1,gGgrrrGggrrrrrrr,25149.0
25150,2,yyyrrryyyrrrrrrr,25152.0
25155,3,rrrgGgrrrgggGrGr,25157.0
25160,4,rrrgGgrrrgggrrrr,25162.0
25165,6,rrrrrGrrrrGGrrrr,25170.0
25170,7,rrrrryrrrryyrrrr,25173.0
25175,0,gGgrrrGggrrrrGrG,25178.0
25180,1,gGgrrrGggrrrrrrr,25183.0
25185,2,yyyrrryyyrrrrrrr,25186.0
25190,3,rrrgGgrrrgggGrGr,25191.0
25195,4,rrrgGgrrrgggrrrr,25196.0
25200,6,rrrrrGrrrrGGrrrr,25204.0
25205,7,rrrrryrrrryyrrrr,25207.0
25210,0,gGgrrrGggrrrrGrG,25212.0
25215,1,gGgrrrGggrrrrrrr,25217.0
25220,3,rrrgGgrrrgggGrGr,25225.0
25225,4,rrrgGgrrrgggrrrr,25230.0
25230,5,rrryygrrryggrrrr,25233.0
25235,6,rrrrrGrrrrGGrrrr,25238.0
25240,7,rrrrryrrrryyrrrr,25241.0
25245,0,gGgrrrGggrrrrGrG,25246.0
25250,1,gGgrrrGggrrrrrrr,25251.0
25255,3,rrrgGgrrrgggGrGr,25259.0
25260,4,rrrgGgrrrgggrrrr,25264.0
25265,5,rrryygrrryggrrrr,25267.0
25270,6,rrrrrGrrrrGGrrrr,25272.0
25275,0,gGgrrrGggrrrrGrG,25280.0
25280,1,gGgrrrGggrrrrrrr,25285.0
25285,2,yyyrrryyyrrrrrrr,25288.0
25290,3,rrrgGgrrrgggGrGr,25293.0
25295,4,rrrgGgrrrgggrrrr,25298.0
25300,5,rrryygrrryggrrrr,25301.0
25305,6,rrrrrGrrrrGGrrrr,25306.0
25310,0,gGgrrrGggrrrrGrG,25314.0
25315,1,gGgrrrGggrrrrrrr,25319.0
25320,2,yyyrrryyyrrrrrrr,25322.0
25325,3,rrrgGgrrrgggGrGr,25327.0
25330,4,rrrgGgrrrgggrrrr,25332.0
25335,6,rrrrrGrrrrGGrrrr,25340.0
25340,7,rrrrryrrrryyrrrr,25343.0
25345,0,gGgrrrGggrrrrGrG,25348.0
25350,1,gGgrrrGggrrrrrrr,25353.0
25355,2,yyyrrryyyrrrrrrr,25356.0
25360,3,rrrgGgrrrgggGrGr,25361.0
25365,4,rrrgGgrrrgggrrrr,25366.0
25370,6,rrrrrGrrrrGGrrrr,25374.0
25375,7,rrrrryrrrryyrrrr,25377.0
25380,0,gGgrrrGggrrrrGrG,25382.0
25385,1,gGgrrrGggrrrrrrr,25387.0
25390,3,rrrgGgrrrgggGrGr,25395.0
25395,4,rrrgGgrrrgggrrrr,25400.0
25400,5,rrryygrrryggrrrr,25403.0
25405,6,rrrrrGrrrrGGrrrr,25408.0
25410,7,rrrrryrrrryyrrrr,25411.0
25415,0,gGgrrrGggrrrrGrG,25416.0
25420,1,gGgrrrGggrrrrrrr,25421.0
25425,3,rrrgGgrrrgggGrGr,25429.0
25430,4,rrrgGgrrrgggrrrr,25434.0
25435,5,rrryygrrryggrrrr,25437.0
25440,6,rrrrrGrrrrGGrrrr,25442.0
25445,0,gGgrrrGggrrrrGrG,25450.0
25450,1,gGgrrrGggrrrrrrr,25455.0
25455,2,yyyrrryyyrrrrrrr,25458.0
25460,3,rrrgGgrrrgggGrGr,25463.0
25465,4,rrrgGgrrrgggrrrr,25468.0
25470,5,rrryygrrryggrrrr,25471.0
25475,6,rrrrrGrrrrGGrrrr,25476.0
25480,0,gGgrrrGggrrrrGrG,25484.0
25485,1,gGgrrrGggrrrrrrr,25489.0
25490,2,yyyrrryyyrrrrrrr,25492.0
25495,3,rrrgGgrrrgggGrGr,25497.0
25500,4,rrrgGgrrrgggrrrr,25502.0
25505,6,rrrrrGrrrrGGrrrr,25510.0
25510,7,rrrrryrrrryyrrrr,25513.0
25515,0,gGgrrrGggrrrrGrG,25518.0
25520,1,gGgrrrGggrrrrrrr,25523.0
25525,2,yyyrrryyyrrrrrrr,25526.0
25530,3,rrrgGgrrrgggGrGr,25531.0
25535,4,rrrgGgrrrgggrrrr,25536.0
25540,6,rrrrrGrrrrGGrrrr,25544.0
25545,7,rrrrryrrrryyrrrr,25547.0
25550,0,gGgrrrGggrrrrGrG,25552.0
25555,1,gGgrrrGggrrrrrrr,25557.0
25560,3,rrrgGgrrrgggGrGr,25565.0
25565,4,rrrgGgrrrgggrrrr,25570.0
25570,5,rrryygrrryggrrrr,25573.0
25575,6,rrrrrGrrrrGGrrrr,25578.0
25580,7,rrrrryrrrryyrrrr,25581.0
25585,0,gGgrrrGggrrrrGrG,25586.0
25590,1,gGgrrrGggrrrrrrr,25591.0
25595,3,rrrgGgrrrgggGrGr,25599.0
25600,4,rrrgGgrrrgggrrrr,25604.0
25605,5,rrryygrrryggrrrr,25607.0
25610,6,rrrrrGrrrrGGrrrr,25612.0
25615,0,gGgrrrGggrrrrGrG,25620.0
25620,1,gGgrrrGggrrrrrrr,25625.0
25625,2,yyyrrryyyrrrrrrr,25628.0
25630,3,rrrgGgrrrgggGrGr,25633.0
25635,4,rrrgGgrrrgggrrrr,25638.0
25640,5,rrryygrrryggrrrr,25641.0
25645,6,rrrrrGrrrrGGrrrr,25646.0
25650,0,gGgrrrGggrrrrGrG,25654.0
25655,1,gGgrrrGggrrrrrrr,25659.0
25660,2,yyyrrryyyrrrrrrr,25662.0
25665,3,rrrgGgrrrgggGrGr,25667.0
25670,4,rrrgGgrrrgggrrrr,25672.0
25675,6,rrrrrGrrrrGGrrrr,25680.0
25680,7,rrrrryrrrryyrrrr,25683.0
25685,0,gGgrrrGggrrrrGrG,25688.0
25690,1,gGgrrrGggrrrrrrr,25693.0
25695,2,yyyrrryyyrrrrrrr,25696.0
25700,3,rrrgGgrrrgggGrGr,25701.0
25705,4,rrrgGgrrrgggrrrr,25706.0
25710,6,rrrrrGrrrrGGrrrr,25714.0
25715,7,rrrrryrrrryyrrrr,25717.0
25720,0,gGgrrrGggrrrrGrG,25722.0
25725,1,gGgrrrGggrrrrrrr,25727.0
25730,3,rrrgGgrrrgggGrGr,25735.0
25735,4,rrrgGgrrrgggrrrr,25740.0
25740,5,rrryygrrryggrrrr,25743.0
25745,6,rrrrrGrrrrGGrrrr,25748.0
25750,7,rrrrryrrrryyrrrr,25751.0
25755,0,gGgrrrGggrrrrGrG,25756.0
25760,1,gGgrrrGggrrrrrrr,25761.0
25765,3,rrrgGgrrrgggGrGr,25769.0
25770,4,rrrgGgrrrgggrrrr,25774.0
25775,5,rrryygrrryggrrrr,25777.0
25780,6,rrrrrGrrrrGGrrrr,25782.0
25785,0,gGgrrrGggrrrrGrG,25790.0
25790,1,gGgrrrGggrrrrrrr,25795.0
25795,2,yyyrrryyyrrrrrrr,25798.0
25800,3,rrrgGgrrrgggGrGr,25803.0
25805,4,rrrgGgrrrgggrrrr,25808.0
25810,5,rrryygrrryggrrrr,25811.0
25815,6,rrrrrGrrrrGGrrrr,25816.0
25820,0,gGgrrrGggrrrrGrG,25824.0
25825,1,gGgrrrGggrrrrrrr,25829.0
25830,2,yyyrrryyyrrrrrrr,25832.0
25835,3,rrrgGgrrrgggGrGr,25837.0
25840,4,rrrgGgrrrgggrrrr,25842.0
25845,6,rrrrrGrrrrGGrrrr,25850.0
25850,7,rrrrryrrrryyrrrr,25853.0
25855,0,gGgrrrGggrrrrGrG,25858.0
25860,1,gGgrrrGggrrrrrrr,25863.0
25865,2,yyyrrryyyrrrrrrr,25866.0
25870,3,rrrgGgrrrgggGrGr,25871.0
25875,4,rrrgGgrrrgggrrrr,25876.0
25880,6,rrrrrGrrrrGGrrrr,25884.0
25885,7,rrrrryrrrryyrrrr,25887.0
25890,0,gGgrrrGggrrrrGrG,25892.0
25895,1,gGgrrrGggrrrrrrr,25897.0
25900,3,rrrgGgrrrgggGrGr,25905.0
25905,4,rrrgGgrrrgggrrrr,25910.0
25910,5,rrryygrrryggrrrr,25913.0
25915,6,rrrrrGrrrrGGrrrr,25918.0
25920,7,rrrrryrrrryyrrrr,25921.0
25925,0,gGgrrrGggrrrrGrG,25926.0
25930,1,gGgrrrGggrrrrrrr,25931.0
25935,3,rrrgGgrrrgggGrGr,25939.0
25940,4,rrrgGgrrrgggrrrr,25944.0
25945,5,rrryygrrryggrrrr,25947.0
25950,6,rrrrrGrrrrGGrrrr,25952.0
25955,0,gGgrrrGggrrrrGrG,25960.0
25960,1,gGgrrrGggrrrrrrr,25965.0
25965,2,yyyrrryyyrrrrrrr,25968.0
25970,3,rrrgGgrrrgggGrGr,25973.0
25975,4,rrrgGgrrrgggrrrr,25978.0
25980,5,rrryygrrryggrrrr,25981.0
25985,6,rrrrrGrrrrGGrrrr,25986.0
25990,0,gGgrrrGggrrrrGrG,25994.0
25995,1,gGgrrrGggrrrrrrr,25999.0
26000,2,yyyrrryyyrrrrrrr,26002.0
26005,3,rrrgGgrrrgggGrGr,26007.0
26010,4,rrrgGgrrrgggrrrr,26012.0
26015,6,rrrrrGrrrrGGrrrr,26020.0
26020,7,rrrrryrrrryyrrrr,26023.0
26025,0,gGgrrrGggrrrrGrG,26028.0
26030,1,gGgrrrGggrrrrrrr,26033.0
26035,2,yyyrrryyyrrrrrrr,26036.0
26040,3,rrrgGgrrrgggGrGr,26041.0
26045,4,rrrgGgrrrgggrrrr,26046.0
26050,6,rrrrrGrrrrGGrrrr,26054.0
26055,7,rrrrryrrrryyrrrr,26057.0
26060,0,gGgrrrGggrrrrGrG,26062.0
26065,1,gGgrrrGggrrrrrrr,26067.0
26070,3,rrrgGgrrrgggGrGr,26075.0
26075,4,rrrgGgrrrgggrrrr,26080.0
26080,5,rrryygrrryggrrrr,26083.0
26085,6,rrrrrGrrrrGGrrrr,26088.0
26090,7,rrrrryrrrryyrrrr,26091.0
26095,0,gGgrrrGggrrrrGrG,26096.0
26100,1,gGgrrrGggrrrrrrr,26101.0
26105,3,rrrgGgrrrgggGrGr,26109.0
26110,4,rrrgGgrrrgggrrrr,26114.0
26115,5,rrryygrrryggrrrr,26117.0
26120,6,rrrrrGrrrrGGrrrr,26122.0
26125,0,gGgrrrGggrrrrGrG,26130.0
26130,1,gGgrrrGggrrrrrrr,26135.0
26135,2,yyyrrryyyrrrrrrr,26138.0
26140,3,rrrgGgrrrgggGrGr,26143.0
26145,4,rrrgGgrrrgggrrrr,26148.0
26150,5,rrryygrrryggrrrr,26151.0
26155,6,rrrrrGrrrrGGrrrr,26156.0
26160,0,gGgrrrGggrrrrGrG,26164.0
26165,1,gGgrrrGggrrrrrrr,26169.0
26170,2,yyyrrryyyrrrrrrr,26172.0
26175,3,rrrgGgrrrgggGrGr,26177.0
26180,4,rrrgGgrrrgggrrrr,26182.0
26185,6,rrrrrGrrrrGGrrrr,26190.0
26190,7,rrrrryrrrryyrrrr,26193.0
26195,0,gGgrrrGggrrrrGrG,26198.0
26200,1,gGgrrrGggrrrrrrr,26203.0
26205,2,yyyrrryyyrrrrrrr,26206.0
26210,3,rrrgGgrrrgggGrGr,26211.0
26215,4,rrrgGgrrrgggrrrr,26216.0
26220,6,rrrrrGrrrrGGrrrr,26224.0
26225,7,rrrrryrrrryyrrrr,26227.0
26230,0,gGgrrrGggrrrrGrG,26232.0
26235,1,gGgrrrGggrrrrrrr,26237.0
26240,3,rrrgGgrrrgggGrGr,26245.0
26245,4,rrrgGgrrrgggrrrr,26250.0
26250,5,rrryygrrryggrrrr,26253.0
26255,6,rrrrrGrrrrGGrrrr,26258.0
26260,7,rrrrryrrrryyrrrr,26261.0
26265,0,gGgrrrGggrrrrGrG,26266.0
26270,1,gGgrrrGggrrrrrrr,26271.0
26275,3,rrrgGgrrrgggGrGr,26279.0
26280,4,rrrgGgrrrgggrrrr,26284.0
26285,5,rrryygrrryggrrrr,26287.0
26290,6,rrrrrGrrrrGGrrrr,26292.0
26295,0,gGgrrrGggrrrrGrG,26300.0
26300,1,gGgrrrGggrrrrrrr,26305.0
26305,2,yyyrrryyyrrrrrrr,26308.0
26310,3,rrrgGgrrrgggGrGr,26313.0
26315,4,rrrgGgrrrgggrrrr,26318.0
26320,5,rrryygrrryggrrrr,26321.0
26325,6,rrrrrGrrrrGGrrrr,26326.0
26330,0,gGgrrrGggrrrrGrG,26334.0
26335,1,gGgrrrGggrrrrrrr,26339.0
26340,2,yyyrrryyyrrrrrrr,26342.0
26345,3,rrrgGgrrrgggGrGr,26347.0
26350,4,rrrgGgrrrgggrrrr,26352.0
26355,6,rrrrrGrrrrGGrrrr,26360.0
26360,7,rrrrryrrrryyrrrr,26363.0
26365,0,gGgrrrGggrrrrGrG,26368.0
26370,1,gGgrrrGggrrrrrrr,26373.0
26375,2,yyyrrryyyrrrrrrr,26376.0
26380,3,rrrgGgrrrgggGrGr,26381.0
26385,4,rrrgGgrrrgggrrrr,26386.0
26390,6,rrrrrGrrrrGGrrrr,26394.0
26395,7,rrrrryrrrryyrrrr,26397.0
26400,0,gGgrrrGggrrrrGrG,26402.0
26405,1,gGgrrrGggrrrrrrr,26407.0
26410,3,rrrgGgrrrgggGrGr,26415.0
26415,4,rrrgGgrrrgggrrrr,26420.0
26420,5,rrryygrrryggrrrr,26423.0
26425,6,rrrrrGrrrrGGrrrr,26428.0
26430,7,rrrrryrrrryyrrrr,26431.0
26435,0,gGgrrrGggrrrrGrG,26436.0
26440,1,gGgrrrGggrrrrrrr,26441.0
26445,3,rrrgGgrrrgggGrGr,26449.0
26450,4,rrrgGgrrrgggrrrr,26454.0
26455,5,rrryygrrryggrrrr,26457.0
26460,6,rrrrrGrrrrGGrrrr,26462.0
26465,0,gGgrrrGggrrrrGrG,26470.0
26470,1,gGgrrrGggrrrrrrr,26475.0
26475,2,yyyrrryyyrrrrrrr,26478.0
26480,3,rrrgGgrrrgggGrGr,26483.0
26485,4,rrrgGgrrrgggrrrr,26488.0
26490,5,rrryygrrryggrrrr,26491.0
26495,6,rrrrrGrrrrGGrrrr,26496.0
26500,0,gGgrrrGggrrrrGrG,26504.0
26505,1,gGgrrrGggrrrrrrr,26509.0
26510,2,yyyrrryyyrrrrrrr,26512.0
26515,3,rrrgGgrrrgggGrGr,26517.0
26520,4,rrrgGgrrrgggrrrr,26522.0
26525,6,rrrrrGrrrrGGrrrr,26530.0
26530,7,rrrrryrrrryyrrrr,26533.0
26535,0,gGgrrrGggrrrrGrG,26538.0
26540,1,gGgrrrGggrrrrrrr,26543.0
26545,2,yyyrrryyyrrrrrrr,26546.0
26550,3,rrrgGgrrrgggGrGr,26551.0
26555,4,rrrgGgrrrgggrrrr,26556.0
26560,6,rrrrrGrrrrGGrrrr,26564.0
26565,7,rrrrryrrrryyrrrr,26567.0
26570,0,gGgrrrGggrrrrGrG,26572.0
26575,1,gGgrrrGggrrrrrrr,26577.0
26580,3,rrrgGgrrrgggGrGr,26585.0
26585,4,rrrgGgrrrgggrrrr,26590.0
26590,5,rrryygrrryggrrrr,26593.0
26595,6,rrrrrGrrrrGGrrrr,26598.0
26600,7,rrrrryrrrryyrrrr,26601.0
26605,0,gGgrrrGggrrrrGrG,26606.0
26610,1,gGgrrrGggrrrrrrr,26611.0
26615,3,rrrgGgrrrgggGrGr,26619.0
26620,4,rrrgGgrrrgggrrrr,26624.0
26625,5,rrryygrrryggrrrr,26627.0
26630,6,rrrrrGrrrrGGrrrr,26632.0
26635,0,gGgrrrGggrrrrGrG,26640.0
26640,1,gGgrrrGggrrrrrrr,26645.0
26645,2,yyyrrryyyrrrrrrr,26648.0
26650,3,rrrgGgrrrgggGrGr,26653.0
26655,4,rrrgGgrrrgggrrrr,26658.0
26660,5,rrryygrrryggrrrr,26661.0
26665,6,rrrrrGrrrrGGrrrr,26666.0
26670,0,gGgrrrGggrrrrGrG,26674.0
26675,1,gGgrrrGggrrrrrrr,26679.0
26680,2,yyyrrryyyrrrrrrr,26682.0
26685,3,rrrgGgrrrgggGrGr,26687.0
26690,4,rrrgGgrrrgggrrrr,26692.0
26695,6,rrrrrGrrrrGGrrrr,26700.0
26700,7,rrrrryrrrryyrrrr,26703.0
26705,0,gGgrrrGggrrrrGrG,26708.0
26710,1,gGgrrrGggrrrrrrr,26713.0
26715,2,yyyrrryyyrrrrrrr,26716.0
26720,3,rrrgGgrrrgggGrGr,26721.0
26725,4,rrrgGgrrrgggrrrr,26726.0
26730,6,rrrrrGrrrrGGrrrr,26734.0
26735,7,rrrrryrrrryyrrrr,26737.0
26740,0,gGgrrrGggrrrrGrG,26742.0
26745,1,gGgrrrGggrrrrrrr,26747.0
26750,3,rrrgGgrrrgggGrGr,26755.0
26755,4,rrrgGgrrrgggrrrr,26760.0
26760,5,rrryygrrryggrrrr,26763.0
26765,6,rrrrrGrrrrGGrrrr,26768.0
26770,7,rrrrryrrrryyrrrr,26771.0
26775,0,gGgrrrGggrrrrGrG,26776.0
26780,1,gGgrrrGggrrrrrrr,26781.0
26785,3,rrrgGgrrrgggGrGr,26789.0
26790,4,rrrgGgrrrgggrrrr,26794.0
26795,5,rrryygrrryggrrrr,26797.0
26800,6,rrrrrGrrrrGGrrrr,26802.0
26805,0,gGgrrrGggrrrrGrG,26810.0
26810,1,gGgrrrGggrrrrrrr,26815.0
26815,2,yyyrrryyyrrrrrrr,26818.0
26820,3,rrrgGgrrrgggGrGr,26823.0
26825,4,rrrgGgrrrgggrrrr,26828.0
26830,5,rrryygrrryggrrrr,26831.0
26835,6,rrrrrGrrrrGGrrrr,26836.0
26840,0,gGgrrrGggrrrrGrG,26844.0
26845,1,gGgrrrGggrrrrrrr,26849.0
26850,2,yyyrrryyyrrrrrrr,26852.0
26855,3,rrrgGgrrrgggGrGr,26857.0
26860,4,rrrgGgrrrgggrrrr,26862.0
26865,6,rrrrrGrrrrGGrrrr,26870.0
26870,7,rrrrryrrrryyrrrr,26873.0
26875,0,gGgrrrGggrrrrGrG,26878.0
26880,1,gGgrrrGggrrrrrrr,26883.0
26885,2,yyyrrryyyrrrrrrr,26886.0
26890,3,rrrgGgrrrgggGrGr,26891.0
26895,4,rrrgGgrrrgggrrrr,26896.0
26900,6,rrrrrGrrrrGGrrrr,26904.0
26905,7,rrrrryrrrryyrrrr,26907.0
26910,0,gGgrrrGggrrrrGrG,26912.0
26915,1,gGgrrrGggrrrrrrr,26917.0
26920,3,rrrgGgrrrgggGrGr,26925.0
26925,4,rrrgGgrrrgggrrrr,26930.0
26930,5,rrryygrrryggrrrr,26933.0
26935,6,rrrrrGrrrrGGrrrr,26938.0
26940,7,rrrrryrrrryyrrrr,26941.0
26945,0,gGgrrrGggrrrrGrG,26946.0
26950,1,gGgrrrGggrrrrrrr,26951.0
26955,3,rrrgGgrrrgggGrGr,26959.0
26960,4,rrrgGgrrrgggrrrr,26964.0
26965,5,rrryygrrryggrrrr,26967.0
26970,6,rrrrrGrrrrGGrrrr,26972.0
26975,0,gGgrrrGggrrrrGrG,26980.0
26980,1,gGgrrrGggrrrrrrr,26985.0
26985,2,yyyrrryyyrrrrrrr,26988.0
26990,3,rrrgGgrrrgggGrGr,26993.0
26995,4,rrrgGgrrrgggrrrr,26998.0
27000,5,rrryygrrryggrrrr,27001.0
27005,6,rrrrrGrrrrGGrrrr,27006.0
27010,0,gGgrrrGggrrrrGrG,27014.0
27015,1,gGgrrrGggrrrrrrr,27019.0
27020,2,yyyrrryyyrrrrrrr,27022.0
27025,3,rrrgGgrrrgggGrGr,27027.0
27030,4,rrrgGgrrrgggrrrr,27032.0
27035,6,rrrrrGrrrrGGrrrr,27040.0
27040,7,rrrrryrrrryyrrrr,27043.0
27045,0,gGgrrrGggrrrrGrG,27048.0
27050,1,gGgrrrGggrrrrrrr,27053.0
27055,2,yyyrrryyyrrrrrrr,27056.0
27060,3,rrrgGgrrrgggGrGr,27061.0
27065,4,rrrgGgrrrgggrrrr,27066.0
27070,6,rrrrrGrrrrGGrrrr,27074.0
27075,7,rrrrryrrrryyrrrr,27077.0
27080,0,gGgrrrGggrrrrGrG,27082.0
27085,1,gGgrrrGggrrrrrrr,27087.0
27090,3,rrrgGgrrrgggGrGr,27095.0
27095,4,rrrgGgrrrgggrrrr,27100.0
27100,5,rrryygrrryggrrrr,27103.0
27105,6,rrrrrGrrrrGGrrrr,27108.0
27110,7,rrrrryrrrryyrrrr,27111.0
27115,0,gGgrrrGggrrrrGrG,27116.0
27120,1,gGgrrrGggrrrrrrr,27121.0
27125,3,rrrgGgrrrgggGrGr,27129.0
27130,4,rrrgGgrrrgggrrrr,27134.0
27135,5,rrryygrrryggrrrr,27137.0
27140,6,rrrrrGrrrrGGrrrr,27142.0
27145,0,gGgrrrGggrrrrGrG,27150.0
27150,1,gGgrrrGggrrrrrrr,27155.0
27155,2,yyyrrryyyrrrrrrr,27158.0
27160,3,rrrgGgrrrgggGrGr,27163.0
27165,4,rrrgGgrrrgggrrrr,27168.0
27170,5,rrryygrrryggrrrr,27171.0
27175,6,rrrrrGrrrrGGrrrr,27176.0
27180,0,gGgrrrGggrrrrGrG,27184.0
27185,1,gGgrrrGggrrrrrrr,27189.0
27190,2,yyyrrryyyrrrrrrr,27192.0
27195,3,rrrgGgrrrgggGrGr,27197.0
27200,4,rrrgGgrrrgggrrrr,27202.0
27205,6,rrrrrGrrrrGGrrrr,27210.0
27210,7,rrrrryrrrryyrrrr,27213.0
27215,0,gGgrrrGggrrrrGrG,27218.0
27220,1,gGgrrrGggrrrrrrr,27223.0
27225,2,yyyrrryyyrrrrrrr,27226.0
27230,3,rrrgGgrrrgggGrGr,27231.0
27235,4,rrrgGgrrrgggrrrr,27236.0
27240,6,rrrrrGrrrrGGrrrr,27244.0
27245,7,rrrrryrrrryyrrrr,27247.0
27250,0,gGgrrrGggrrrrGrG,27252.0
27255,1,gGgrrrGggrrrrrrr,27257.0
27260,3,rrrgGgrrrgggGrGr,27265.0
27265,4,rrrgGgrrrgggrrrr,27270.0
27270,5,rrryygrrryggrrrr,27273.0
27275,6,rrrrrGrrrrGGrrrr,27278.0
27280,7,rrrrryrrrryyrrrr,27281.0
27285,0,gGgrrrGggrrrrGrG,27286.0
27290,1,gGgrrrGggrrrrrrr,27291.0
27295,3,rrrgGgrrrgggGrGr,27299.0
27300,4,rrrgGgrrrgggrrrr,27304.0
27305,5,rrryygrrryggrrrr,27307.0
27310,6,rrrrrGrrrrGGrrrr,27312.0
27315,0,gGgrrrGggrrrrGrG,27320.0
27320,1,gGgrrrGggrrrrrrr,27325.0
27325,2,yyyrrryyyrrrrrrr,27328.0
27330,3,rrrgGgrrrgggGrGr,27333.0
27335,4,rrrgGgrrrgggrrrr,27338.0
27340,5,rrryygrrryggrrrr,27341.0
27345,6,rrrrrGrrrrGGrrrr,27346.0
27350,0,gGgrrrGggrrrrGrG,27354.0
27355,1,gGgrrrGggrrrrrrr,27359.0
27360,2,yyyrrryyyrrrrrrr,27362.0
27365,3,rrrgGgrrrgggGrGr,27367.0
27370,4,rrrgGgrrrgggrrrr,27372.0
27375,6,rrrrrGrrrrGGrrrr,27380.0
27380,7,rrrrryrrrryyrrrr,27383.0
27385,0,gGgrrrGggrrrrGrG,27388.0
27390,1,gGgrrrGggrrrrrrr,27393.0
27395,2,yyyrrryyyrrrrrrr,27396.0
27400,3,rrrgGgrrrgggGrGr,27401.0
27405,4,rrrgGgrrrgggrrrr,27406.0
27410,6,rrrrrGrrrrGGrrrr,27414.0
27415,7,rrrrryrrrryyrrrr,27417.0
27420,0,gGgrrrGggrrrrGrG,27422.0
27425,1,gGgrrrGggrrrrrrr,27427.0
27430,3,rrrgGgrrrgggGrGr,27435.0
27435,4,rrrgGgrrrgggrrrr,27440.0
27440,5,rrryygrrryggrrrr,27443.0
27445,6,rrrrrGrrrrGGrrrr,27448.0
27450,7,rrrrryrrrryyrrrr,27451.0
27455,0,gGgrrrGggrrrrGrG,27456.0
27460,1,gGgrrrGggrrrrrrr,27461.0
27465,3,rrrgGgrrrgggGrGr,27469.0
27470,4,rrrgGgrrrgggrrrr,27474.0
27475,5,rrryygrrryggrrrr,27477.0
27480,6,rrrrrGrrrrGGrrrr,27482.0
27485,0,gGgrrrGggrrrrGrG,27490.0
27490,1,gGgrrrGggrrrrrrr,27495.0
27495,2,yyyrrryyyrrrrrrr,27498.0
27500,3,rrrgGgrrrgggGrGr,27503.0
27505,4,rrrgGgrrrgggrrrr,27508.0
27510,5,rrryygrrryggrrrr,27511.0
27515,6,rrrrrGrrrrGGrrrr,27516.0
27520,0,gGgrrrGggrrrrGrG,27524.0
27525,1,gGgrrrGggrrrrrrr,27529.0
27530,2,yyyrrryyyrrrrrrr,27532.0
27535,3,rrrgGgrrrgggGrGr,27537.0
27540,4,rrrgGgrrrgggrrrr,27542.0
27545,6,rrrrrGrrrrGGrrrr,27550.0
27550,7,rrrrryrrrryyrrrr,27553.0
27555,0,gGgrrrGggrrrrGrG,27558.0
27560,1,gGgrrrGggrrrrrrr,27563.0
27565,2,yyyrrryyyrrrrrrr,27566.0
27570,3,rrrgGgrrrgggGrGr,27571.0
27575,4,rrrgGgrrrgggrrrr,27576.0
27580,6,rrrrrGrrrrGGrrrr,27584.0
27585,7,rrrrryrrrryyrrrr,27587.0
27590,0,gGgrrrGggrrrrGrG,27592.0
27595,1,gGgrrrGggrrrrrrr,27597.0
27600,3,rrrgGgrrrgggGrGr,27605.0
27605,4,rrrgGgrrrgggrrrr,27610.0
27610,5,rrryygrrryggrrrr,27613.0
27615,6,rrrrrGrrrrGGrrrr,27618.0
27620,7,rrrrryrrrryyrrrr,27621.0
27625,0,gGgrrrGggrrrrGrG,27626.0
27630,1,gGgrrrGggrrrrrrr,27631.0
27635,3,rrrgGgrrrgggGrGr,27639.0
27640,4,rrrgGgrrrgggrrrr,27644.0
27645,5,rrryygrrryggrrrr,27647.0
27650,6,rrrrrGrrrrGGrrrr,27652.0
27655,0,gGgrrrGggrrrrGrG,27660.0
27660,1,gGgrrrGggrrrrrrr,27665.0
27665,2,yyyrrryyyrrrrrrr,27668.0
27670,3,rrrgGgrrrgggGrGr,27673.0
27675,4,rrrgGgrrrgggrrrr,27678.0
27680,5,rrryygrrryggrrrr,27681.0
27685,6,rrrrrGrrrrGGrrrr,27686.0
27690,0,gGgrrrGggrrrrGrG,27694.0
27695,1,gGgrrrGggrrrrrrr,27699.0
27700,2,yyyrrryyyrrrrrrr,27702.0
27705,3,rrrgGgrrrgggGrGr,27707.0
27710,4,rrrgGgrrrgggrrrr,27712.0
27715,6,rrrrrGrrrrGGrrrr,27720.0
27720,7,rrrrryrrrryyrrrr,27723.0
27725,0,gGgrrrGggrrrrGrG,27728.0
27730,1,gGgrrrGggrrrrrrr,27733.0
27735,2,yyyrrryyyrrrrrrr,27736.0
27740,3,rrrgGgrrrgggGrGr,27741.0
27745,4,rrrgGgrrrgggrrrr,27746.0
27750,6,rrrrrGrrrrGGrrrr,27754.0
27755,7,rrrrryrrrryyrrrr,27757.0
27760,0,gGgrrrGggrrrrGrG,27762.0
27765,1,gGgrrrGggrrrrrrr,27767.0
27770,3,rrrgGgrrrgggGrGr,27775.0
27775,4,rrrgGgrrrgggrrrr,27780.0
27780,5,rrryygrrryggrrrr,27783.0
27785,6,rrrrrGrrrrGGrrrr,27788.0
27790,7,rrrrryrrrryyrrrr,27791.0
27795,0,gGgrrrGggrrrrGrG,27796.0
27800,1,gGgrrrGggrrrrrrr,27801.0
27805,3,rrrgGgrrrgggGrGr,27809.0
27810,4,rrrgGgrrrgggrrrr,27814.0
27815,5,rrryygrrryggrrrr,27817.0
27820,6,rrrrrGrrrrGGrrrr,27822.0
27825,0,gGgrrrGggrrrrGrG,27830.0
27830,1,gGgrrrGggrrrrrrr,27835.0
27835,2,yyyrrryyyrrrrrrr,27838.0
27840,3,rrrgGgrrrgggGrGr,27843.0
27845,4,rrrgGgrrrgggrrrr,27848.0
27850,5,rrryygrrryggrrrr,27851.0
27855,6,rrrrrGrrrrGGrrrr,27856.0
27860,0,gGgrrrGggrrrrGrG,27864.0
27865,1,gGgrrrGggrrrrrrr,27869.0
27870,2,yyyrrryyyrrrrrrr,27872.0
27875,3,rrrgGgrrrgggGrGr,27877.0
27880,4,rrrgGgrrrgggrrrr,27882.0
27885,6,rrrrrGrrrrGGrrrr,27890.0
27890,7,rrrrryrrrryyrrrr,27893.0
27895,0,gGgrrrGggrrrrGrG,27898.0
27900,1,gGgrrrGggrrrrrrr,27903.0
27905,2,yyyrrryyyrrrrrrr,27906.0
27910,3,rrrgGgrrrgggGrGr,27911.0
27915,4,rrrgGgrrrgggrrrr,27916.0
27920,6,rrrrrGrrrrGGrrrr,27924.0
27925,7,rrrrryrrrryyrrrr,27927.0
27930,0,gGgrrrGggrrrrGrG,27932.0
27935,1,gGgrrrGggrrrrrrr,27937.0
27940,3,rrrgGgrrrgggGrGr,27945.0
27945,4,rrrgGgrrrgggrrrr,27950.0
27950,5,rrryygrrryggrrrr,27953.0
27955,6,rrrrrGrrrrGGrrrr,27958.0
27960,7,rrrrryrrrryyrrrr,27961.0
27965,0,gGgrrrGggrrrrGrG,27966.0
27970,1,gGgrrrGggrrrrrrr,27971.0
27975,3,rrrgGgrrrgggGrGr,27979.0
27980,4,rrrgGgrrrgggrrrr,27984.0
27985,5,rrryygrrryggrrrr,27987.0
27990,6,rrrrrGrrrrGGrrrr,27992.0
27995,0,gGgrrrGggrrrrGrG,28000.0
28000,1,gGgrrrGggrrrrrrr,28005.0
28005,2,yyyrrryyyrrrrrrr,28008.0
28010,3,rrrgGgrrrgggGrGr,28013.0
28015,4,rrrgGgrrrgggrrrr,28018.0
28020,5,rrryygrrryggrrrr,28021.0
28025,6,rrrrrGrrrrGGrrrr,28026.0
28030,0,gGgrrrGggrrrrGrG,28034.0
28035,1,gGgrrrGggrrrrrrr,28039.0
28040,2,yyyrrryyyrrrrrrr,28042.0
28045,3,rrrgGgrrrgggGrGr,28047.0
28050,4,rrrgGgrrrgggrrrr,28052.0
28055,6,rrrrrGrrrrGGrrrr,28060.0
28060,7,rrrrryrrrryyrrrr,28063.0
28065,0,gGgrrrGggrrrrGrG,28068.0
28070,1,gGgrrrGggrrrrrrr,28073.0
28075,2,yyyrrryyyrrrrrrr,28076.0
28080,3,rrrgGgrrrgggGrGr,28081.0
28085,4,rrrgGgrrrgggrrrr,28086.0
28090,6,rrrrrGrrrrGGrrrr,28094.0
28095,7,rrrrryrrrryyrrrr,28097.0
28100,0,gGgrrrGggrrrrGrG,28102.0
28105,1,gGgrrrGggrrrrrrr,28107.0
28110,3,rrrgGgrrrgggGrGr,28115.0
28115,4,rrrgGgrrrgggrrrr,28120.0
28120,5,rrryygrrryggrrrr,28123.0
28125,6,rrrrrGrrrrGGrrrr,28128.0
28130,7,rrrrryrrrryyrrrr,28131.0
28135,0,gGgrrrGggrrrrGrG,28136.0
28140,1,gGgrrrGggrrrrrrr,28141.0
28145,3,rrrgGgrrrgggGrGr,28149.0
28150,4,rrrgGgrrrgggrrrr,28154.0
28155,5,rrryygrrryggrrrr,28157.0
28160,6,rrrrrGrrrrGGrrrr,28162.0
28165,0,gGgrrrGggrrrrGrG,28170.0
28170,1,gGgrrrGggrrrrrrr,28175.0
28175,2,yyyrrryyyrrrrrrr,28178.0
28180,3,rrrgGgrrrgggGrGr,28183.0
28185,4,rrrgGgrrrgggrrrr,28188.0
28190,5,rrryygrrryggrrrr,28191.0
28195,6,rrrrrGrrrrGGrrrr,28196.0
28200,0,gGgrrrGggrrrrGrG,28204.0
28205,1,gGgrrrGggrrrrrrr,28209.0
28210,2,yyyrrryyyrrrrrrr,28212.0
28215,3,rrrgGgrrrgggGrGr,28217.0
28220,4,rrrgGgrrrgggrrrr,28222.0
28225,6,rrrrrGrrrrGGrrrr,28230.0
28230,7,rrrrryrrrryyrrrr,28233.0
28235,0,gGgrrrGggrrrrGrG,28238.0
28240,1,gGgrrrGggrrrrrrr,28243.0
28245,2,yyyrrryyyrrrrrrr,28246.0
28250,3,rrrgGgrrrgggGrGr,28251.0
28255,4,rrrgGgrrrgggrrrr,28256.0
28260,6,rrrrrGrrrrGGrrrr,28264.0
28265,7,rrrrryrrrryyrrrr,28267.0
28270,0,gGgrrrGggrrrrGrG,28272.0
28275,1,gGgrrrGggrrrrrrr,28277.0
28280,3,rrrgGgrrrgggGrGr,28285.0
28285,4,rrrgGgrrrgggrrrr,28290.0
28290,5,rrryygrrryggrrrr,28293.0
28295,6,rrrrrGrrrrGGrrrr,28298.0
28300,7,rrrrryrrrryyrrrr,28301.0
28305,0,gGgrrrGggrrrrGrG,28306.0
28310,1,gGgrrrGggrrrrrrr,28311.0
28315,3,rrrgGgrrrgggGrGr,28319.0
28320,4,rrrgGgrrrgggrrrr,28324.0
28325,5,rrryygrrryggrrrr,28327.0
28330,6,rrrrrGrrrrGGrrrr,28332.0
28335,0,gGgrrrGggrrrrGrG,28340.0
28340,1,gGgrrrGggrrrrrrr,28345.0
28345,2,yyyrrryyyrrrrrrr,28348.0
28350,3,rrrgGgrrrgggGrGr,28353.0
28355,4,rrrgGgrrrgggrrrr,28358.0
28360,5,rrryygrrryggrrrr,28361.0
28365,6,rrrrrGrrrrGGrrrr,28366.0
28370,0,gGgrrrGggrrrrGrG,28374.0
28375,1,gGgrrrGggrrrrrrr,28379.0
28380,2,yyyrrryyyrrrrrrr,28382.0
28385,3,rrrgGgrrrgggGrGr,28387.0
28390,4,rrrgGgrrrgggrrrr,28392.0
28395,6,rrrrrGrrrrGGrrrr,28400.0
28400,7,rrrrryrrrryyrrrr,28403.0
28405,0,gGgrrrGggrrrrGrG,28408.0
28410,1,gGgrrrGggrrrrrrr,28413.0
28415,2,yyyrrryyyrrrrrrr,28416.0
28420,3,rrrgGgrrrgggGrGr,28421.0
28425,4,rrrgGgrrrgggrrrr,28426.0
28430,6,rrrrrGrrrrGGrrrr,28434.0
28435,7,rrrrryrrrryyrrrr,28437.0
28440,0,gGgrrrGggrrrrGrG,28442.0
28445,1,gGgrrrGggrrrrrrr,28447.0
28450,3,rrrgGgrrrgggGrGr,28455.0
28455,4,rrrgGgrrrgggrrrr,28460.0
28460,5,rrryygrrryggrrrr,28463.0
28465,6,rrrrrGrrrrGGrrrr,28468.0
28470,7,rrrrryrrrryyrrrr,28471.0
28475,0,gGgrrrGggrrrrGrG,28476.0
28480,1,gGgrrrGggrrrrrrr,28481.0
28485,3,rrrgGgrrrgggGrGr,28489.0
28490,4,rrrgGgrrrgggrrrr,28494.0
28495,5,rrryygrrryggrrrr,28497.0
28500,6,rrrrrGrrrrGGrrrr,28502.0
28505,0,gGgrrrGggrrrrGrG,28510.0
28510,1,gGgrrrGggrrrrrrr,28515.0
28515,2,yyyrrryyyrrrrrrr,28518.0
28520,3,rrrgGgrrrgggGrGr,28523.0
28525,4,rrrgGgrrrgggrrrr,28528.0
28530,5,rrryygrrryggrrrr,28531.0
28535,6,rrrrrGrrrrGGrrrr,28536.0
28540,0,gGgrrrGggrrrrGrG,28544.0
28545,1,gGgrrrGggrrrrrrr,28549.0
28550,2,yyyrrryyyrrrrrrr,28552.0
28555,3,rrrgGgrrrgggGrGr,28557.0
28560,4,rrrgGgrrrgggrrrr,28562.0
28565,6,rrrrrGrrrrGGrrrr,28570.0
28570,7,rrrrryrrrryyrrrr,28573.0
28575,0,gGgrrrGggrrrrGrG,28578.0
28580,1,gGgrrrGggrrrrrrr,28583.0
28585,2,yyyrrryyyrrrrrrr,28586.0
28590,3,rrrgGgrrrgggGrGr,28591.0
28595,4,rrrgGgrrrgggrrrr,28596.0
28600,6,rrrrrGrrrrGGrrrr,28604.0
28605,7,rrrrryrrrryyrrrr,28607.0
28610,0,gGgrrrGggrrrrGrG,28612.0
28615,1,gGgrrrGggrrrrrrr,28617.0
28620,3,rrrgGgrrrgggGrGr,28625.0
28625,4,rrrgGgrrrgggrrrr,28630.0
28630,5,rrryygrrryggrrrr,28633.0
28635,6,rrrrrGrrrrGGrrrr,28638.0
28640,7,rrrrryrrrryyrrrr,28641.0
28645,0,gGgrrrGggrrrrGrG,28646.0
28650,1,gGgrrrGggrrrrrrr,28651.0
28655,3,rrrgGgrrrgggGrGr,28659.0
28660,4,rrrgGgrrrgggrrrr,28664.0
28665,5,rrryygrrryggrrrr,28667.0
28670,6,rrrrrGrrrrGGrrrr,28672.0
28675,0,gGgrrrGggrrrrGrG,28680.0
28680,1,gGgrrrGggrrrrrrr,28685.0
28685,2,yyyrrryyyrrrrrrr,28688.0
28690,3,rrrgGgrrrgggGrGr,28693.0
28695,4,rrrgGgrrrgggrrrr,28698.0
28700,5,rrryygrrryggrrrr,28701.0
28705,6,rrrrrGrrrrGGrrrr,28706.0
28710,0,gGgrrrGggrrrrGrG,28714.0
28715,1,gGgrrrGggrrrrrrr,28719.0
28720,2,yyyrrryyyrrrrrrr,28722.0
28725,3,rrrgGgrrrgggGrGr,28727.0
28730,4,rrrgGgrrrgggrrrr,28732.0
28735,6,rrrrrGrrrrGGrrrr,28740.0
28740,7,rrrrryrrrryyrrrr,28743.0
28745,0,gGgrrrGggrrrrGrG,28748.0
28750,1,gGgrrrGggrrrrrrr,28753.0
28755,2,yyyrrryyyrrrrrrr,28756.0
28760,3,rrrgGgrrrgggGrGr,28761.0
28765,4,rrrgGgrrrgggrrrr,28766.0
28770,6,rrrrrGrrrrGGrrrr,28774.0
28775,7,rrrrryrrrryyrrrr,28777.0
28780,0,gGgrrrGggrrrrGrG,28782.0
28785,1,gGgrrrGggrrrrrrr,28787.0
28790,3,rrrgGgrrrgggGrGr,28795.0
28795,4,rrrgGgrrrgggrrrr,28800.0
28800,5,rrryygrrryggrrrr,28803.0
28805,6,rrrrrGrrrrGGrrrr,28808.0
28810,7,rrrrryrrrryyrrrr,28811.0
28815,0,gGgrrrGggrrrrGrG,28816.0
28820,1,gGgrrrGggrrrrrrr,28821.0
28825,3,rrrgGgrrrgggGrGr,28829.0
28830,4,rrrgGgrrrgggrrrr,28834.0
28835,5,rrryygrrryggrrrr,28837.0
28840,6,rrrrrGrrrrGGrrrr,28842.0
28845,0,gGgrrrGggrrrrGrG,28850.0
28850,1,gGgrrrGggrrrrrrr,28855.0
28855,2,yyyrrryyyrrrrrrr,28858.0
28860,3,rrrgGgrrrgggGrGr,28863.0
28865,4,rrrgGgrrrgggrrrr,28868.0
28870,5,rrryygrrryggrrrr,28871.0
28875,6,rrrrrGrrrrGGrrrr,28876.0
28880,0,gGgrrrGggrrrrGrG,28884.0
28885,1,gGgrrrGggrrrrrrr,28889.0
28890,2,yyyrrryyyrrrrrrr,28892.0
28895,3,rrrgGgrrrgggGrGr,28897.0
28900,4,rrrgGgrrrgggrrrr,28902.0
28905,6,rrrrrGrrrrGGrrrr,28910.0
28910,7,rrrrryrrrryyrrrr,28913.0
28915,0,gGgrrrGggrrrrGrG,28918.0
28920,1,gGgrrrGggrrrrrrr,28923.0
28925,2,yyyrrryyyrrrrrrr,28926.0
28930,3,rrrgGgrrrgggGrGr,28931.0
28935,4,rrrgGgrrrgggrrrr,28936.0
28940,6,rrrrrGrrrrGGrrrr,28944.0
28945,7,rrrrryrrrryyrrrr,28947.0
28950,0,gGgrrrGggrrrrGrG,28952.0
28955,1,gGgrrrGggrrrrrrr,28957.0
28960,3,rrrgGgrrrgggGrGr,28965.0
28965,4,rrrgGgrrrgggrrrr,28970.0
28970,5,rrryygrrryggrrrr,28973.0
28975,6,rrrrrGrrrrGGrrrr,28978.0
28980,7,rrrrryrrrryyrrrr,28981.0
28985,0,gGgrrrGggrrrrGrG,28986.0
28990,1,gGgrrrGggrrrrrrr,28991.0
28995,3,rrrgGgrrrgggGrGr,28999.0
29000,4,rrrgGgrrrgggrrrr,29004.0
29005,5,rrryygrrryggrrrr,29007.0
29010,6,rrrrrGrrrrGGrrrr,29012.0
29015,0,gGgrrrGggrrrrGrG,29020.0
29020,1,gGgrrrGggrrrrrrr,29025.0
29025,2,yyyrrryyyrrrrrrr,29028.0
29030,3,rrrgGgrrrgggGrGr,29033.0
29035,4,rrrgGgrrrgggrrrr,29038.0
29040,5,rrryygrrryggrrrr,29041.0
29045,6,rrrrrGrrrrGGrrrr,29046.0
29050,0,gGgrrrGggrrrrGrG,29054.0
29055,1,gGgrrrGggrrrrrrr,29059.0
29060,2,yyyrrryyyrrrrrrr,29062.0
29065,3,rrrgGgrrrgggGrGr,29067.0
29070,4,rrrgGgrrrgggrrrr,29072.0
29075,6,rrrrrGrrrrGGrrrr,29080.0
29080,7,rrrrryrrrryyrrrr,29083.0
29085,0,gGgrrrGggrrrrGrG,29088.0
29090,1,gGgrrrGggrrrrrrr,29093.0
29095,2,yyyrrryyyrrrrrrr,29096.0
29100,3,rrrgGgrrrgggGrGr,29101.0
29105,4,rrrgGgrrrgggrrrr,29106.0
29110,6,rrrrrGrrrrGGrrrr,29114.0
29115,7,rrrrryrrrryyrrrr,29117.0
29120,0,gGgrrrGggrrrrGrG,29122.0
29125,1,gGgrrrGggrrrrrrr,29127.0
29130,3,rrrgGgrrrgggGrGr,29135.0
29135,4,rrrgGgrrrgggrrrr,29140.0
29140,5,rrryygrrryggrrrr,29143.0
29145,6,rrrrrGrrrrGGrrrr,29148.0
29150,7,rrrrryrrrryyrrrr,29151.0
29155,0,gGgrrrGggrrrrGrG,29156.0
29160,1,gGgrrrGggrrrrrrr,29161.0
29165,3,rrrgGgrrrgggGrGr,29169.0
29170,4,rrrgGgrrrgggrrrr,29174.0
29175,5,rrryygrrryggrrrr,29177.0
29180,6,rrrrrGrrrrGGrrrr,29182.0
29185,0,gGgrrrGggrrrrGrG,29190.0
29190,1,gGgrrrGggrrrrrrr,29195.0
29195,2,yyyrrryyyrrrrrrr,29198.0
29200,3,rrrgGgrrrgggGrGr,29203.0
29205,4,rrrgGgrrrgggrrrr,29208.0
29210,5,rrryygrrryggrrrr,29211.0
29215,6,rrrrrGrrrrGGrrrr,29216.0
29220,0,gGgrrrGggrrrrGrG,29224.0
29225,1,gGgrrrGggrrrrrrr,29229.0
29230,2,yyyrrryyyrrrrrrr,29232.0
29235,3,rrrgGgrrrgggGrGr,29237.0
29240,4,rrrgGgrrrgggrrrr,29242.0
29245,6,rrrrrGrrrrGGrrrr,29250.0
29250,7,rrrrryrrrryyrrrr,29253.0
29255,0,gGgrrrGggrrrrGrG,29258.0
29260,1,gGgrrrGggrrrrrrr,29263.0
29265,2,yyyrrryyyrrrrrrr,29266.0
29270,3,rrrgGgrrrgggGrGr,29271.0
29275,4,rrrgGgrrrgggrrrr,29276.0
29280,6,rrrrrGrrrrGGrrrr,29284.0
29285,7,rrrrryrrrryyrrrr,29287.0
29290,0,gGgrrrGggrrrrGrG,29292.0
29295,1,gGgrrrGggrrrrrrr,29297.0
29300,3,rrrgGgrrrgggGrGr,29305.0
29305,4,rrrgGgrrrgggrrrr,29310.0
29310,5,rrryygrrryggrrrr,29313.0
29315,6,rrrrrGrrrrGGrrrr,29318.0
29320,7,rrrrryrrrryyrrrr,29321.0
29325,0,gGgrrrGggrrrrGrG,29326.0
29330,1,gGgrrrGggrrrrrrr,29331.0
29335,3,rrrgGgrrrgggGrGr,29339.0
29340,4,rrrgGgrrrgggrrrr,29344.0
29345,5,rrryygrrryggrrrr,29347.0
29350,6,rrrrrGrrrrGGrrrr,29352.0
29355,0,gGgrrrGggrrrrGrG,29360.0
29360,1,gGgrrrGggrrrrrrr,29365.0
29365,2,yyyrrryyyrrrrrrr,29368.0
29370,3,rrrgGgrrrgggGrGr,29373.0
29375,4,rrrgGgrrrgggrrrr,29378.0
29380,5,rrryygrrryggrrrr,29381.0
29385,6,rrrrrGrrrrGGrrrr,29386.0
29390,0,gGgrrrGggrrrrGrG,29394.0
29395,1,gGgrrrGggrrrrrrr,29399.0
29400,2,yyyrrryyyrrrrrrr,29402.0
29405,3,rrrgGgrrrgggGrGr,29407.0
29410,4,rrrgGgrrrgggrrrr,29412.0
29415,6,rrrrrGrrrrGGrrrr,29420.0
29420,7,rrrrryrrrryyrrrr,29423.0
29425,0,gGgrrrGggrrrrGrG,29428.0
29430,1,gGgrrrGggrrrrrrr,29433.0
29435,2,yyyrrryyyrrrrrrr,29436.0
29440,3,rrrgGgrrrgggGrGr,29441.0
29445,4,rrrgGgrrrgggrrrr,29446.0
29450,6,rrrrrGrrrrGGrrrr,29454.0
29455,7,rrrrryrrrryyrrrr,29457.0
29460,0,gGgrrrGggrrrrGrG,29462.0
29465,1,gGgrrrGggrrrrrrr,29467.0
29470,3,rrrgGgrrrgggGrGr,29475.0
29475,4,rrrgGgrrrgggrrrr,29480.0
29480,5,rrryygrrryggrrrr,29483.0
29485,6,rrrrrGrrrrGGrrrr,29488.0
29490,7,rrrrryrrrryyrrrr,29491.0
29495,0,gGgrrrGggrrrrGrG,29496.0
29500,1,gGgrrrGggrrrrrrr,29501.0
29505,3,rrrgGgrrrgggGrGr,29509.0
29510,4,rrrgGgrrrgggrrrr,29514.0
29515,5,rrryygrrryggrrrr,29517.0
29520,6,rrrrrGrrrrGGrrrr,29522.0
29525,0,gGgrrrGggrrrrGrG,29530.0
29530,1,gGgrrrGggrrrrrrr,29535.0
29535,2,yyyrrryyyrrrrrrr,29538.0
29540,3,rrrgGgrrrgggGrGr,29543.0
29545,4,rrrgGgrrrgggrrrr,29548.0
29550,5,rrryygrrryggrrrr,29551.0
29555,6,rrrrrGrrrrGGrrrr,29556.0
29560,0,gGgrrrGggrrrrGrG,29564.0
29565,1,gGgrrrGggrrrrrrr,29569.0
29570,2,yyyrrryyyrrrrrrr,29572.0
29575,3,rrrgGgrrrgggGrGr,29577.0
29580,4,rrrgGgrrrgggrrrr,29582.0
29585,6,rrrrrGrrrrGGrrrr,29590.0
29590,7,rrrrryrrrryyrrrr,29593.0
29595,0,gGgrrrGggrrrrGrG,29598.0
29600,1,gGgrrrGggrrrrrrr,29603.0
29605,2,yyyrrryyyrrrrrrr,29606.0
29610,3,rrrgGgrrrgggGrGr,29611.0
29615,4,rrrgGgrrrgggrrrr,29616.0
29620,6,rrrrrGrrrrGGrrrr,29624.0
29625,7,rrrrryrrrryyrrrr,29627.0
29630,0,gGgrrrGggrrrrGrG,29632.0
29635,1,gGgrrrGggrrrrrrr,29637.0
29640,3,rrrgGgrrrgggGrGr,29645.0
29645,4,rrrgGgrrrgggrrrr,29650.0
29650,5,rrryygrrryggrrrr,29653.0
29655,6,rrrrrGrrrrGGrrrr,29658.0
29660,7,rrrrryrrrryyrrrr,29661.0
29665,0,gGgrrrGggrrrrGrG,29666.0
29670,1,gGgrrrGggrrrrrrr,29671.0
29675,3,rrrgGgrrrgggGrGr,29679.0
29680,4,rrrgGgrrrgggrrrr,29684.0
29685,5,rrryygrrryggrrrr,29687.0
29690,6,rrrrrGrrrrGGrrrr,29692.0
29695,0,gGgrrrGggrrrrGrG,29700.0
29700,1,gGgrrrGggrrrrrrr,29705.0
29705,2,yyyrrryyyrrrrrrr,29708.0
29710,3,rrrgGgrrrgggGrGr,29713.0
29715,4,rrrgGgrrrgggrrrr,29718.0
29720,5,rrryygrrryggrrrr,29721.0
29725,6,rrrrrGrrrrGGrrrr,29726.0
29730,0,gGgrrrGggrrrrGrG,29734.0
29735,1,gGgrrrGggrrrrrrr,29739.0
29740,2,yyyrrryyyrrrrrrr,29742.0
29745,3,rrrgGgrrrgggGrGr,29747.0
29750,4,rrrgGgrrrgggrrrr,29752.0
29755,6,rrrrrGrrrrGGrrrr,29760.0
29760,7,rrrrryrrrryyrrrr,29763.0
29765,0,gGgrrrGggrrrrGrG,29768.0
29770,1,gGgrrrGggrrrrrrr,29773.0
29775,2,yyyrrryyyrrrrrrr,29776.0
29780,3,rrrgGgrrrgggGrGr,29781.0
29785,4,rrrgGgrrrgggrrrr,29786.0
29790,6,rrrrrGrrrrGGrrrr,29794.0
29795,7,rrrrryrrrryyrrrr,29797.0
29800,0,gGgrrrGggrrrrGrG,29802.0
29805,1,gGgrrrGggrrrrrrr,29807.0
29810,3,rrrgGgrrrgggGrGr,29815.0
29815,4,rrrgGgrrrgggrrrr,29820.0
29820,5,rrryygrrryggrrrr,29823.0
29825,6,rrrrrGrrrrGGrrrr,29828.0
29830,7,rrrrryrrrryyrrrr,29831.0
29835,0,gGgrrrGggrrrrGrG,29836.0
29840,1,gGgrrrGggrrrrrrr,29841.0
29845,3,rrrgGgrrrgggGrGr,29849.0
29850,4,rrrgGgrrrgggrrrr,29854.0
29855,5,rrryygrrryggrrrr,29857.0
29860,6,rrrrrGrrrrGGrrrr,29862.0
29865,0,gGgrrrGggrrrrGrG,29870.0
29870,1,gGgrrrGggrrrrrrr,29875.0
29875,2,yyyrrryyyrrrrrrr,29878.0
29880,3,rrrgGgrrrgggGrGr,29883.0
29885,4,rrrgGgrrrgggrrrr,29888.0
29890,5,rrryygrrryggrrrr,29891.0
29895,6,rrrrrGrrrrGGrrrr,29896.0
29900,0,gGgrrrGggrrrrGrG,29904.0
29905,1,gGgrrrGggrrrrrrr,29909.0
29910,2,yyyrrryyyrrrrrrr,29912.0
29915,3,rrrgGgrrrgggGrGr,29917.0
29920,4,rrrgGgrrrgggrrrr,29922.0
29925,6,rrrrrGrrrrGGrrrr,29930.0
29930,7,rrrrryrrrryyrrrr,29933.0
29935,0,gGgrrrGggrrrrGrG,29938.0
29940,1,gGgrrrGggrrrrrrr,29943.0
29945,2,yyyrrryyyrrrrrrr,29946.0
29950,3,rrrgGgrrrgggGrGr,29951.0
29955,4,rrrgGgrrrgggrrrr,29956.0
29960,6,rrrrrGrrrrGGrrrr,29964.0
29965,7,rrrrryrrrryyrrrr,29967.0
29970,0,gGgrrrGggrrrrGrG,29972.0
29975,1,gGgrrrGggrrrrrrr,29977.0
29980,3,rrrgGgrrrgggGrGr,29985.0
29985,4,rrrgGgrrrgggrrrr,29990.0
29990,5,rrryygrrryggrrrr,29993.0
29995,6,rrrrrGrrrrGGrrrr,29998.0
30000,7,rrrrryrrrryyrrrr,30001.0
30005,0,gGgrrrGggrrrrGrG,30006.0
30010,1,gGgrrrGggrrrrrrr,30011.0
30015,3,rrrgGgrrrgggGrGr,30019.0
30020,4,rrrgGgrrrgggrrrr,30024.0
30025,5,rrryygrrryggrrrr,30027.0
30030,6,rrrrrGrrrrGGrrrr,30032.0
30035,0,gGgrrrGggrrrrGrG,30040.0
30040,1,gGgrrrGggrrrrrrr,30045.0
30045,2,yyyrrryyyrrrrrrr,30048.0
30050,3,rrrgGgrrrgggGrGr,30053.0
30055,4,rrrgGgrrrgggrrrr,30058.0
30060,5,rrryygrrryggrrrr,30061.0
30065,6,rrrrrGrrrrGGrrrr,30066.0
30070,0,gGgrrrGggrrrrGrG,30074.0
30075,1,gGgrrrGggrrrrrrr,30079.0
30080,2,yyyrrryyyrrrrrrr,30082.0
30085,3,rrrgGgrrrgggGrGr,30087.0
30090,4,rrrgGgrrrgggrrrr,30092.0
30095,6,rrrrrGrrrrGGrrrr,30100.0
30100,7,rrrrryrrrryyrrrr,30103.0
30105,0,gGgrrrGggrrrrGrG,30108.0
30110,1,gGgrrrGggrrrrrrr,30113.0
30115,2,yyyrrryyyrrrrrrr,30116.0
30120,3,rrrgGgrrrgggGrGr,30121.0
30125,4,rrrgGgrrrgggrrrr,30126.0
30130,6,rrrrrGrrrrGGrrrr,30134.0
30135,7,rrrrryrrrryyrrrr,30137.0
30140,0,gGgrrrGggrrrrGrG,30142.0
30145,1,gGgrrrGggrrrrrrr,30147.0
30150,3,rrrgGgrrrgggGrGr,30155.0
30155,4,rrrgGgrrrgggrrrr,30160.0
30160,5,rrryygrrryggrrrr,30163.0
30165,6,rrrrrGrrrrGGrrrr,30168.0
30170,7,rrrrryrrrryyrrrr,30171.0
30175,0,gGgrrrGggrrrrGrG,30176.0
30180,1,gGgrrrGggrrrrrrr,30181.0
30185,3,rrrgGgrrrgggGrGr,30189.0
30190,4,rrrgGgrrrgggrrrr,30194.0
30195,5,rrryygrrryggrrrr,30197.0
30200,6,rrrrrGrrrrGGrrrr,30202.0
30205,0,gGgrrrGggrrrrGrG,30210.0
30210,1,gGgrrrGggrrrrrrr,30215.0
30215,2,yyyrrryyyrrrrrrr,30218.0
30220,3,rrrgGgrrrgggGrGr,30223.0
30225,4,rrrgGgrrrgggrrrr,30228.0
30230,5,rrryygrrryggrrrr,30231.0
30235,6,rrrrrGrrrrGGrrrr,30236.0
30240,0,gGgrrrGggrrrrGrG,30244.0
30245,1,gGgrrrGggrrrrrrr,30249.0
30250,2,yyyrrryyyrrrrrrr,30252.0
30255,3,rrrgGgrrrgggGrGr,30257.0
30260,4,rrrgGgrrrgggrrrr,30262.0
30265,6,rrrrrGrrrrGGrrrr,30270.0
30270,7,rrrrryrrrryyrrrr,30273.0
30275,0,gGgrrrGggrrrrGrG,30278.0
30280,1,gGgrrrGggrrrrrrr,30283.0
30285,2,yyyrrryyyrrrrrrr,30286.0
30290,3,rrrgGgrrrgggGrGr,30291.0
30295,4,rrrgGgrrrgggrrrr,30296.0
30300,6,rrrrrGrrrrGGrrrr,30304.0
30305,7,rrrrryrrrryyrrrr,30307.0
30310,0,gGgrrrGggrrrrGrG,30312.0
30315,1,gGgrrrGggrrrrrrr,30317.0
30320,3,rrrgGgrrrgggGrGr,30325.0
30325,4,rrrgGgrrrgggrrrr,30330.0
30330,5,rrryygrrryggrrrr,30333.0
30335,6,rrrrrGrrrrGGrrrr,30338.0
30340,7,rrrrryrrrryyrrrr,30341.0
30345,0,gGgrrrGggrrrrGrG,30346.0
30350,1,gGgrrrGggrrrrrrr,30351.0
30355,3,rrrgGgrrrgggGrGr,30359.0
30360,4,rrrgGgrrrgggrrrr,30364.0
30365,5,rrryygrrryggrrrr,30367.0
30370,6,rrrrrGrrrrGGrrrr,30372.0
30375,0,gGgrrrGggrrrrGrG,30380.0
30380,1,gGgrrrGggrrrrrrr,30385.0
30385,2,yyyrrryyyrrrrrrr,30388.0
30390,3,rrrgGgrrrgggGrGr,30393.0
30395,4,rrrgGgrrrgggrrrr,30398.0
30400,5,rrryygrrryggrrrr,30401.0
30405,6,rrrrrGrrrrGGrrrr,30406.0
30410,0,gGgrrrGggrrrrGrG,30414.0
30415,1,gGgrrrGggrrrrrrr,30419.0
30420,2,yyyrrryyyrrrrrrr,30422.0
30425,3,rrrgGgrrrgggGrGr,30427.0
30430,4,rrrgGgrrrgggrrrr,30432.0
30435,6,rrrrrGrrrrGGrrrr,30440.0
30440,7,rrrrryrrrryyrrrr,30443.0
30445,0,gGgrrrGggrrrrGrG,30448.0
30450,1,gGgrrrGggrrrrrrr,30453.0
30455,2,yyyrrryyyrrrrrrr,30456.0
30460,3,rrrgGgrrrgggGrGr,30461.0
30465,4,rrrgGgrrrgggrrrr,30466.0
30470,6,rrrrrGrrrrGGrrrr,30474.0
30475,7,rrrrryrrrryyrrrr,30477.0
30480,0,gGgrrrGggrrrrGrG,30482.0
30485,1,gGgrrrGggrrrrrrr,30487.0
30490,3,rrrgGgrrrgggGrGr,30495.0
30495,4,rrrgGgrrrgggrrrr,30500.0
30500,5,rrryygrrryggrrrr,30503.0
30505,6,rrrrrGrrrrGGrrrr,30508.0
30510,7,rrrrryrrrryyrrrr,30511.0
30515,0,gGgrrrGggrrrrGrG,30516.0
30520,1,gGgrrrGggrrrrrrr,30521.0
30525,3,rrrgGgrrrgggGrGr,30529.0
30530,4,rrrgGgrrrgggrrrr,30534.0
30535,5,rrryygrrryggrrrr,30537.0
30540,6,rrrrrGrrrrGGrrrr,30542.0
30545,0,gGgrrrGggrrrrGrG,30550.0
30550,1,gGgrrrGggrrrrrrr,30555.0
30555,2,yyyrrryyyrrrrrrr,30558.0
30560,3,rrrgGgrrrgggGrGr,30563.0
30565,4,rrrgGgrrrgggrrrr,30568.0
30570,5,rrryygrrryggrrrr,30571.0
30575,6,rrrrrGrrrrGGrrrr,30576.0
30580,0,gGgrrrGggrrrrGrG,30584.0
30585,1,gGgrrrGggrrrrrrr,30589.0
30590,2,yyyrrryyyrrrrrrr,30592.0
30595,3,rrrgGgrrrgggGrGr,30597.0
30600,4,rrrgGgrrrgggrrrr,30602.0
30605,6,rrrrrGrrrrGGrrrr,30610.0
30610,7,rrrrryrrrryyrrrr,30613.0
30615,0,gGgrrrGggrrrrGrG,30618.0
30620,1,gGgrrrGggrrrrrrr,30623.0
30625,2,yyyrrryyyrrrrrrr,30626.0
30630,3,rrrgGgrrrgggGrGr,30631.0
30635,4,rrrgGgrrrgggrrrr,30636.0
30640,6,rrrrrGrrrrGGrrrr,30644.0
30645,7,rrrrryrrrryyrrrr,30647.0
30650,0,gGgrrrGggrrrrGrG,30652.0
30655,1,gGgrrrGggrrrrrrr,30657.0
30660,3,rrrgGgrrrgggGrGr,30665.0
30665,4,rrrgGgrrrgggrrrr,30670.0
30670,5,rrryygrrryggrrrr,30673.0
30675,6,rrrrrGrrrrGGrrrr,30678.0
30680,7,rrrrryrrrryyrrrr,30681.0
30685,0,gGgrrrGggrrrrGrG,30686.0
30690,1,gGgrrrGggrrrrrrr,30691.0
30695,3,rrrgGgrrrgggGrGr,30699.0
30700,4,rrrgGgrrrgggrrrr,30704.0
30705,5,rrryygrrryggrrrr,30707.0
30710,6,rrrrrGrrrrGGrrrr,30712.0
30715,0,gGgrrrGggrrrrGrG,30720.0
30720,1,gGgrrrGggrrrrrrr,30725.0
30725,2,yyyrrryyyrrrrrrr,30728.0
30730,3,rrrgGgrrrgggGrGr,30733.0
30735,4,rrrgGgrrrgggrrrr,30738.0
30740,5,rrryygrrryggrrrr,30741.0
30745,6,rrrrrGrrrrGGrrrr,30746.0
30750,0,gGgrrrGggrrrrGrG,30754.0
30755,1,gGgrrrGggrrrrrrr,30759.0
30760,2,yyyrrryyyrrrrrrr,30762.0
30765,3,rrrgGgrrrgggGrGr,30767.0
30770,4,rrrgGgrrrgggrrrr,30772.0
30775,6,rrrrrGrrrrGGrrrr,30780.0
30780,7,rrrrryrrrryyrrrr,30783.0
30785,0,gGgrrrGggrrrrGrG,30788.0
30790,1,gGgrrrGggrrrrrrr,30793.0
30795,2,yyyrrryyyrrrrrrr,30796.0
30800,3,rrrgGgrrrgggGrGr,30801.0
30805,4,rrrgGgrrrgggrrrr,30806.0
30810,6,rrrrrGrrrrGGrrrr,30814.0
30815,7,rrrrryrrrryyrrrr,30817.0
30820,0,gGgrrrGggrrrrGrG,30822.0
30825,1,gGgrrrGggrrrrrrr,30827.0
30830,3,rrrgGgrrrgggGrGr,30835.0
30835,4,rrrgGgrrrgggrrrr,30840.0
30840,5,rrryygrrryggrrrr,30843.0
30845,6,rrrrrGrrrrGGrrrr,30848.0
30850,7,rrrrryrrrryyrrrr,30851.0
30855,0,gGgrrrGggrrrrGrG,30856.0
30860,1,gGgrrrGggrrrrrrr,30861.0
30865,3,rrrgGgrrrgggGrGr,30869.0
30870,4,rrrgGgrrrgggrrrr,30874.0
30875,5,rrryygrrryggrrrr,30877.0
30880,6,rrrrrGrrrrGGrrrr,30882.0
30885,0,gGgrrrGggrrrrGrG,30890.0
30890,1,gGgrrrGggrrrrrrr,30895.0
30895,2,yyyrrryyyrrrrrrr,30898.0
30900,3,rrrgGgrrrgggGrGr,30903.0
30905,4,rrrgGgrrrgggrrrr,30908.0
30910,5,rrryygrrryggrrrr,30911.0
30915,6,rrrrrGrrrrGGrrrr,30916.0
30920,0,gGgrrrGggrrrrGrG,30924.0
30925,1,gGgrrrGggrrrrrrr,30929.0
30930,2,yyyrrryyyrrrrrrr,30932.0
30935,3,rrrgGgrrrgggGrGr,30937.0
30940,4,rrrgGgrrrgggrrrr,30942.0
30945,6,rrrrrGrrrrGGrrrr,30950.0
30950,7,rrrrryrrrryyrrrr,30953.0
30955,0,gGgrrrGggrrrrGrG,30958.0
30960,1,gGgrrrGggrrrrrrr,30963.0
30965,2,yyyrrryyyrrrrrrr,30966.0
30970,3,rrrgGgrrrgggGrGr,30971.0
30975,4,rrrgGgrrrgggrrrr,30976.0
30980,6,rrrrrGrrrrGGrrrr,30984.0
30985,7,rrrrryrrrryyrrrr,30987.0
30990,0,gGgrrrGggrrrrGrG,30992.0
30995,1,gGgrrrGggrrrrrrr,30997.0
31000,3,rrrgGgrrrgggGrGr,31005.0
31005,4,rrrgGgrrrgggrrrr,31010.0
31010,5,rrryygrrryggrrrr,31013.0
31015,6,rrrrrGrrrrGGrrrr,31018.0
31020,7,rrrrryrrrryyrrrr,31021.0
31025,0,gGgrrrGggrrrrGrG,31026.0
31030,1,gGgrrrGggrrrrrrr,31031.0
31035,3,rrrgGgrrrgggGrGr,31039.0
31040,4,rrrgGgrrrgggrrrr,31044.0
31045,5,rrryygrrryggrrrr,31047.0
31050,6,rrrrrGrrrrGGrrrr,31052.0
31055,0,gGgrrrGggrrrrGrG,31060.0
31060,1,gGgrrrGggrrrrrrr,31065.0
31065,2,yyyrrryyyrrrrrrr,31068.0
31070,3,rrrgGgrrrgggGrGr,31073.0
31075,4,rrrgGgrrrgggrrrr,31078.0
31080,5,rrryygrrryggrrrr,31081.0
31085,6,rrrrrGrrrrGGrrrr,31086.0
31090,0,gGgrrrGggrrrrGrG,31094.0
31095,1,gGgrrrGggrrrrrrr,31099.0
31100,2,yyyrrryyyrrrrrrr,31102.0
31105,3,rrrgGgrrrgggGrGr,31107.0
31110,4,rrrgGgrrrgggrrrr,31112.0
31115,6,rrrrrGrrrrGGrrrr,31120.0
31120,7,rrrrryrrrryyrrrr,31123.0
31125,0,gGgrrrGggrrrrGrG,31128.0
31130,1,gGgrrrGggrrrrrrr,31133.0
31135,2,yyyrrryyyrrrrrrr,31136.0
31140,3,rrrgGgrrrgggGrGr,31141.0
31145,4,rrrgGgrrrgggrrrr,31146.0
31150,6,rrrrrGrrrrGGrrrr,31154.0
31155,7,rrrrryrrrryyrrrr,31157.0
31160,0,gGgrrrGggrrrrGrG,31162.0
31165,1,gGgrrrGggrrrrrrr,31167.0
31170,3,rrrgGgrrrgggGrGr,31175.0
31175,4,rrrgGgrrrgggrrrr,31180.0
31180,5,rrryygrrryggrrrr,31183.0
31185,6,rrrrrGrrrrGGrrrr,31188.0
31190,7,rrrrryrrrryyrrrr,31191.0
31195,0,gGgrrrGggrrrrGrG,31196.0
31200,1,gGgrrrGggrrrrrrr,31201.0
31205,3,rrrgGgrrrgggGrGr,31209.0
31210,4,rrrgGgrrrgggrrrr,31214.0
31215,5,rrryygrrryggrrrr,31217.0
31220,6,rrrrrGrrrrGGrrrr,31222.0
31225,0,gGgrrrGggrrrrGrG,31230.0
31230,1,gGgrrrGggrrrrrrr,31235.0
31235,2,yyyrrryyyrrrrrrr,31238.0
31240,3,rrrgGgrrrgggGrGr,31243.0
31245,4,rrrgGgrrrgggrrrr,31248.0
31250,5,rrryygrrryggrrrr,31251.0
31255,6,rrrrrGrrrrGGrrrr,31256.0
31260,0,gGgrrrGggrrrrGrG,31264.0
31265,1,gGgrrrGggrrrrrrr,31269.0
31270,2,yyyrrryyyrrrrrrr,31272.0
31275,3,rrrgGgrrrgggGrGr,31277.0
31280,4,rrrgGgrrrgggrrrr,31282.0
31285,6,rrrrrGrrrrGGrrrr,31290.0
31290,7,rrrrryrrrryyrrrr,31293.0
31295,0,gGgrrrGggrrrrGrG,31298.0
31300,1,gGgrrrGggrrrrrrr,31303.0
31305,2,yyyrrryyyrrrrrrr,31306.0
31310,3,rrrgGgrrrgggGrGr,31311.0
31315,4,rrrgGgrrrgggrrrr,31316.0
31320,6,rrrrrGrrrrGGrrrr,31324.0
31325,7,rrrrryrrrryyrrrr,31327.0
31330,0,gGgrrrGggrrrrGrG,31332.0
31335,1,gGgrrrGggrrrrrrr,31337.0
31340,3,rrrgGgrrrgggGrGr,31345.0
31345,4,rrrgGgrrrgggrrrr,31350.0
31350,5,rrryygrrryggrrrr,31353.0
31355,6,rrrrrGrrrrGGrrrr,31358.0
31360,7,rrrrryrrrryyrrrr,31361.0
31365,0,gGgrrrGggrrrrGrG,31366.0
31370,1,gGgrrrGggrrrrrrr,31371.0
31375,3,rrrgGgrrrgggGrGr,31379.0
31380,4,rrrgGgrrrgggrrrr,31384.0
31385,5,rrryygrrryggrrrr,31387.0
31390,6,rrrrrGrrrrGGrrrr,31392.0
31395,0,gGgrrrGggrrrrGrG,31400.0
31400,1,gGgrrrGggrrrrrrr,31405.0
31405,2,yyyrrryyyrrrrrrr,31408.0
31410,3,rrrgGgrrrgggGrGr,31413.0
31415,4,rrrgGgrrrgggrrrr,31418.0
31420,5,rrryygrrryggrrrr,31421.0
31425,6,rrrrrGrrrrGGrrrr,31426.0
31430,0,gGgrrrGggrrrrGrG,31434.0
31435,1,gGgrrrGggrrrrrrr,31439.0
31440,2,yyyrrryyyrrrrrrr,31442.0
31445,3,rrrgGgrrrgggGrGr,31447.0
31450,4,rrrgGgrrrgggrrrr,31452.0
31455,6,rrrrrGrrrrGGrrrr,31460.0
31460,7,rrrrryrrrryyrrrr,31463.0
31465,0,gGgrrrGggrrrrGrG,31468.0
31470,1,gGgrrrGggrrrrrrr,31473.0
31475,2,yyyrrryyyrrrrrrr,31476.0
31480,3,rrrgGgrrrgggGrGr,31481.0
31485,4,rrrgGgrrrgggrrrr,31486.0
31490,6,rrrrrGrrrrGGrrrr,31494.0
31495,7,rrrrryrrrryyrrrr,31497.0
31500,0,gGgrrrGggrrrrGrG,31502.0
31505,1,gGgrrrGggrrrrrrr,31507.0
31510,3,rrrgGgrrrgggGrGr,31515.0
31515,4,rrrgGgrrrgggrrrr,31520.0
31520,5,rrryygrrryggrrrr,31523.0
31525,6,rrrrrGrrrrGGrrrr,31528.0
31530,7,rrrrryrrrryyrrrr,31531.0
31535,0,gGgrrrGggrrrrGrG,31536.0
31540,1,gGgrrrGggrrrrrrr,31541.0
31545,3,rrrgGgrrrgggGrGr,31549.0
31550,4,rrrgGgrrrgggrrrr,31554.0
31555,5,rrryygrrryggrrrr,31557.0
31560,6,rrrrrGrrrrGGrrrr,31562.0
31565,0,gGgrrrGggrrrrGrG,31570.0
31570,1,gGgrrrGggrrrrrrr,31575.0
31575,2,yyyrrryyyrrrrrrr,31578.0
31580,3,rrrgGgrrrgggGrGr,31583.0
31585,4,rrrgGgrrrgggrrrr,31588.0
31590,5,rrryygrrryggrrrr,31591.0
31595,6,rrrrrGrrrrGGrrrr,31596.0
31600,0,gGgrrrGggrrrrGrG,31604.0
31605,1,gGgrrrGggrrrrrrr,31609.0
31610,2,yyyrrryyyrrrrrrr,31612.0
31615,3,rrrgGgrrrgggGrGr,31617.0
31620,4,rrrgGgrrrgggrrrr,31622.0
31625,6,rrrrrGrrrrGGrrrr,31630.0
31630,7,rrrrryrrrryyrrrr,31633.0
31635,0,gGgrrrGggrrrrGrG,31638.0
31640,1,gGgrrrGggrrrrrrr,31643.0
31645,2,yyyrrryyyrrrrrrr,31646.0
31650,3,rrrgGgrrrgggGrGr,31651.0
31655,4,rrrgGgrrrgggrrrr,31656.0
31660,6,rrrrrGrrrrGGrrrr,31664.0
31665,7,rrrrryrrrryyrrrr,31667.0
31670,0,gGgrrrGggrrrrGrG,31672.0
31675,1,gGgrrrGggrrrrrrr,31677.0
31680,3,rrrgGgrrrgggGrGr,31685.0
31685,4,rrrgGgrrrgggrrrr,31690.0
31690,5,rrryygrrryggrrrr,31693.0
31695,6,rrrrrGrrrrGGrrrr,31698.0
31700,7,rrrrryrrrryyrrrr,31701.0
31705,0,gGgrrrGggrrrrGrG,31706.0
31710,1,gGgrrrGggrrrrrrr,31711.0
31715,3,rrrgGgrrrgggGrGr,31719.0
31720,4,rrrgGgrrrgggrrrr,31724.0
31725,5,rrryygrrryggrrrr,31727.0
31730,6,rrrrrGrrrrGGrrrr,31732.0
31735,0,gGgrrrGggrrrrGrG,31740.0
31740,1,gGgrrrGggrrrrrrr,31745.0
31745,2,yyyrrryyyrrrrrrr,31748.0
31750,3,rrrgGgrrrgggGrGr,31753.0
31755,4,rrrgGgrrrgggrrrr,31758.0
31760,5,rrryygrrryggrrrr,31761.0
31765,6,rrrrrGrrrrGGrrrr,31766.0
31770,0,gGgrrrGggrrrrGrG,31774.0
31775,1,gGgrrrGggrrrrrrr,31779.0
31780,2,yyyrrryyyrrrrrrr,31782.0
31785,3,rrrgGgrrrgggGrGr,31787.0
31790,4,rrrgGgrrrgggrrrr,31792.0
31795,6,rrrrrGrrrrGGrrrr,31800.0
31800,7,rrrrryrrrryyrrrr,31803.0
31805,0,gGgrrrGggrrrrGrG,31808.0
31810,1,gGgrrrGggrrrrrrr,31813.0
31815,2,yyyrrryyyrrrrrrr,31816.0
31820,3,rrrgGgrrrgggGrGr,31821.0
31825,4,rrrgGgrrrgggrrrr,31826.0
31830,6,rrrrrGrrrrGGrrrr,31834.0
31835,7,rrrrryrrrryyrrrr,31837.0
31840,0,gGgrrrGggrrrrGrG,31842.0
31845,1,gGgrrrGggrrrrrrr,31847.0
31850,3,rrrgGgrrrgggGrGr,31855.0
31855,4,rrrgGgrrrgggrrrr,31860.0
31860,5,rrryygrrryggrrrr,31863.0
31865,6,rrrrrGrrrrGGrrrr,31868.0
31870,7,rrrrryrrrryyrrrr,31871.0
31875,0,gGgrrrGggrrrrGrG,31876.0
31880,1,gGgrrrGggrrrrrrr,31881.0
31885,3,rrrgGgrrrgggGrGr,31889.0
31890,4,rrrgGgrrrgggrrrr,31894.0
31895,5,rrryygrrryggrrrr,31897.0
31900,6,rrrrrGrrrrGGrrrr,31902.0
31905,0,gGgrrrGggrrrrGrG,31910.0
31910,1,gGgrrrGggrrrrrrr,31915.0
31915,2,yyyrrryyyrrrrrrr,31918.0
31920,3,rrrgGgrrrgggGrGr,31923.0
31925,4,rrrgGgrrrgggrrrr,31928.0
31930,5,rrryygrrryggrrrr,31931.0
31935,6,rrrrrGrrrrGGrrrr,31936.0
31940,0,gGgrrrGggrrrrGrG,31944.0
31945,1,gGgrrrGggrrrrrrr,31949.0
31950,2,yyyrrryyyrrrrrrr,31952.0
31955,3,rrrgGgrrrgggGrGr,31957.0
31960,4,rrrgGgrrrgggrrrr,31962.0
31965,6,rrrrrGrrrrGGrrrr,31970.0
31970,7,rrrrryrrrryyrrrr,31973.0
31975,0,gGgrrrGggrrrrGrG,31978.0
31980,1,gGgrrrGggrrrrrrr,31983.0
31985,2,yyyrrryyyrrrrrrr,31986.0
31990,3,rrrgGgrrrgggGrGr,31991.0
31995,4,rrrgGgrrrgggrrrr,31996.0
32000,6,rrrrrGrrrrGGrrrr,32004.0
32005,7,rrrrryrrrryyrrrr,32007.0
32010,0,gGgrrrGggrrrrGrG,32012.0
32015,1,gGgrrrGggrrrrrrr,32017.0
32020,3,rrrgGgrrrgggGrGr,32025.0
32025,4,rrrgGgrrrgggrrrr,32030.0
32030,5,rrryygrrryggrrrr,32033.0
32035,6,rrrrrGrrrrGGrrrr,32038.0
32040,7,rrrrryrrrryyrrrr,32041.0
32045,0,gGgrrrGggrrrrGrG,32046.0
32050,1,gGgrrrGggrrrrrrr,32051.0
32055,3,rrrgGgrrrgggGrGr,32059.0
32060,4,rrrgGgrrrgggrrrr,32064.0
32065,5,rrryygrrryggrrrr,32067.0
32070,6,rrrrrGrrrrGGrrrr,32072.0
32075,0,gGgrrrGggrrrrGrG,32080.0
32080,1,gGgrrrGggrrrrrrr,32085.0
32085,2,yyyrrryyyrrrrrrr,32088.0
32090,3,rrrgGgrrrgggGrGr,32093.0
32095,4,rrrgGgrrrgggrrrr,32098.0
32100,5,rrryygrrryggrrrr,32101.0
32105,6,rrrrrGrrrrGGrrrr,32106.0
32110,0,gGgrrrGggrrrrGrG,32114.0
32115,1,gGgrrrGggrrrrrrr,32119.0
32120,2,yyyrrryyyrrrrrrr,32122.0
32125,3,rrrgGgrrrgggGrGr,32127.0
32130,4,rrrgGgrrrgggrrrr,32132.0
32135,6,rrrrrGrrrrGGrrrr,32140.0
32140,7,rrrrryrrrryyrrrr,32143.0
32145,0,gGgrrrGggrrrrGrG,32148.0
32150,1,gGgrrrGggrrrrrrr,32153.0
32155,2,yyyrrryyyrrrrrrr,32156.0
32160,3,rrrgGgrrrgggGrGr,32161.0
32165,4,rrrgGgrrrgggrrrr,32166.0
32170,6,rrrrrGrrrrGGrrrr,32174.0
32175,7,rrrrryrrrryyrrrr,32177.0
32180,0,gGgrrrGggrrrrGrG,32182.0
32185,1,gGgrrrGggrrrrrrr,32187.0
32190,3,rrrgGgrrrgggGrGr,32195.0
32195,4,rrrgGgrrrgggrrrr,32200.0
32200,5,rrryygrrryggrrrr,32203.0
32205,6,rrrrrGrrrrGGrrrr,32208.0
32210,7,rrrrryrrrryyrrrr,32211.0
32215,0,gGgrrrGggrrrrGrG,32216.0
32220,1,gGgrrrGggrrrrrrr,32221.0
32225,3,rrrgGgrrrgggGrGr,32229.0
32230,4,rrrgGgrrrgggrrrr,32234.0
32235,5,rrryygrrryggrrrr,32237.0
32240,6,rrrrrGrrrrGGrrrr,32242.0
32245,0,gGgrrrGggrrrrGrG,32250.0
32250,1,gGgrrrGggrrrrrrr,32255.0
32255,2,yyyrrryyyrrrrrrr,32258.0
32260,3,rrrgGgrrrgggGrGr,32263.0
32265,4,rrrgGgrrrgggrrrr,32268.0
32270,5,rrryygrrryggrrrr,32271.0
32275,6,rrrrrGrrrrGGrrrr,32276.0
32280,0,gGgrrrGggrrrrGrG,32284.0
32285,1,gGgrrrGggrrrrrrr,32289.0
32290,2,yyyrrryyyrrrrrrr,32292.0
32295,3,rrrgGgrrrgggGrGr,32297.0
32300,4,rrrgGgrrrgggrrrr,32302.0
32305,6,rrrrrGrrrrGGrrrr,32310.0
32310,7,rrrrryrrrryyrrrr,32313.0
32315,0,gGgrrrGggrrrrGrG,32318.0
32320,1,gGgrrrGggrrrrrrr,32323.0
32325,2,yyyrrryyyrrrrrrr,32326.0
32330,3,rrrgGgrrrgggGrGr,32331.0
32335,4,rrrgGgrrrgggrrrr,32336.0
32340,6,rrrrrGrrrrGGrrrr,32344.0
32345,7,rrrrryrrrryyrrrr,32347.0
32350,0,gGgrrrGggrrrrGrG,32352.0
32355,1,gGgrrrGggrrrrrrr,32357.0
32360,3,rrrgGgrrrgggGrGr,32365.0
32365,4,rrrgGgrrrgggrrrr,32370.0
32370,5,rrryygrrryggrrrr,32373.0
32375,6,rrrrrGrrrrGGrrrr,32378.0
32380,7,rrrrryrrrryyrrrr,32381.0
32385,0,gGgrrrGggrrrrGrG,32386.0
32390,1,gGgrrrGggrrrrrrr,32391.0
32395,3,rrrgGgrrrgggGrGr,32399.0
32400,4,rrrgGgrrrgggrrrr,32404.0
32405,5,rrryygrrryggrrrr,32407.0
32410,6,rrrrrGrrrrGGrrrr,32412.0
32415,0,gGgrrrGggrrrrGrG,32420.0
32420,1,gGgrrrGggrrrrrrr,32425.0
32425,2,yyyrrryyyrrrrrrr,32428.0
32430,3,rrrgGgrrrgggGrGr,32433.0
32435,4,rrrgGgrrrgggrrrr,32438.0
32440,5,rrryygrrryggrrrr,32441.0
32445,6,rrrrrGrrrrGGrrrr,32446.0
32450,0,gGgrrrGggrrrrGrG,32454.0
32455,1,gGgrrrGggrrrrrrr,32459.0
32460,2,yyyrrryyyrrrrrrr,32462.0
32465,3,rrrgGgrrrgggGrGr,32467.0
32470,4,rrrgGgrrrgggrrrr,32472.0
32475,6,rrrrrGrrrrGGrrrr,32480.0
32480,7,rrrrryrrrryyrrrr,32483.0
32485,0,gGgrrrGggrrrrGrG,32488.0
32490,1,gGgrrrGggrrrrrrr,32493.0
32495,2,yyyrrryyyrrrrrrr,32496.0
32500,3,rrrgGgrrrgggGrGr,32501.0
32505,4,rrrgGgrrrgggrrrr,32506.0
32510,6,rrrrrGrrrrGGrrrr,32514.0
32515,7,rrrrryrrrryyrrrr,32517.0
32520,0,gGgrrrGggrrrrGrG,32522.0
32525,1,gGgrrrGggrrrrrrr,32527.0
32530,3,rrrgGgrrrgggGrGr,32535.0
32535,4,rrrgGgrrrgggrrrr,32540.0
32540,5,rrryygrrryggrrrr,32543.0
32545,6,rrrrrGrrrrGGrrrr,32548.0
32550,7,rrrrryrrrryyrrrr,32551.0
32555,0,gGgrrrGggrrrrGrG,32556.0
32560,1,gGgrrrGggrrrrrrr,32561.0
32565,3,rrrgGgrrrgggGrGr,32569.0
32570,4,rrrgGgrrrgggrrrr,32574.0
32575,5,rrryygrrryggrrrr,32577.0
32580,6,rrrrrGrrrrGGrrrr,32582.0
32585,0,gGgrrrGggrrrrGrG,32590.0
32590,1,gGgrrrGggrrrrrrr,32595.0
32595,2,yyyrrryyyrrrrrrr,32598.0
32600,3,rrrgGgrrrgggGrGr,32603.0
32605,4,rrrgGgrrrgggrrrr,32608.0
32610,5,rrryygrrryggrrrr,32611.0
32615,6,rrrrrGrrrrGGrrrr,32616.0
32620,0,gGgrrrGggrrrrGrG,32624.0
32625,1,gGgrrrGggrrrrrrr,32629.0
32630,2,yyyrrryyyrrrrrrr,32632.0
32635,3,rrrgGgrrrgggGrGr,32637.0
32640,4,rrrgGgrrrgggrrrr,32642.0
32645,6,rrrrrGrrrrGGrrrr,32650.0
32650,7,rrrrryrrrryyrrrr,32653.0
32655,0,gGgrrrGggrrrrGrG,32658.0
32660,1,gGgrrrGggrrrrrrr,32663.0
32665,2,yyyrrryyyrrrrrrr,32666.0
32670,3,rrrgGgrrrgggGrGr,32671.0
32675,4,rrrgGgrrrgggrrrr,32676.0
32680,6,rrrrrGrrrrGGrrrr,32684.0
32685,7,rrrrryrrrryyrrrr,32687.0
32690,0,gGgrrrGggrrrrGrG,32692.0
32695,1,gGgrrrGggrrrrrrr,32697.0
32700,3,rrrgGgrrrgggGrGr,32705.0
32705,4,rrrgGgrrrgggrrrr,32710.0
32710,5,rrryygrrryggrrrr,32713.0
32715,6,rrrrrGrrrrGGrrrr,32718.0
32720,7,rrrrryrrrryyrrrr,32721.0
32725,0,gGgrrrGggrrrrGrG,32726.0
32730,1,gGgrrrGggrrrrrrr,32731.0
32735,3,rrrgGgrrrgggGrGr,32739.0
32740,4,rrrgGgrrrgggrrrr,32744.0
32745,5,rrryygrrryggrrrr,32747.0
32750,6,rrrrrGrrrrGGrrrr,32752.0
32755,0,gGgrrrGggrrrrGrG,32760.0
32760,1,gGgrrrGggrrrrrrr,32765.0
32765,2,yyyrrryyyrrrrrrr,32768.0
32770,3,rrrgGgrrrgggGrGr,32773.0
32775,4,rrrgGgrrrgggrrrr,32778.0
32780,5,rrryygrrryggrrrr,32781.0
32785,6,rrrrrGrrrrGGrrrr,32786.0
32790,0,gGgrrrGggrrrrGrG,32794.0
32795,1,gGgrrrGggrrrrrrr,32799.0
32800,2,yyyrrryyyrrrrrrr,32802.0
32805,3,rrrgGgrrrgggGrGr,32807.0
32810,4,rrrgGgrrrgggrrrr,32812.0
32815,6,rrrrrGrrrrGGrrrr,32820.0
32820,7,rrrrryrrrryyrrrr,32823.0
32825,0,gGgrrrGggrrrrGrG,32828.0
32830,1,gGgrrrGggrrrrrrr,32833.0
32835,2,yyyrrryyyrrrrrrr,32836.0
32840,3,rrrgGgrrrgggGrGr,32841.0
32845,4,rrrgGgrrrgggrrrr,32846.0
32850,6,rrrrrGrrrrGGrrrr,32854.0
32855,7,rrrrryrrrryyrrrr,32857.0
32860,0,gGgrrrGggrrrrGrG,32862.0
32865,1,gGgrrrGggrrrrrrr,32867.0
32870,3,rrrgGgrrrgggGrGr,32875.0
32875,4,rrrgGgrrrgggrrrr,32880.0
32880,5,rrryygrrryggrrrr,32883.0
32885,6,rrrrrGrrrrGGrrrr,32888.0
32890,7,rrrrryrrrryyrrrr,32891.0
32895,0,gGgrrrGggrrrrGrG,32896.0
32900,1,gGgrrrGggrrrrrrr,32901.0
32905,3,rrrgGgrrrgggGrGr,32909.0
32910,4,rrrgGgrrrgggrrrr,32914.0
32915,5,rrryygrrryggrrrr,32917.0
32920,6,rrrrrGrrrrGGrrrr,32922.0
32925,0,gGgrrrGggrrrrGrG,32930.0
32930,1,gGgrrrGggrrrrrrr,32935.0
32935,2,yyyrrryyyrrrrrrr,32938.0
32940,3,rrrgGgrrrgggGrGr,32943.0
32945,4,rrrgGgrrrgggrrrr,32948.0
32950,5,rrryygrrryggrrrr,32951.0
32955,6,rrrrrGrrrrGGrrrr,32956.0
32960,0,gGgrrrGggrrrrGrG,32964.0
32965,1,gGgrrrGggrrrrrrr,32969.0
32970,2,yyyrrryyyrrrrrrr,32972.0
32975,3,rrrgGgrrrgggGrGr,32977.0
32980,4,rrrgGgrrrgggrrrr,32982.0
32985,6,rrrrrGrrrrGGrrrr,32990.0
32990,7,rrrrryrrrryyrrrr,32993.0
32995,0,gGgrrrGggrrrrGrG,32998.0
33000,1,gGgrrrGggrrrrrrr,33003.0
33005,2,yyyrrryyyrrrrrrr,33006.0
33010,3,rrrgGgrrrgggGrGr,33011.0
33015,4,rrrgGgrrrgggrrrr,33016.0
33020,6,rrrrrGrrrrGGrrrr,33024.0
33025,7,rrrrryrrrryyrrrr,33027.0
33030,0,gGgrrrGggrrrrGrG,33032.0
33035,1,gGgrrrGggrrrrrrr,33037.0
33040,3,rrrgGgrrrgggGrGr,33045.0
33045,4,rrrgGgrrrgggrrrr,33050.0
33050,5,rrryygrrryggrrrr,33053.0
33055,6,rrrrrGrrrrGGrrrr,33058.0
33060,7,rrrrryrrrryyrrrr,33061.0
33065,0,gGgrrrGggrrrrGrG,33066.0
33070,1,gGgrrrGggrrrrrrr,33071.0
33075,3,rrrgGgrrrgggGrGr,33079.0
33080,4,rrrgGgrrrgggrrrr,33084.0
33085,5,rrryygrrryggrrrr,33087.0
33090,6,rrrrrGrrrrGGrrrr,33092.0
33095,0,gGgrrrGggrrrrGrG,33100.0
33100,1,gGgrrrGggrrrrrrr,33105.0
33105,2,yyyrrryyyrrrrrrr,33108.0
33110,3,rrrgGgrrrgggGrGr,33113.0
33115,4,rrrgGgrrrgggrrrr,33118.0
33120,5,rrryygrrryggrrrr,33121.0
33125,6,rrrrrGrrrrGGrrrr,33126.0
33130,0,gGgrrrGggrrrrGrG,33134.0
33135,1,gGgrrrGggrrrrrrr,33139.0
33140,2,yyyrrryyyrrrrrrr,33142.0
33145,3,rrrgGgrrrgggGrGr,33147.0
33150,4,rrrgGgrrrgggrrrr,33152.0
33155,6,rrrrrGrrrrGGrrrr,33160.0
33160,7,rrrrryrrrryyrrrr,33163.0
33165,0,gGgrrrGggrrrrGrG,33168.0
33170,1,gGgrrrGggrrrrrrr,33173.0
33175,2,yyyrrryyyrrrrrrr,33176.0
33180,3,rrrgGgrrrgggGrGr,33181.0
33185,4,rrrgGgrrrgggrrrr,33186.0
33190,6,rrrrrGrrrrGGrrrr,33194.0
33195,7,rrrrryrrrryyrrrr,33197.0
33200,0,gGgrrrGggrrrrGrG,33202.0
33205,1,gGgrrrGggrrrrrrr,33207.0
33210,3,rrrgGgrrrgggGrGr,33215.0
33215,4,rrrgGgrrrgggrrrr,33220.0
33220,5,rrryygrrryggrrrr,33223.0
33225,6,rrrrrGrrrrGGrrrr,33228.0
33230,7,rrrrryrrrryyrrrr,33231.0
33235,0,gGgrrrGggrrrrGrG,33236.0
33240,1,gGgrrrGggrrrrrrr,33241.0
33245,3,rrrgGgrrrgggGrGr,33249.0
33250,4,rrrgGgrrrgggrrrr,33254.0
33255,5,rrryygrrryggrrrr,33257.0
33260,6,rrrrrGrrrrGGrrrr,33262.0
33265,0,gGgrrrGggrrrrGrG,33270.0
33270,1,gGgrrrGggrrrrrrr,33275.0
33275,2,yyyrrryyyrrrrrrr,33278.0
33280,3,rrrgGgrrrgggGrGr,33283.0
33285,4,rrrgGgrrrgggrrrr,33288.0
33290,5,rrryygrrryggrrrr,33291.0
33295,6,rrrrrGrrrrGGrrrr,33296.0
33300,0,gGgrrrGggrrrrGrG,33304.0
33305,1,gGgrrrGggrrrrrrr,33309.0
33310,2,yyyrrryyyrrrrrrr,33312.0
33315,3,rrrgGgrrrgggGrGr,33317.0
33320,4,rrrgGgrrrgggrrrr,33322.0
33325,6,rrrrrGrrrrGGrrrr,33330.0
33330,7,rrrrryrrrryyrrrr,33333.0
33335,0,gGgrrrGggrrrrGrG,33338.0
33340,1,gGgrrrGggrrrrrrr,33343.0
33345,2,yyyrrryyyrrrrrrr,33346.0
33350,3,rrrgGgrrrgggGrGr,33351.0
33355,4,rrrgGgrrrgggrrrr,33356.0
33360,6,rrrrrGrrrrGGrrrr,33364.0
33365,7,rrrrryrrrryyrrrr,33367.0
33370,0,gGgrrrGggrrrrGrG,33372.0
33375,1,gGgrrrGggrrrrrrr,33377.0
33380,3,rrrgGgrrrgggGrGr,33385.0
33385,4,rrrgGgrrrgggrrrr,33390.0
33390,5,rrryygrrryggrrrr,33393.0
33395,6,rrrrrGrrrrGGrrrr,33398.0
33400,7,rrrrryrrrryyrrrr,33401.0
33405,0,gGgrrrGggrrrrGrG,33406.0
33410,1,gGgrrrGggrrrrrrr,33411.0
33415,3,rrrgGgrrrgggGrGr,33419.0
33420,4,rrrgGgrrrgggrrrr,33424.0
33425,5,rrryygrrryggrrrr,33427.0
33430,6,rrrrrGrrrrGGrrrr,33432.0
33435,0,gGgrrrGggrrrrGrG,33440.0
33440,1,gGgrrrGggrrrrrrr,33445.0
33445,2,yyyrrryyyrrrrrrr,33448.0
33450,3,rrrgGgrrrgggGrGr,33453.0
33455,4,rrrgGgrrrgggrrrr,33458.0
33460,5,rrryygrrryggrrrr,33461.0
33465,6,rrrrrGrrrrGGrrrr,33466.0
33470,0,gGgrrrGggrrrrGrG,33474.0
33475,1,gGgrrrGggrrrrrrr,33479.0
33480,2,yyyrrryyyrrrrrrr,33482.0
33485,3,rrrgGgrrrgggGrGr,33487.0
33490,4,rrrgGgrrrgggrrrr,33492.0
33495,6,rrrrrGrrrrGGrrrr,33500.0
33500,7,rrrrryrrrryyrrrr,33503.0
33505,0,gGgrrrGggrrrrGrG,33508.0
33510,1,gGgrrrGggrrrrrrr,33513.0
33515,2,yyyrrryyyrrrrrrr,33516.0
33520,3,rrrgGgrrrgggGrGr,33521.0
33525,4,rrrgGgrrrgggrrrr,33526.0
33530,6,rrrrrGrrrrGGrrrr,33534.0
33535,7,rrrrryrrrryyrrrr,33537.0
33540,0,gGgrrrGggrrrrGrG,33542.0
33545,1,gGgrrrGggrrrrrrr,33547.0
33550,3,rrrgGgrrrgggGrGr,33555.0
33555,4,rrrgGgrrrgggrrrr,33560.0
33560,5,rrryygrrryggrrrr,33563.0
33565,6,rrrrrGrrrrGGrrrr,33568.0
33570,7,rrrrryrrrryyrrrr,33571.0
33575,0,gGgrrrGggrrrrGrG,33576.0
33580,1,gGgrrrGggrrrrrrr,33581.0
33585,3,rrrgGgrrrgggGrGr,33589.0
33590,4,rrrgGgrrrgggrrrr,33594.0
33595,5,rrryygrrryggrrrr,33597.0
33600,6,rrrrrGrrrrGGrrrr,33602.0
33605,0,gGgrrrGggrrrrGrG,33610.0
33610,1,gGgrrrGggrrrrrrr,33615.0
33615,2,yyyrrryyyrrrrrrr,33618.0
33620,3,rrrgGgrrrgggGrGr,33623.0
33625,4,rrrgGgrrrgggrrrr,33628.0
33630,5,rrryygrrryggrrrr,33631.0
33635,6,rrrrrGrrrrGGrrrr,33636.0
33640,0,gGgrrrGggrrrrGrG,33644.0
33645,1,gGgrrrGggrrrrrrr,33649.0
33650,2,yyyrrryyyrrrrrrr,33652.0
33655,3,rrrgGgrrrgggGrGr,33657.0
33660,4,rrrgGgrrrgggrrrr,33662.0
33665,6,rrrrrGrrrrGGrrrr,33670.0
33670,7,rrrrryrrrryyrrrr,33673.0
33675,0,gGgrrrGggrrrrGrG,33678.0
33680,1,gGgrrrGggrrrrrrr,33683.0
33685,2,yyyrrryyyrrrrrrr,33686.0
33690,3,rrrgGgrrrgggGrGr,33691.0
33695,4,rrrgGgrrrgggrrrr,33696.0
33700,6,rrrrrGrrrrGGrrrr,33704.0
33705,7,rrrrryrrrryyrrrr,33707.0
33710,0,gGgrrrGggrrrrGrG,33712.0
33715,1,gGgrrrGggrrrrrrr,33717.0
33720,3,rrrgGgrrrgggGrGr,33725.0
33725,4,rrrgGgrrrgggrrrr,33730.0
33730,5,rrryygrrryggrrrr,33733.0
33735,6,rrrrrGrrrrGGrrrr,33738.0
33740,7,rrrrryrrrryyrrrr,33741.0
33745,0,gGgrrrGggrrrrGrG,33746.0
33750,1,gGgrrrGggrrrrrrr,33751.0
33755,3,rrrgGgrrrgggGrGr,33759.0
33760,4,rrrgGgrrrgggrrrr,33764.0
33765,5,rrryygrrryggrrrr,33767.0
33770,6,rrrrrGrrrrGGrrrr,33772.0
33775,0,gGgrrrGggrrrrGrG,33780.0
33780,1,gGgrrrGggrrrrrrr,33785.0
33785,2,yyyrrryyyrrrrrrr,33788.0
33790,3,rrrgGgrrrgggGrGr,33793.0
33795,4,rrrgGgrrrgggrrrr,33798.0
33800,5,rrryygrrryggrrrr,33801.0
33805,6,rrrrrGrrrrGGrrrr,33806.0
33810,0,gGgrrrGggrrrrGrG,33814.0
33815,1,gGgrrrGggrrrrrrr,33819.0
33820,2,yyyrrryyyrrrrrrr,33822.0
33825,3,rrrgGgrrrgggGrGr,33827.0
33830,4,rrrgGgrrrgggrrrr,33832.0
33835,6,rrrrrGrrrrGGrrrr,33840.0
33840,7,rrrrryrrrryyrrrr,33843.0
33845,0,gGgrrrGggrrrrGrG,33848.0
33850,1,gGgrrrGggrrrrrrr,33853.0
33855,2,yyyrrryyyrrrrrrr,33856.0
33860,3,rrrgGgrrrgggGrGr,33861.0
33865,4,rrrgGgrrrgggrrrr,33866.0
33870,6,rrrrrGrrrrGGrrrr,33874.0
33875,7,rrrrryrrrryyrrrr,33877.0
33880,0,gGgrrrGggrrrrGrG,33882.0
33885,1,gGgrrrGggrrrrrrr,33887.0
33890,3,rrrgGgrrrgggGrGr,33895.0
33895,4,rrrgGgrrrgggrrrr,33900.0
33900,5,rrryygrrryggrrrr,33903.0
33905,6,rrrrrGrrrrGGrrrr,33908.0
33910,7,rrrrryrrrryyrrrr,33911.0
33915,0,gGgrrrGggrrrrGrG,33916.0
33920,1,gGgrrrGggrrrrrrr,33921.0
33925,3,rrrgGgrrrgggGrGr,33929.0
33930,4,rrrgGgrrrgggrrrr,33934.0
33935,5,rrryygrrryggrrrr,33937.0
33940,6,rrrrrGrrrrGGrrrr,33942.0
33945,0,gGgrrrGggrrrrGrG,33950.0
33950,1,gGgrrrGggrrrrrrr,33955.0
33955,2,yyyrrryyyrrrrrrr,33958.0
33960,3,rrrgGgrrrgggGrGr,33963.0
33965,4,rrrgGgrrrgggrrrr,33968.0
33970,5,rrryygrrryggrrrr,33971.0
33975,6,rrrrrGrrrrGGrrrr,33976.0
33980,0,gGgrrrGggrrrrGrG,33984.0
33985,1,gGgrrrGggrrrrrrr,33989.0
33990,2,yyyrrryyyrrrrrrr,33992.0
33995,3,rrrgGgrrrgggGrGr,33997.0
34000,4,rrrgGgrrrgggrrrr,34002.0
34005,6,rrrrrGrrrrGGrrrr,34010.0
34010,7,rrrrryrrrryyrrrr,34013.0
34015,0,gGgrrrGggrrrrGrG,34018.0
34020,1,gGgrrrGggrrrrrrr,34023.0
34025,2,yyyrrryyyrrrrrrr,34026.0
34030,3,rrrgGgrrrgggGrGr,34031.0
34035,4,rrrgGgrrrgggrrrr,34036.0
34040,6,rrrrrGrrrrGGrrrr,34044.0
34045,7,rrrrryrrrryyrrrr,34047.0
34050,0,gGgrrrGggrrrrGrG,34052.0
34055,1,gGgrrrGggrrrrrrr,34057.0
34060,3,rrrgGgrrrgggGrGr,34065.0
34065,4,rrrgGgrrrgggrrrr,34070.0
34070,5,rrryygrrryggrrrr,34073.0
34075,6,rrrrrGrrrrGGrrrr,34078.0
34080,7,rrrrryrrrryyrrrr,34081.0
34085,0,gGgrrrGggrrrrGrG,34086.0
34090,1,gGgrrrGggrrrrrrr,34091.0
34095,3,rrrgGgrrrgggGrGr,34099.0
34100,4,rrrgGgrrrgggrrrr,34104.0
34105,5,rrryygrrryggrrrr,34107.0
34110,6,rrrrrGrrrrGGrrrr,34112.0
34115,0,gGgrrrGggrrrrGrG,34120.0
34120,1,gGgrrrGggrrrrrrr,34125.0
34125,2,yyyrrryyyrrrrrrr,34128.0
34130,3,rrrgGgrrrgggGrGr,34133.0
34135,4,rrrgGgrrrgggrrrr,34138.0
34140,5,rrryygrrryggrrrr,34141.0
34145,6,rrrrrGrrrrGGrrrr,34146.0
34150,0,gGgrrrGggrrrrGrG,34154.0
34155,1,gGgrrrGggrrrrrrr,34159.0
34160,2,yyyrrryyyrrrrrrr,34162.0
34165,3,rrrgGgrrrgggGrGr,34167.0
34170,4,rrrgGgrrrgggrrrr,34172.0
34175,6,rrrrrGrrrrGGrrrr,34180.0
34180,7,rrrrryrrrryyrrrr,34183.0
34185,0,gGgrrrGggrrrrGrG,34188.0
34190,1,gGgrrrGggrrrrrrr,34193.0
34195,2,yyyrrryyyrrrrrrr,34196.0
34200,3,rrrgGgrrrgggGrGr,34201.0
34205,4,rrrgGgrrrgggrrrr,34206.0
34210,6,rrrrrGrrrrGGrrrr,34214.0
34215,7,rrrrryrrrryyrrrr,34217.0
34220,0,gGgrrrGggrrrrGrG,34222.0
34225,1,gGgrrrGggrrrrrrr,34227.0
34230,3,rrrgGgrrrgggGrGr,34235.0
34235,4,rrrgGgrrrgggrrrr,34240.0
34240,5,rrryygrrryggrrrr,34243.0
34245,6,rrrrrGrrrrGGrrrr,34248.0
34250,7,rrrrryrrrryyrrrr,34251.0
34255,0,gGgrrrGggrrrrGrG,34256.0
34260,1,gGgrrrGggrrrrrrr,34261.0
34265,3,rrrgGgrrrgggGrGr,34269.0
34270,4,rrrgGgrrrgggrrrr,34274.0
34275,5,rrryygrrryggrrrr,34277.0
34280,6,rrrrrGrrrrGGrrrr,34282.0
34285,0,gGgrrrGggrrrrGrG,34290.0
34290,1,gGgrrrGggrrrrrrr,34295.0
34295,2,yyyrrryyyrrrrrrr,34298.0
34300,3,rrrgGgrrrgggGrGr,34303.0
34305,4,rrrgGgrrrgggrrrr,34308.0
34310,5,rrryygrrryggrrrr,34311.0
34315,6,rrrrrGrrrrGGrrrr,34316.0
34320,0,gGgrrrGggrrrrGrG,34324.0
34325,1,gGgrrrGggrrrrrrr,34329.0
34330,2,yyyrrryyyrrrrrrr,34332.0
34335,3,rrrgGgrrrgggGrGr,34337.0
34340,4,rrrgGgrrrgggrrrr,34342.0
34345,6,rrrrrGrrrrGGrrrr,34350.0
34350,7,rrrrryrrrryyrrrr,34353.0
34355,0,gGgrrrGggrrrrGrG,34358.0
34360,1,gGgrrrGggrrrrrrr,34363.0
34365,2,yyyrrryyyrrrrrrr,34366.0
34370,3,rrrgGgrrrgggGrGr,34371.0
34375,4,rrrgGgrrrgggrrrr,34376.0
34380,6,rrrrrGrrrrGGrrrr,34384.0
34385,7,rrrrryrrrryyrrrr,34387.0
34390,0,gGgrrrGggrrrrGrG,34392.0
34395,1,gGgrrrGggrrrrrrr,34397.0
34400,3,rrrgGgrrrgggGrGr,34405.0
34405,4,rrrgGgrrrgggrrrr,34410.0
34410,5,rrryygrrryggrrrr,34413.0
34415,6,rrrrrGrrrrGGrrrr,34418.0
34420,7,rrrrryrrrryyrrrr,34421.0
34425,0,gGgrrrGggrrrrGrG,34426.0
34430,1,gGgrrrGggrrrrrrr,34431.0
34435,3,rrrgGgrrrgggGrGr,34439.0
34440,4,rrrgGgrrrgggrrrr,34444.0
34445,5,rrryygrrryggrrrr,34447.0
34450,6,rrrrrGrrrrGGrrrr,34452.0
34455,0,gGgrrrGggrrrrGrG,34460.0
34460,1,gGgrrrGggrrrrrrr,34465.0
34465,2,yyyrrryyyrrrrrrr,34468.0
34470,3,rrrgGgrrrgggGrGr,34473.0
34475,4,rrrgGgrrrgggrrrr,34478.0
34480,5,rrryygrrryggrrrr,34481.0
34485,6,rrrrrGrrrrGGrrrr,34486.0
34490,0,gGgrrrGggrrrrGrG,34494.0
34495,1,gGgrrrGggrrrrrrr,34499.0
34500,2,yyyrrryyyrrrrrrr,34502.0
34505,3,rrrgGgrrrgggGrGr,34507.0
34510,4,rrrgGgrrrgggrrrr,34512.0
34515,6,rrrrrGrrrrGGrrrr,34520.0
34520,7,rrrrryrrrryyrrrr,34523.0
34525,0,gGgrrrGggrrrrGrG,34528.0
34530,1,gGgrrrGggrrrrrrr,34533.0
34535,2,yyyrrryyyrrrrrrr,34536.0
34540,3,rrrgGgrrrgggGrGr,34541.0
34545,4,rrrgGgrrrgggrrrr,34546.0
34550,6,rrrrrGrrrrGGrrrr,34554.0
34555,7,rrrrryrrrryyrrrr,34557.0
34560,0,gGgrrrGggrrrrGrG,34562.0
34565,1,gGgrrrGggrrrrrrr,34567.0
34570,3,rrrgGgrrrgggGrGr,34575.0
34575,4,rrrgGgrrrgggrrrr,34580.0
34580,5,rrryygrrryggrrrr,34583.0
34585,6,rrrrrGrrrrGGrrrr,34588.0
34590,7,rrrrryrrrryyrrrr,34591.0
34595,0,gGgrrrGggrrrrGrG,34596.0
34600,1,gGgrrrGggrrrrrrr,34601.0
34605,3,rrrgGgrrrgggGrGr,34609.0
34610,4,rrrgGgrrrgggrrrr,34614.0
34615,5,rrryygrrryggrrrr,34617.0
34620,6,rrrrrGrrrrGGrrrr,34622.0
34625,0,gGgrrrGggrrrrGrG,34630.0
34630,1,gGgrrrGggrrrrrrr,34635.0
34635,2,yyyrrryyyrrrrrrr,34638.0
34640,3,rrrgGgrrrgggGrGr,34643.0
34645,4,rrrgGgrrrgggrrrr,34648.0
34650,5,rrryygrrryggrrrr,34651.0
34655,6,rrrrrGrrrrGGrrrr,34656.0
34660,0,gGgrrrGggrrrrGrG,34664.0
34665,1,gGgrrrGggrrrrrrr,34669.0
34670,2,yyyrrryyyrrrrrrr,34672.0
34675,3,rrrgGgrrrgggGrGr,34677.0
34680,4,rrrgGgrrrgggrrrr,34682.0
34685,6,rrrrrGrrrrGGrrrr,34690.0
34690,7,rrrrryrrrryyrrrr,34693.0
34695,0,gGgrrrGggrrrrGrG,34698.0
34700,1,gGgrrrGggrrrrrrr,34703.0
34705,2,yyyrrryyyrrrrrrr,34706.0
34710,3,rrrgGgrrrgggGrGr,34711.0
34715,4,rrrgGgrrrgggrrrr,34716.0
34720,6,rrrrrGrrrrGGrrrr,34724.0
34725,7,rrrrryrrrryyrrrr,34727.0
34730,0,gGgrrrGggrrrrGrG,34732.0
34735,1,gGgrrrGggrrrrrrr,34737.0
34740,3,rrrgGgrrrgggGrGr,34745.0
34745,4,rrrgGgrrrgggrrrr,34750.0
34750,5,rrryygrrryggrrrr,34753.0
34755,6,rrrrrGrrrrGGrrrr,34758.0
34760,7,rrrrryrrrryyrrrr,34761.0
34765,0,gGgrrrGggrrrrGrG,34766.0
34770,1,gGgrrrGggrrrrrrr,34771.0
34775,3,rrrgGgrrrgggGrGr,34779.0
34780,4,rrrgGgrrrgggrrrr,34784.0
34785,5,rrryygrrryggrrrr,34787.0
34790,6,rrrrrGrrrrGGrrrr,34792.0
34795,0,gGgrrrGggrrrrGrG,34800.0
34800,1,gGgrrrGggrrrrrrr,34805.0
34805,2,yyyrrryyyrrrrrrr,34808.0
34810,3,rrrgGgrrrgggGrGr,34813.0
34815,4,rrrgGgrrrgggrrrr,34818.0
34820,5,rrryygrrryggrrrr,34821.0
34825,6,rrrrrGrrrrGGrrrr,34826.0
34830,0,gGgrrrGggrrrrGrG,34834.0
34835,1,gGgrrrGggrrrrrrr,34839.0
34840,2,yyyrrryyyrrrrrrr,34842.0
34845,3,rrrgGgrrrgggGrGr,34847.0
34850,4,rrrgGgrrrgggrrrr,34852.0
34855,6,rrrrrGrrrrGGrrrr,34860.0
34860,7,rrrrryrrrryyrrrr,34863.0
34865,0,gGgrrrGggrrrrGrG,34868.0
34870,1,gGgrrrGggrrrrrrr,34873.0
34875,2,yyyrrryyyrrrrrrr,34876.0
34880,3,rrrgGgrrrgggGrGr,34881.0
34885,4,rrrgGgrrrgggrrrr,34886.0
34890,6,rrrrrGrrrrGGrrrr,34894.0
34895,7,rrrrryrrrryyrrrr,34897.0
34900,0,gGgrrrGggrrrrGrG,34902.0
34905,1,gGgrrrGggrrrrrrr,34907.0
34910,3,rrrgGgrrrgggGrGr,34915.0
34915,4,rrrgGgrrrgggrrrr,34920.0
34920,5,rrryygrrryggrrrr,34923.0
34925,6,rrrrrGrrrrGGrrrr,34928.0
34930,7,rrrrryrrrryyrrrr,34931.0
34935,0,gGgrrrGggrrrrGrG,34936.0
34940,1,gGgrrrGggrrrrrrr,34941.0
34945,3,rrrgGgrrrgggGrGr,34949.0
34950,4,rrrgGgrrrgggrrrr,34954.0
34955,5,rrryygrrryggrrrr,34957.0
34960,6,rrrrrGrrrrGGrrrr,34962.0
34965,0,gGgrrrGggrrrrGrG,34970.0
34970,1,gGgrrrGggrrrrrrr,34975.0
34975,2,yyyrrryyyrrrrrrr,34978.0
34980,3,rrrgGgrrrgggGrGr,34983.0
34985,4,rrrgGgrrrgggrrrr,34988.0
34990,5,rrryygrrryggrrrr,34991.0
34995,6,rrrrrGrrrrGGrrrr,34996.0
35000,0,gGgrrrGggrrrrGrG,35004.0
35005,1,gGgrrrGggrrrrrrr,35009.0
35010,2,yyyrrryyyrrrrrrr,35012.0
35015,3,rrrgGgrrrgggGrGr,35017.0
35020,4,rrrgGgrrrgggrrrr,35022.0
35025,6,rrrrrGrrrrGGrrrr,35030.0
35030,7,rrrrryrrrryyrrrr,35033.0
35035,0,gGgrrrGggrrrrGrG,35038.0
35040,1,gGgrrrGggrrrrrrr,35043.0
35045,2,yyyrrryyyrrrrrrr,35046.0
35050,3,rrrgGgrrrgggGrGr,35051.0
35055,4,rrrgGgrrrgggrrrr,35056.0
35060,6,rrrrrGrrrrGGrrrr,35064.0
35065,7,rrrrryrrrryyrrrr,35067.0
35070,0,gGgrrrGggrrrrGrG,35072.0
35075,1,gGgrrrGggrrrrrrr,35077.0
35080,3,rrrgGgrrrgggGrGr,35085.0
35085,4,rrrgGgrrrgggrrrr,35090.0
35090,5,rrryygrrryggrrrr,35093.0
35095,6,rrrrrGrrrrGGrrrr,35098.0
35100,7,rrrrryrrrryyrrrr,35101.0
35105,0,gGgrrrGggrrrrGrG,35106.0
35110,1,gGgrrrGggrrrrrrr,35111.0
35115,3,rrrgGgrrrgggGrGr,35119.0
35120,4,rrrgGgrrrgggrrrr,35124.0
35125,5,rrryygrrryggrrrr,35127.0
35130,6,rrrrrGrrrrGGrrrr,35132.0
35135,0,gGgrrrGggrrrrGrG,35140.0
35140,1,gGgrrrGggrrrrrrr,35145.0
35145,2,yyyrrryyyrrrrrrr,35148.0
35150,3,rrrgGgrrrgggGrGr,35153.0
35155,4,rrrgGgrrrgggrrrr,35158.0
35160,5,rrryygrrryggrrrr,35161.0
35165,6,rrrrrGrrrrGGrrrr,35166.0
35170,0,gGgrrrGggrrrrGrG,35174.0
35175,1,gGgrrrGggrrrrrrr,35179.0
35180,2,yyyrrryyyrrrrrrr,35182.0
35185,3,rrrgGgrrrgggGrGr,35187.0
35190,4,rrrgGgrrrgggrrrr,35192.0
35195,6,rrrrrGrrrrGGrrrr,35200.0
35200,7,rrrrryrrrryyrrrr,35203.0
35205,0,gGgrrrGggrrrrGrG,35208.0
35210,1,gGgrrrGggrrrrrrr,35213.0
35215,2,yyyrrryyyrrrrrrr,35216.0
35220,3,rrrgGgrrrgggGrGr,35221.0
35225,4,rrrgGgrrrgggrrrr,35226.0
35230,6,rrrrrGrrrrGGrrrr,35234.0
35235,7,rrrrryrrrryyrrrr,35237.0
35240,0,gGgrrrGggrrrrGrG,35242.0
35245,1,gGgrrrGggrrrrrrr,35247.0
35250,3,rrrgGgrrrgggGrGr,35255.0
35255,4,rrrgGgrrrgggrrrr,35260.0
35260,5,rrryygrrryggrrrr,35263.0
35265,6,rrrrrGrrrrGGrrrr,35268.0
35270,7,rrrrryrrrryyrrrr,35271.0
35275,0,gGgrrrGggrrrrGrG,35276.0
35280,1,gGgrrrGggrrrrrrr,35281.0
35285,3,rrrgGgrrrgggGrGr,35289.0
35290,4,rrrgGgrrrgggrrrr,35294.0
35295,5,rrryygrrryggrrrr,35297.0
35300,6,rrrrrGrrrrGGrrrr,35302.0
35305,0,gGgrrrGggrrrrGrG,35310.0
35310,1,gGgrrrGggrrrrrrr,35315.0
35315,2,yyyrrryyyrrrrrrr,35318.0
35320,3,rrrgGgrrrgggGrGr,35323.0
35325,4,rrrgGgrrrgggrrrr,35328.0
35330,5,rrryygrrryggrrrr,35331.0
35335,6,rrrrrGrrrrGGrrrr,35336.0
35340,0,gGgrrrGggrrrrGrG,35344.0
35345,1,gGgrrrGggrrrrrrr,35349.0
35350,2,yyyrrryyyrrrrrrr,35352.0
35355,3,rrrgGgrrrgggGrGr,35357.0
35360,4,rrrgGgrrrgggrrrr,35362.0
35365,6,rrrrrGrrrrGGrrrr,35370.0
35370,7,rrrrryrrrryyrrrr,35373.0
35375,0,gGgrrrGggrrrrGrG,35378.0
35380,1,gGgrrrGggrrrrrrr,35383.0
35385,2,yyyrrryyyrrrrrrr,35386.0
35390,3,rrrgGgrrrgggGrGr,35391.0
35395,4,rrrgGgrrrgggrrrr,35396.0
35400,6,rrrrrGrrrrGGrrrr,35404.0
35405,7,rrrrryrrrryyrrrr,35407.0
35410,0,gGgrrrGggrrrrGrG,35412.0
35415,1,gGgrrrGggrrrrrrr,35417.0
35420,3,rrrgGgrrrgggGrGr,35425.0
35425,4,rrrgGgrrrgggrrrr,35430.0
35430,5,rrryygrrryggrrrr,35433.0
35435,6,rrrrrGrrrrGGrrrr,35438.0
35440,7,rrrrryrrrryyrrrr,35441.0
35445,0,gGgrrrGggrrrrGrG,35446.0
35450,1,gGgrrrGggrrrrrrr,35451.0
35455,3,rrrgGgrrrgggGrGr,35459.0
35460,4,rrrgGgrrrgggrrrr,35464.0
35465,5,rrryygrrryggrrrr,35467.0
35470,6,rrrrrGrrrrGGrrrr,35472.0
35475,0,gGgrrrGggrrrrGrG,35480.0
35480,1,gGgrrrGggrrrrrrr,35485.0
35485,2,yyyrrryyyrrrrrrr,35488.0
35490,3,rrrgGgrrrgggGrGr,35493.0
35495,4,rrrgGgrrrgggrrrr,35498.0
35500,5,rrryygrrryggrrrr,35501.0
35505,6,rrrrrGrrrrGGrrrr,35506.0
35510,0,gGgrrrGggrrrrGrG,35514.0
35515,1,gGgrrrGggrrrrrrr,35519.0
35520,2,yyyrrryyyrrrrrrr,35522.0
35525,3,rrrgGgrrrgggGrGr,35527.0
35530,4,rrrgGgrrrgggrrrr,35532.0
35535,6,rrrrrGrrrrGGrrrr,35540.0
35540,7,rrrrryrrrryyrrrr,35543.0
35545,0,gGgrrrGggrrrrGrG,35548.0
35550,1,gGgrrrGggrrrrrrr,35553.0
35555,2,yyyrrryyyrrrrrrr,35556.0
35560,3,rrrgGgrrrgggGrGr,35561.0
35565,4,rrrgGgrrrgggrrrr,35566.0
35570,6,rrrrrGrrrrGGrrrr,35574.0
35575,7,rrrrryrrrryyrrrr,35577.0
35580,0,gGgrrrGggrrrrGrG,35582.0
35585,1,gGgrrrGggrrrrrrr,35587.0
35590,3,rrrgGgrrrgggGrGr,35595.0
35595,4,rrrgGgrrrgggrrrr,35600.0
35600,5,rrryygrrryggrrrr,35603.0
35605,6,rrrrrGrrrrGGrrrr,35608.0
35610,7,rrrrryrrrryyrrrr,35611.0
35615,0,gGgrrrGggrrrrGrG,35616.0
35620,1,gGgrrrGggrrrrrrr,35621.0
35625,3,rrrgGgrrrgggGrGr,35629.0
35630,4,rrrgGgrrrgggrrrr,35634.0
35635,5,rrryygrrryggrrrr,35637.0
35640,6,rrrrrGrrrrGGrrrr,35642.0
35645,0,gGgrrrGggrrrrGrG,35650.0
35650,1,gGgrrrGggrrrrrrr,35655.0
35655,2,yyyrrryyyrrrrrrr,35658.0
35660,3,rrrgGgrrrgggGrGr,35663.0
35665,4,rrrgGgrrrgggrrrr,35668.0
35670,5,rrryygrrryggrrrr,35671.0
35675,6,rrrrrGrrrrGGrrrr,35676.0
35680,0,gGgrrrGggrrrrGrG,35684.0
35685,1,gGgrrrGggrrrrrrr,35689.0
35690,2,yyyrrryyyrrrrrrr,35692.0
35695,3,rrrgGgrrrgggGrGr,35697.0
35700,4,rrrgGgrrrgggrrrr,35702.0
35705,6,rrrrrGrrrrGGrrrr,35710.0
35710,7,rrrrryrrrryyrrrr,35713.0
35715,0,gGgrrrGggrrrrGrG,35718.0
35720,1,gGgrrrGggrrrrrrr,35723.0
35725,2,yyyrrryyyrrrrrrr,35726.0
35730,3,rrrgGgrrrgggGrGr,35731.0
35735,4,rrrgGgrrrgggrrrr,35736.0
35740,6,rrrrrGrrrrGGrrrr,35744.0
35745,7,rrrrryrrrryyrrrr,35747.0
35750,0,gGgrrrGggrrrrGrG,35752.0
35755,1,gGgrrrGggrrrrrrr,35757.0
35760,3,rrrgGgrrrgggGrGr,35765.0
35765,4,rrrgGgrrrgggrrrr,35770.0
35770,5,rrryygrrryggrrrr,35773.0
35775,6,rrrrrGrrrrGGrrrr,35778.0
35780,7,rrrrryrrrryyrrrr,35781.0
35785,0,gGgrrrGggrrrrGrG,35786.0
35790,1,gGgrrrGggrrrrrrr,35791.0
35795,3,rrrgGgrrrgggGrGr,35799.0
35800,4,rrrgGgrrrgggrrrr,35804.0
35805,5,rrryygrrryggrrrr,35807.0
35810,6,rrrrrGrrrrGGrrrr,35812.0
35815,0,gGgrrrGggrrrrGrG,35820.0
35820,1,gGgrrrGggrrrrrrr,35825.0
35825,2,yyyrrryyyrrrrrrr,35828.0
35830,3,rrrgGgrrrgggGrGr,35833.0
35835,4,rrrgGgrrrgggrrrr,35838.0
35840,5,rrryygrrryggrrrr,35841.0
35845,6,rrrrrGrrrrGGrrrr,35846.0
35850,0,gGgrrrGggrrrrGrG,35854.0
35855,1,gGgrrrGggrrrrrrr,35859.0
35860,2,yyyrrryyyrrrrrrr,35862.0
35865,3,rrrgGgrrrgggGrGr,35867.0
35870,4,rrrgGgrrrgggrrrr,35872.0
35875,6,rrrrrGrrrrGGrrrr,35880.0
35880,7,rrrrryrrrryyrrrr,35883.0
35885,0,gGgrrrGggrrrrGrG,35888.0
35890,1,gGgrrrGggrrrrrrr,35893.0
35895,2,yyyrrryyyrrrrrrr,35896.0
35900,3,rrrgGgrrrgggGrGr,35901.0
35905,4,rrrgGgrrrgggrrrr,35906.0
35910,6,rrrrrGrrrrGGrrrr,35914.0
35915,7,rrrrryrrrryyrrrr,35917.0
35920,0,gGgrrrGggrrrrGrG,35922.0
35925,1,gGgrrrGggrrrrrrr,35927.0
35930,3,rrrgGgrrrgggGrGr,35935.0
35935,4,rrrgGgrrrgggrrrr,35940.0
35940,5,rrryygrrryggrrrr,35943.0
35945,6,rrrrrGrrrrGGrrrr,35948.0
35950,7,rrrrryrrrryyrrrr,35951.0
35955,0,gGgrrrGggrrrrGrG,35956.0
35960,1,gGgrrrGggrrrrrrr,35961.0
35965,3,rrrgGgrrrgggGrGr,35969.0
35970,4,rrrgGgrrrgggrrrr,35974.0
35975,5,rrryygrrryggrrrr,35977.0
35980,6,rrrrrGrrrrGGrrrr,35982.0
35985,0,gGgrrrGggrrrrGrG,35990.0
35990,1,gGgrrrGggrrrrrrr,35995.0
35995,2,yyyrrryyyrrrrrrr,35998.0
36000,3,rrrgGgrrrgggGrGr,36003.0
36005,4,rrrgGgrrrgggrrrr,36008.0
36010,5,rrryygrrryggrrrr,36011.0
36015,6,rrrrrGrrrrGGrrrr,36016.0
36020,0,gGgrrrGggrrrrGrG,36024.0
36025,1,gGgrrrGggrrrrrrr,36029.0
36030,2,yyyrrryyyrrrrrrr,36032.0
36035,3,rrrgGgrrrgggGrGr,36037.0
36040,4,rrrgGgrrrgggrrrr,36042.0
36045,6,rrrrrGrrrrGGrrrr,36050.0
36050,7,rrrrryrrrryyrrrr,36053.0
36055,0,gGgrrrGggrrrrGrG,36058.0
36060,1,gGgrrrGggrrrrrrr,36063.0
36065,2,yyyrrryyyrrrrrrr,36066.0
36070,3,rrrgGgrrrgggGrGr,36071.0
36075,4,rrrgGgrrrgggrrrr,36076.0
36080,6,rrrrrGrrrrGGrrrr,36084.0
36085,7,rrrrryrrrryyrrrr,36087.0
36090,0,gGgrrrGggrrrrGrG,36092.0
36095,1,gGgrrrGggrrrrrrr,36097.0
36100,3,rrrgGgrrrgggGrGr,36105.0
36105,4,rrrgGgrrrgggrrrr,36110.0
36110,5,rrryygrrryggrrrr,36113.0
36115,6,rrrrrGrrrrGGrrrr,36118.0
36120,7,rrrrryrrrryyrrrr,36121.0
36125,0,gGgrrrGggrrrrGrG,36126.0
36130,1,gGgrrrGggrrrrrrr,36131.0
36135,3,rrrgGgrrrgggGrGr,36139.0
36140,4,rrrgGgrrrgggrrrr,36144.0
36145,5,rrryygrrryggrrrr,36147.0
36150,6,rrrrrGrrrrGGrrrr,36152.0
36155,0,gGgrrrGggrrrrGrG,36160.0
36160,1,gGgrrrGggrrrrrrr,36165.0
36165,2,yyyrrryyyrrrrrrr,36168.0
36170,3,rrrgGgrrrgggGrGr,36173.0
36175,4,rrrgGgrrrgggrrrr,36178.0
36180,5,rrryygrrryggrrrr,36181.0
36185,6,rrrrrGrrrrGGrrrr,36186.0
36190,0,gGgrrrGggrrrrGrG,36194.0
36195,1,gGgrrrGggrrrrrrr,36199.0
36200,2,yyyrrryyyrrrrrrr,36202.0
36205,3,rrrgGgrrrgggGrGr,36207.0
36210,4,rrrgGgrrrgggrrrr,36212.0
36215,6,rrrrrGrrrrGGrrrr,36220.0
36220,7,rrrrryrrrryyrrrr,36223.0
36225,0,gGgrrrGggrrrrGrG,36228.0
36230,1,gGgrrrGggrrrrrrr,36233.0
36235,2,yyyrrryyyrrrrrrr,36236.0
36240,3,rrrgGgrrrgggGrGr,36241.0
36245,4,rrrgGgrrrgggrrrr,36246.0
36250,6,rrrrrGrrrrGGrrrr,36254.0
36255,7,rrrrryrrrryyrrrr,36257.0
36260,0,gGgrrrGggrrrrGrG,36262.0
36265,1,gGgrrrGggrrrrrrr,36267.0
36270,3,rrrgGgrrrgggGrGr,36275.0
36275,4,rrrgGgrrrgggrrrr,36280.0
36280,5,rrryygrrryggrrrr,36283.0
36285,6,rrrrrGrrrrGGrrrr,36288.0
36290,7,rrrrryrrrryyrrrr,36291.0
36295,0,gGgrrrGggrrrrGrG,36296.0
36300,1,gGgrrrGggrrrrrrr,36301.0
36305,3,rrrgGgrrrgggGrGr,36309.0
36310,4,rrrgGgrrrgggrrrr,36314.0
36315,5,rrryygrrryggrrrr,36317.0
36320,6,rrrrrGrrrrGGrrrr,36322.0
36325,0,gGgrrrGggrrrrGrG,36330.0
36330,1,gGgrrrGggrrrrrrr,36335.0
36335,2,yyyrrryyyrrrrrrr,36338.0
36340,3,rrrgGgrrrgggGrGr,36343.0
36345,4,rrrgGgrrrgggrrrr,36348.0
36350,5,rrryygrrryggrrrr,36351.0
36355,6,rrrrrGrrrrGGrrrr,36356.0
36360,0,gGgrrrGggrrrrGrG,36364.0
36365,1,gGgrrrGggrrrrrrr,36369.0
36370,2,yyyrrryyyrrrrrrr,36372.0
36375,3,rrrgGgrrrgggGrGr,36377.0
36380,4,rrrgGgrrrgggrrrr,36382.0
36385,6,rrrrrGrrrrGGrrrr,36390.0
36390,7,rrrrryrrrryyrrrr,36393.0
36395,0,gGgrrrGggrrrrGrG,36398.0
36400,1,gGgrrrGggrrrrrrr,36403.0
36405,2,yyyrrryyyrrrrrrr,36406.0
36410,3,rrrgGgrrrgggGrGr,36411.0
36415,4,rrrgGgrrrgggrrrr,36416.0
36420,6,rrrrrGrrrrGGrrrr,36424.0
36425,7,rrrrryrrrryyrrrr,36427.0
36430,0,gGgrrrGggrrrrGrG,36432.0
36435,1,gGgrrrGggrrrrrrr,36437.0
36440,3,rrrgGgrrrgggGrGr,36445.0
36445,4,rrrgGgrrrgggrrrr,36450.0
36450,5,rrryygrrryggrrrr,36453.0
36455,6,rrrrrGrrrrGGrrrr,36458.0
36460,7,rrrrryrrrryyrrrr,36461.0
36465,0,gGgrrrGggrrrrGrG,36466.0
36470,1,gGgrrrGggrrrrrrr,36471.0
36475,3,rrrgGgrrrgggGrGr,36479.0
36480,4,rrrgGgrrrgggrrrr,36484.0
36485,5,rrryygrrryggrrrr,36487.0
36490,6,rrrrrGrrrrGGrrrr,36492.0
36495,0,gGgrrrGggrrrrGrG,36500.0
36500,1,gGgrrrGggrrrrrrr,36505.0
36505,2,yyyrrryyyrrrrrrr,36508.0
36510,3,rrrgGgrrrgggGrGr,36513.0
36515,4,rrrgGgrrrgggrrrr,36518.0
36520,5,rrryygrrryggrrrr,36521.0
36525,6,rrrrrGrrrrGGrrrr,36526.0
36530,0,gGgrrrGggrrrrGrG,36534.0
36535,1,gGgrrrGggrrrrrrr,36539.0
36540,2,yyyrrryyyrrrrrrr,36542.0
36545,3,rrrgGgrrrgggGrGr,36547.0
36550,4,rrrgGgrrrgggrrrr,36552.0
36555,6,rrrrrGrrrrGGrrrr,36560.0
36560,7,rrrrryrrrryyrrrr,36563.0
36565,0,gGgrrrGggrrrrGrG,36568.0
36570,1,gGgrrrGggrrrrrrr,36573.0
36575,2,yyyrrryyyrrrrrrr,36576.0
36580,3,rrrgGgrrrgggGrGr,36581.0
36585,4,rrrgGgrrrgggrrrr,36586.0
36590,6,rrrrrGrrrrGGrrrr,36594.0
36595,7,rrrrryrrrryyrrrr,36597.0
36600,0,gGgrrrGggrrrrGrG,36602.0
36605,1,gGgrrrGggrrrrrrr,36607.0
36610,3,rrrgGgrrrgggGrGr,36615.0
36615,4,rrrgGgrrrgggrrrr,36620.0
36620,5,rrryygrrryggrrrr,36623.0
36625,6,rrrrrGrrrrGGrrrr,36628.0
36630,7,rrrrryrrrryyrrrr,36631.0
36635,0,gGgrrrGggrrrrGrG,36636.0
36640,1,gGgrrrGggrrrrrrr,36641.0
36645,3,rrrgGgrrrgggGrGr,36649.0
36650,4,rrrgGgrrrgggrrrr,36654.0
36655,5,rrryygrrryggrrrr,36657.0
36660,6,rrrrrGrrrrGGrrrr,36662.0
36665,0,gGgrrrGggrrrrGrG,36670.0
36670,1,gGgrrrGggrrrrrrr,36675.0
36675,2,yyyrrryyyrrrrrrr,36678.0
36680,3,rrrgGgrrrgggGrGr,36683.0
36685,4,rrrgGgrrrgggrrrr,36688.0
36690,5,rrryygrrryggrrrr,36691.0
36695,6,rrrrrGrrrrGGrrrr,36696.0
36700,0,gGgrrrGggrrrrGrG,36704.0
36705,1,gGgrrrGggrrrrrrr,36709.0
36710,2,yyyrrryyyrrrrrrr,36712.0
36715,3,rrrgGgrrrgggGrGr,36717.0
36720,4,rrrgGgrrrgggrrrr,36722.0
36725,6,rrrrrGrrrrGGrrrr,36730.0
36730,7,rrrrryrrrryyrrrr,36733.0
36735,0,gGgrrrGggrrrrGrG,36738.0
36740,1,gGgrrrGggrrrrrrr,36743.0
36745,2,yyyrrryyyrrrrrrr,36746.0
36750,3,rrrgGgrrrgggGrGr,36751.0
36755,4,rrrgGgrrrgggrrrr,36756.0
36760,6,rrrrrGrrrrGGrrrr,36764.0
36765,7,rrrrryrrrryyrrrr,36767.0
36770,0,gGgrrrGggrrrrGrG,36772.0
36775,1,gGgrrrGggrrrrrrr,36777.0
36780,3,rrrgGgrrrgggGrGr,36785.0
36785,4,rrrgGgrrrgggrrrr,36790.0
36790,5,rrryygrrryggrrrr,36793.0
36795,6,rrrrrGrrrrGGrrrr,36798.0
36800,7,rrrrryrrrryyrrrr,36801.0
36805,0,gGgrrrGggrrrrGrG,36806.0
36810,1,gGgrrrGggrrrrrrr,36811.0
36815,3,rrrgGgrrrgggGrGr,36819.0
36820,4,rrrgGgrrrgggrrrr,36824.0
36825,5,rrryygrrryggrrrr,36827.0
36830,6,rrrrrGrrrrGGrrrr,36832.0
36835,0,gGgrrrGggrrrrGrG,36840.0
36840,1,gGgrrrGggrrrrrrr,36845.0
36845,2,yyyrrryyyrrrrrrr,36848.0
36850,3,rrrgGgrrrgggGrGr,36853.0
36855,4,rrrgGgrrrgggrrrr,36858.0
36860,5,rrryygrrryggrrrr,36861.0
36865,6,rrrrrGrrrrGGrrrr,36866.0
36870,0,gGgrrrGggrrrrGrG,36874.0
36875,1,gGgrrrGggrrrrrrr,36879.0
36880,2,yyyrrryyyrrrrrrr,36882.0
36885,3,rrrgGgrrrgggGrGr,36887.0
36890,4,rrrgGgrrrgggrrrr,36892.0
36895,6,rrrrrGrrrrGGrrrr,36900.0
36900,7,rrrrryrrrryyrrrr,36903.0
36905,0,gGgrrrGggrrrrGrG,36908.0
36910,1,gGgrrrGggrrrrrrr,36913.0
36915,2,yyyrrryyyrrrrrrr,36916.0
36920,3,rrrgGgrrrgggGrGr,36921.0
36925,4,rrrgGgrrrgggrrrr,36926.0
36930,6,rrrrrGrrrrGGrrrr,36934.0
36935,7,rrrrryrrrryyrrrr,36937.0
36940,0,gGgrrrGggrrrrGrG,36942.0
36945,1,gGgrrrGggrrrrrrr,36947.0
36950,3,rrrgGgrrrgggGrGr,36955.0
36955,4,rrrgGgrrrgggrrrr,36960.0
36960,5,rrryygrrryggrrrr,36963.0
36965,6,rrrrrGrrrrGGrrrr,36968.0
36970,7,rrrrryrrrryyrrrr,36971.0
36975,0,gGgrrrGggrrrrGrG,36976.0
36980,1,gGgrrrGggrrrrrrr,36981.0
36985,3,rrrgGgrrrgggGrGr,36989.0
36990,4,rrrgGgrrrgggrrrr,36994.0
36995,5,rrryygrrryggrrrr,36997.0
37000,6,rrrrrGrrrrGGrrrr,37002.0
37005,0,gGgrrrGggrrrrGrG,37010.0
37010,1,gGgrrrGggrrrrrrr,37015.0
37015,2,yyyrrryyyrrrrrrr,37018.0
37020,3,rrrgGgrrrgggGrGr,37023.0
37025,4,rrrgGgrrrgggrrrr,37028.0
37030,5,rrryygrrryggrrrr,37031.0
37035,6,rrrrrGrrrrGGrrrr,37036.0
37040,0,gGgrrrGggrrrrGrG,37044.0
37045,1,gGgrrrGggrrrrrrr,37049.0
37050,2,yyyrrryyyrrrrrrr,37052.0
37055,3,rrrgGgrrrgggGrGr,37057.0
37060,4,rrrgGgrrrgggrrrr,37062.0
37065,6,rrrrrGrrrrGGrrrr,37070.0
37070,7,rrrrryrrrryyrrrr,37073.0
37075,0,gGgrrrGggrrrrGrG,37078.0
37080,1,gGgrrrGggrrrrrrr,37083.0
37085,2,yyyrrryyyrrrrrrr,37086.0
37090,3,rrrgGgrrrgggGrGr,37091.0
37095,4,rrrgGgrrrgggrrrr,37096.0
37100,6,rrrrrGrrrrGGrrrr,37104.0
37105,7,rrrrryrrrryyrrrr,37107.0
37110,0,gGgrrrGggrrrrGrG,37112.0
37115,1,gGgrrrGggrrrrrrr,37117.0
37120,3,rrrgGgrrrgggGrGr,37125.0
37125,4,rrrgGgrrrgggrrrr,37130.0
37130,5,rrryygrrryggrrrr,37133.0
37135,6,rrrrrGrrrrGGrrrr,37138.0
37140,7,rrrrryrrrryyrrrr,37141.0
37145,0,gGgrrrGggrrrrGrG,37146.0
37150,1,gGgrrrGggrrrrrrr,37151.0
37155,3,rrrgGgrrrgggGrGr,37159.0
37160,4,rrrgGgrrrgggrrrr,37164.0
37165,5,rrryygrrryggrrrr,37167.0
37170,6,rrrrrGrrrrGGrrrr,37172.0
37175,0,gGgrrrGggrrrrGrG,37180.0
37180,1,gGgrrrGggrrrrrrr,37185.0
37185,2,yyyrrryyyrrrrrrr,37188.0
37190,3,rrrgGgrrrgggGrGr,37193.0
37195,4,rrrgGgrrrgggrrrr,37198.0
37200,5,rrryygrrryggrrrr,37201.0
37205,6,rrrrrGrrrrGGrrrr,37206.0
37210,0,gGgrrrGggrrrrGrG,37214.0
37215,1,gGgrrrGggrrrrrrr,37219.0
37220,2,yyyrrryyyrrrrrrr,37222.0
37225,3,rrrgGgrrrgggGrGr,37227.0
37230,4,rrrgGgrrrgggrrrr,37232.0
37235,6,rrrrrGrrrrGGrrrr,37240.0
37240,7,rrrrryrrrryyrrrr,37243.0
37245,0,gGgrrrGggrrrrGrG,37248.0
37250,1,gGgrrrGggrrrrrrr,37253.0
37255,2,yyyrrryyyrrrrrrr,37256.0
37260,3,rrrgGgrrrgggGrGr,37261.0
37265,4,rrrgGgrrrgggrrrr,37266.0
37270,6,rrrrrGrrrrGGrrrr,37274.0
37275,7,rrrrryrrrryyrrrr,37277.0
37280,0,gGgrrrGggrrrrGrG,37282.0
37285,1,gGgrrrGggrrrrrrr,37287.0
37290,3,rrrgGgrrrgggGrGr,37295.0
37295,4,rrrgGgrrrgggrrrr,37300.0
37300,5,rrryygrrryggrrrr,37303.0
37305,6,rrrrrGrrrrGGrrrr,37308.0
37310,7,rrrrryrrrryyrrrr,37311.0
37315,0,gGgrrrGggrrrrGrG,37316.0
37320,1,gGgrrrGggrrrrrrr,37321.0
37325,3,rrrgGgrrrgggGrGr,37329.0
37330,4,rrrgGgrrrgggrrrr,37334.0
37335,5,rrryygrrryggrrrr,37337.0
37340,6,rrrrrGrrrrGGrrrr,37342.0
37345,0,gGgrrrGggrrrrGrG,37350.0
37350,1,gGgrrrGggrrrrrrr,37355.0
37355,2,yyyrrryyyrrrrrrr,37358.0
37360,3,rrrgGgrrrgggGrGr,37363.0
37365,4,rrrgGgrrrgggrrrr,37368.0
37370,5,rrryygrrryggrrrr,37371.0
37375,6,rrrrrGrrrrGGrrrr,37376.0
37380,0,gGgrrrGggrrrrGrG,37384.0
37385,1,gGgrrrGggrrrrrrr,37389.0
37390,2,yyyrrryyyrrrrrrr,37392.0
37395,3,rrrgGgrrrgggGrGr,37397.0
37400,4,rrrgGgrrrgggrrrr,37402.0
37405,6,rrrrrGrrrrGGrrrr,37410.0
37410,7,rrrrryrrrryyrrrr,37413.0
37415,0,gGgrrrGggrrrrGrG,37418.0
37420,1,gGgrrrGggrrrrrrr,37423.0
37425,2,yyyrrryyyrrrrrrr,37426.0
37430,3,rrrgGgrrrgggGrGr,37431.0
37435,4,rrrgGgrrrgggrrrr,37436.0
37440,6,rrrrrGrrrrGGrrrr,37444.0
37445,7,rrrrryrrrryyrrrr,37447.0
37450,0,gGgrrrGggrrrrGrG,37452.0
37455,1,gGgrrrGggrrrrrrr,37457.0
37460,3,rrrgGgrrrgggGrGr,37465.0
37465,4,rrrgGgrrrgggrrrr,37470.0
37470,5,rrryygrrryggrrrr,37473.0
37475,6,rrrrrGrrrrGGrrrr,37478.0
37480,7,rrrrryrrrryyrrrr,37481.0
37485,0,gGgrrrGggrrrrGrG,37486.0
37490,1,gGgrrrGggrrrrrrr,37491.0
37495,3,rrrgGgrrrgggGrGr,37499.0
37500,4,rrrgGgrrrgggrrrr,37504.0
37505,5,rrryygrrryggrrrr,37507.0
37510,6,rrrrrGrrrrGGrrrr,37512.0
37515,0,gGgrrrGggrrrrGrG,37520.0
37520,1,gGgrrrGggrrrrrrr,37525.0
37525,2,yyyrrryyyrrrrrrr,37528.0
37530,3,rrrgGgrrrgggGrGr,37533.0
37535,4,rrrgGgrrrgggrrrr,37538.0
37540,5,rrryygrrryggrrrr,37541.0
37545,6,rrrrrGrrrrGGrrrr,37546.0
37550,0,gGgrrrGggrrrrGrG,37554.0
37555,1,gGgrrrGggrrrrrrr,37559.0
37560,2,yyyrrryyyrrrrrrr,37562.0
37565,3,rrrgGgrrrgggGrGr,37567.0
37570,4,rrrgGgrrrgggrrrr,37572.0
37575,6,rrrrrGrrrrGGrrrr,37580.0
37580,7,rrrrryrrrryyrrrr,37583.0
37585,0,gGgrrrGggrrrrGrG,37588.0
37590,1,gGgrrrGggrrrrrrr,37593.0
37595,2,yyyrrryyyrrrrrrr,37596.0
37600,3,rrrgGgrrrgggGrGr,37601.0
37605,4,rrrgGgrrrgggrrrr,37606.0
37610,6,rrrrrGrrrrGGrrrr,37614.0
37615,7,rrrrryrrrryyrrrr,37617.0
37620,0,gGgrrrGggrrrrGrG,37622.0
37625,1,gGgrrrGggrrrrrrr,37627.0
37630,3,rrrgGgrrrgggGrGr,37635.0
37635,4,rrrgGgrrrgggrrrr,37640.0
37640,5,rrryygrrryggrrrr,37643.0
37645,6,rrrrrGrrrrGGrrrr,37648.0
37650,7,rrrrryrrrryyrrrr,37651.0
37655,0,gGgrrrGggrrrrGrG,37656.0
37660,1,gGgrrrGggrrrrrrr,37661.0
37665,3,rrrgGgrrrgggGrGr,37669.0
37670,4,rrrgGgrrrgggrrrr,37674.0
37675,5,rrryygrrryggrrrr,37677.0
37680,6,rrrrrGrrrrGGrrrr,37682.0
37685,0,gGgrrrGggrrrrGrG,37690.0
37690,1,gGgrrrGggrrrrrrr,37695.0
37695,2,yyyrrryyyrrrrrrr,37698.0
37700,3,rrrgGgrrrgggGrGr,37703.0
37705,4,rrrgGgrrrgggrrrr,37708.0
37710,5,rrryygrrryggrrrr,37711.0
37715,6,rrrrrGrrrrGGrrrr,37716.0
37720,0,gGgrrrGggrrrrGrG,37724.0
37725,1,gGgrrrGggrrrrrrr,37729.0
37730,2,yyyrrryyyrrrrrrr,37732.0
37735,3,rrrgGgrrrgggGrGr,37737.0
37740,4,rrrgGgrrrgggrrrr,37742.0
37745,6,rrrrrGrrrrGGrrrr,37750.0
37750,7,rrrrryrrrryyrrrr,37753.0
37755,0,gGgrrrGggrrrrGrG,37758.0
37760,1,gGgrrrGggrrrrrrr,37763.0
37765,2,yyyrrryyyrrrrrrr,37766.0
37770,3,rrrgGgrrrgggGrGr,37771.0
37775,4,rrrgGgrrrgggrrrr,37776.0
37780,6,rrrrrGrrrrGGrrrr,37784.0
37785,7,rrrrryrrrryyrrrr,37787.0
37790,0,gGgrrrGggrrrrGrG,37792.0
37795,1,gGgrrrGggrrrrrrr,37797.0
37800,3,rrrgGgrrrgggGrGr,37805.0
37805,4,rrrgGgrrrgggrrrr,37810.0
37810,5,rrryygrrryggrrrr,37813.0
37815,6,rrrrrGrrrrGGrrrr,37818.0
37820,7,rrrrryrrrryyrrrr,37821.0
37825,0,gGgrrrGggrrrrGrG,37826.0
37830,1,gGgrrrGggrrrrrrr,37831.0
37835,3,rrrgGgrrrgggGrGr,37839.0
37840,4,rrrgGgrrrgggrrrr,37844.0
37845,5,rrryygrrryggrrrr,37847.0
37850,6,rrrrrGrrrrGGrrrr,37852.0
37855,0,gGgrrrGggrrrrGrG,37860.0
37860,1,gGgrrrGggrrrrrrr,37865.0
37865,2,yyyrrryyyrrrrrrr,37868.0
37870,3,rrrgGgrrrgggGrGr,37873.0
37875,4,rrrgGgrrrgggrrrr,37878.0
37880,5,rrryygrrryggrrrr,37881.0
37885,6,rrrrrGrrrrGGrrrr,37886.0
37890,0,gGgrrrGggrrrrGrG,37894.0
37895,1,gGgrrrGggrrrrrrr,37899.0
37900,2,yyyrrryyyrrrrrrr,37902.0
37905,3,rrrgGgrrrgggGrGr,37907.0
37910,4,rrrgGgrrrgggrrrr,37912.0
37915,6,rrrrrGrrrrGGrrrr,37920.0
37920,7,rrrrryrrrryyrrrr,37923.0
37925,0,gGgrrrGggrrrrGrG,37928.0
37930,1,gGgrrrGggrrrrrrr,37933.0
37935,2,yyyrrryyyrrrrrrr,37936.0
37940,3,rrrgGgrrrgggGrGr,37941.0
37945,4,rrrgGgrrrgggrrrr,37946.0
37950,6,rrrrrGrrrrGGrrrr,37954.0
37955,7,rrrrryrrrryyrrrr,37957.0
37960,0,gGgrrrGggrrrrGrG,37962.0
37965,1,gGgrrrGggrrrrrrr,37967.0
37970,3,rrrgGgrrrgggGrGr,37975.0
37975,4,rrrgGgrrrgggrrrr,37980.0
37980,5,rrryygrrryggrrrr,37983.0
37985,6,rrrrrGrrrrGGrrrr,37988.0
37990,7,rrrrryrrrryyrrrr,37991.0
37995,0,gGgrrrGggrrrrGrG,37996.0
38000,1,gGgrrrGggrrrrrrr,38001.0
38005,3,rrrgGgrrrgggGrGr,38009.0
38010,4,rrrgGgrrrgggrrrr,38014.0
38015,5,rrryygrrryggrrrr,38017.0
38020,6,rrrrrGrrrrGGrrrr,38022.0
38025,0,gGgrrrGggrrrrGrG,38030.0
38030,1,gGgrrrGggrrrrrrr,38035.0
38035,2,yyyrrryyyrrrrrrr,38038.0
38040,3,rrrgGgrrrgggGrGr,38043.0
38045,4,rrrgGgrrrgggrrrr,38048.0
38050,5,rrryygrrryggrrrr,38051.0
38055,6,rrrrrGrrrrGGrrrr,38056.0
38060,0,gGgrrrGggrrrrGrG,38064.0
38065,1,gGgrrrGggrrrrrrr,38069.0
38070,2,yyyrrryyyrrrrrrr,38072.0
38075,3,rrrgGgrrrgggGrGr,38077.0
38080,4,rrrgGgrrrgggrrrr,38082.0
38085,6,rrrrrGrrrrGGrrrr,38090.0
38090,7,rrrrryrrrryyrrrr,38093.0
38095,0,gGgrrrGggrrrrGrG,38098.0
38100,1,gGgrrrGggrrrrrrr,38103.0
38105,2,yyyrrryyyrrrrrrr,38106.0
38110,3,rrrgGgrrrgggGrGr,38111.0
38115,4,rrrgGgrrrgggrrrr,38116.0
38120,6,rrrrrGrrrrGGrrrr,38124.0
38125,7,rrrrryrrrryyrrrr,38127.0
38130,0,gGgrrrGggrrrrGrG,38132.0
38135,1,gGgrrrGggrrrrrrr,38137.0
38140,3,rrrgGgrrrgggGrGr,38145.0
38145,4,rrrgGgrrrgggrrrr,38150.0
38150,5,rrryygrrryggrrrr,38153.0
38155,6,rrrrrGrrrrGGrrrr,38158.0
38160,7,rrrrryrrrryyrrrr,38161.0
38165,0,gGgrrrGggrrrrGrG,38166.0
38170,1,gGgrrrGggrrrrrrr,38171.0
38175,3,rrrgGgrrrgggGrGr,38179.0
38180,4,rrrgGgrrrgggrrrr,38184.0
38185,5,rrryygrrryggrrrr,38187.0
38190,6,rrrrrGrrrrGGrrrr,38192.0
38195,0,gGgrrrGggrrrrGrG,38200.0
38200,1,gGgrrrGggrrrrrrr,38205.0
38205,2,yyyrrryyyrrrrrrr,38208.0
38210,3,rrrgGgrrrgggGrGr,38213.0
38215,4,rrrgGgrrrgggrrrr,38218.0
38220,5,rrryygrrryggrrrr,38221.0
38225,6,rrrrrGrrrrGGrrrr,38226.0
38230,0,gGgrrrGggrrrrGrG,38234.0
38235,1,gGgrrrGggrrrrrrr,38239.0
38240,2,yyyrrryyyrrrrrrr,38242.0
38245,3,rrrgGgrrrgggGrGr,38247.0
38250,4,rrrgGgrrrgggrrrr,38252.0
38255,6,rrrrrGrrrrGGrrrr,38260.0
38260,7,rrrrryrrrryyrrrr,38263.0
38265,0,gGgrrrGggrrrrGrG,38268.0
38270,1,gGgrrrGggrrrrrrr,38273.0
38275,2,yyyrrryyyrrrrrrr,38276.0
38280,3,rrrgGgrrrgggGrGr,38281.0
38285,4,rrrgGgrrrgggrrrr,38286.0
38290,6,rrrrrGrrrrGGrrrr,38294.0
38295,7,rrrrryrrrryyrrrr,38297.0
38300,0,gGgrrrGggrrrrGrG,38302.0
38305,1,gGgrrrGggrrrrrrr,38307.0
38310,3,rrrgGgrrrgggGrGr,38315.0
38315,4,rrrgGgrrrgggrrrr,38320.0
38320,5,rrryygrrryggrrrr,38323.0
38325,6,rrrrrGrrrrGGrrrr,38328.0
38330,7,rrrrryrrrryyrrrr,38331.0
38335,0,gGgrrrGggrrrrGrG,38336.0
38340,1,gGgrrrGggrrrrrrr,38341.0
38345,3,rrrgGgrrrgggGrGr,38349.0
38350,4,rrrgGgrrrgggrrrr,38354.0
38355,5,rrryygrrryggrrrr,38357.0
38360,6,rrrrrGrrrrGGrrrr,38362.0
38365,0,gGgrrrGggrrrrGrG,38370.0
38370,1,gGgrrrGggrrrrrrr,38375.0
38375,2,yyyrrryyyrrrrrrr,38378.0
38380,3,rrrgGgrrrgggGrGr,38383.0
38385,4,rrrgGgrrrgggrrrr,38388.0
38390,5,rrryygrrryggrrrr,38391.0
38395,6,rrrrrGrrrrGGrrrr,38396.0
38400,0,gGgrrrGggrrrrGrG,38404.0
38405,1,gGgrrrGggrrrrrrr,38409.0
38410,2,yyyrrryyyrrrrrrr,38412.0
38415,3,rrrgGgrrrgggGrGr,38417.0
38420,4,rrrgGgrrrgggrrrr,38422.0
38425,6,rrrrrGrrrrGGrrrr,38430.0
38430,7,rrrrryrrrryyrrrr,38433.0
38435,0,gGgrrrGggrrrrGrG,38438.0
38440,1,gGgrrrGggrrrrrrr,38443.0
38445,2,yyyrrryyyrrrrrrr,38446.0
38450,3,rrrgGgrrrgggGrGr,38451.0
38455,4,rrrgGgrrrgggrrrr,38456.0
38460,6,rrrrrGrrrrGGrrrr,38464.0
38465,7,rrrrryrrrryyrrrr,38467.0
38470,0,gGgrrrGggrrrrGrG,38472.0
38475,1,gGgrrrGggrrrrrrr,38477.0
38480,3,rrrgGgrrrgggGrGr,38485.0
38485,4,rrrgGgrrrgggrrrr,38490.0
38490,5,rrryygrrryggrrrr,38493.0
38495,6,rrrrrGrrrrGGrrrr,38498.0
38500,7,rrrrryrrrryyrrrr,38501.0
38505,0,gGgrrrGggrrrrGrG,38506.0
38510,1,gGgrrrGggrrrrrrr,38511.0
38515,3,rrrgGgrrrgggGrGr,38519.0
38520,4,rrrgGgrrrgggrrrr,38524.0
38525,5,rrryygrrryggrrrr,38527.0
38530,6,rrrrrGrrrrGGrrrr,38532.0
38535,0,gGgrrrGggrrrrGrG,38540.0
38540,1,gGgrrrGggrrrrrrr,38545.0
38545,2,yyyrrryyyrrrrrrr,38548.0
38550,3,rrrgGgrrrgggGrGr,38553.0
38555,4,rrrgGgrrrgggrrrr,38558.0
38560,5,rrryygrrryggrrrr,38561.0
38565,6,rrrrrGrrrrGGrrrr,38566.0
38570,0,gGgrrrGggrrrrGrG,38574.0
38575,1,gGgrrrGggrrrrrrr,38579.0
38580,2,yyyrrryyyrrrrrrr,38582.0
38585,3,rrrgGgrrrgggGrGr,38587.0
38590,4,rrrgGgrrrgggrrrr,38592.0
38595,6,rrrrrGrrrrGGrrrr,38600.0
38600,7,rrrrryrrrryyrrrr,38603.0
38605,0,gGgrrrGggrrrrGrG,38608.0
38610,1,gGgrrrGggrrrrrrr,38613.0
38615,2,yyyrrryyyrrrrrrr,38616.0
38620,3,rrrgGgrrrgggGrGr,38621.0
38625,4,rrrgGgrrrgggrrrr,38626.0
38630,6,rrrrrGrrrrGGrrrr,38634.0
38635,7,rrrrryrrrryyrrrr,38637.0
38640,0,gGgrrrGggrrrrGrG,38642.0
38645,1,gGgrrrGggrrrrrrr,38647.0
38650,3,rrrgGgrrrgggGrGr,38655.0
38655,4,rrrgGgrrrgggrrrr,38660.0
38660,5,rrryygrrryggrrrr,38663.0
38665,6,rrrrrGrrrrGGrrrr,38668.0
38670,7,rrrrryrrrryyrrrr,38671.0
38675,0,gGgrrrGggrrrrGrG,38676.0
38680,1,gGgrrrGggrrrrrrr,38681.0
38685,3,rrrgGgrrrgggGrGr,38689.0
38690,4,rrrgGgrrrgggrrrr,38694.0
38695,5,rrryygrrryggrrrr,38697.0
38700,6,rrrrrGrrrrGGrrrr,38702.0
38705,0,gGgrrrGggrrrrGrG,38710.0
38710,1,gGgrrrGggrrrrrrr,38715.0
38715,2,yyyrrryyyrrrrrrr,38718.0
38720,3,rrrgGgrrrgggGrGr,38723.0
38725,4,rrrgGgrrrgggrrrr,38728.0
38730,5,rrryygrrryggrrrr,38731.0
38735,6,rrrrrGrrrrGGrrrr,38736.0
38740,0,gGgrrrGggrrrrGrG,38744.0
38745,1,gGgrrrGggrrrrrrr,38749.0
38750,2,yyyrrryyyrrrrrrr,38752.0
38755,3,rrrgGgrrrgggGrGr,38757.0
38760,4,rrrgGgrrrgggrrrr,38762.0
38765,6,rrrrrGrrrrGGrrrr,38770.0
38770,7,rrrrryrrrryyrrrr,38773.0
38775,0,gGgrrrGggrrrrGrG,38778.0
38780,1,gGgrrrGggrrrrrrr,38783.0
38785,2,yyyrrryyyrrrrrrr,38786.0
38790,3,rrrgGgrrrgggGrGr,38791.0
38795,4,rrrgGgrrrgggrrrr,38796.0
38800,6,rrrrrGrrrrGGrrrr,38804.0
38805,7,rrrrryrrrryyrrrr,38807.0
38810,0,gGgrrrGggrrrrGrG,38812.0
38815,1,gGgrrrGggrrrrrrr,38817.0
38820,3,rrrgGgrrrgggGrGr,38825.0
38825,4,rrrgGgrrrgggrrrr,38830.0
38830,5,rrryygrrryggrrrr,38833.0
38835,6,rrrrrGrrrrGGrrrr,38838.0
38840,7,rrrrryrrrryyrrrr,38841.0
38845,0,gGgrrrGggrrrrGrG,38846.0
38850,1,gGgrrrGggrrrrrrr,38851.0
38855,3,rrrgGgrrrgggGrGr,38859.0
38860,4,rrrgGgrrrgggrrrr,38864.0
38865,5,rrryygrrryggrrrr,38867.0
38870,6,rrrrrGrrrrGGrrrr,38872.0
38875,0,gGgrrrGggrrrrGrG,38880.0
38880,1,gGgrrrGggrrrrrrr,38885.0
38885,2,yyyrrryyyrrrrrrr,38888.0
38890,3,rrrgGgrrrgggGrGr,38893.0
38895,4,rrrgGgrrrgggrrrr,38898.0
38900,5,rrryygrrryggrrrr,38901.0
38905,6,rrrrrGrrrrGGrrrr,38906.0
38910,0,gGgrrrGggrrrrGrG,38914.0
38915,1,gGgrrrGggrrrrrrr,38919.0
38920,2,yyyrrryyyrrrrrrr,38922.0
38925,3,rrrgGgrrrgggGrGr,38927.0
38930,4,rrrgGgrrrgggrrrr,38932.0
38935,6,rrrrrGrrrrGGrrrr,38940.0
38940,7,rrrrryrrrryyrrrr,38943.0
38945,0,gGgrrrGggrrrrGrG,38948.0
38950,1,gGgrrrGggrrrrrrr,38953.0
38955,2,yyyrrryyyrrrrrrr,38956.0
38960,3,rrrgGgrrrgggGrGr,38961.0
38965,4,rrrgGgrrrgggrrrr,38966.0
38970,6,rrrrrGrrrrGGrrrr,38974.0
38975,7,rrrrryrrrryyrrrr,38977.0
38980,0,gGgrrrGggrrrrGrG,38982.0
38985,1,gGgrrrGggrrrrrrr,38987.0
38990,3,rrrgGgrrrgggGrGr,38995.0
38995,4,rrrgGgrrrgggrrrr,39000.0
39000,5,rrryygrrryggrrrr,39003.0
39005,6,rrrrrGrrrrGGrrrr,39008.0
39010,7,rrrrryrrrryyrrrr,39011.0
39015,0,gGgrrrGggrrrrGrG,39016.0
39020,1,gGgrrrGggrrrrrrr,39021.0
39025,3,rrrgGgrrrgggGrGr,39029.0
39030,4,rrrgGgrrrgggrrrr,39034.0
39035,5,rrryygrrryggrrrr,39037.0
39040,6,rrrrrGrrrrGGrrrr,39042.0
39045,0,gGgrrrGggrrrrGrG,39050.0
39050,1,gGgrrrGggrrrrrrr,39055.0
39055,2,yyyrrryyyrrrrrrr,39058.0
39060,3,rrrgGgrrrgggGrGr,39063.0
39065,4,rrrgGgrrrgggrrrr,39068.0
39070,5,rrryygrrryggrrrr,39071.0
39075,6,rrrrrGrrrrGGrrrr,39076.0
39080,0,gGgrrrGggrrrrGrG,39084.0
39085,1,gGgrrrGggrrrrrrr,39089.0
39090,2,yyyrrryyyrrrrrrr,39092.0
39095,3,rrrgGgrrrgggGrGr,39097.0
39100,4,rrrgGgrrrgggrrrr,39102.0
39105,6,rrrrrGrrrrGGrrrr,39110.0
39110,7,rrrrryrrrryyrrrr,39113.0
39115,0,gGgrrrGggrrrrGrG,39118.0
39120,1,gGgrrrGggrrrrrrr,39123.0
39125,2,yyyrrryyyrrrrrrr,39126.0
39130,3,rrrgGgrrrgggGrGr,39131.0
39135,4,rrrgGgrrrgggrrrr,39136.0
39140,6,rrrrrGrrrrGGrrrr,39144.0
39145,7,rrrrryrrrryyrrrr,39147.0
39150,0,gGgrrrGggrrrrGrG,39152.0
39155,1,gGgrrrGggrrrrrrr,39157.0
39160,3,rrrgGgrrrgggGrGr,39165.0
39165,4,rrrgGgrrrgggrrrr,39170.0
39170,5,rrryygrrryggrrrr,39173.0
39175,6,rrrrrGrrrrGGrrrr,39178.0
39180,7,rrrrryrrrryyrrrr,39181.0
39185,0,gGgrrrGggrrrrGrG,39186.0
39190,1,gGgrrrGggrrrrrrr,39191.0
39195,3,rrrgGgrrrgggGrGr,39199.0
39200,4,rrrgGgrrrgggrrrr,39204.0
39205,5,rrryygrrryggrrrr,39207.0
39210,6,rrrrrGrrrrGGrrrr,39212.0
39215,0,gGgrrrGggrrrrGrG,39220.0
39220,1,gGgrrrGggrrrrrrr,39225.0
39225,2,yyyrrryyyrrrrrrr,39228.0
39230,3,rrrgGgrrrgggGrGr,39233.0
39235,4,rrrgGgrrrgggrrrr,39238.0
39240,5,rrryygrrryggrrrr,39241.0
39245,6,rrrrrGrrrrGGrrrr,39246.0
39250,0,gGgrrrGggrrrrGrG,39254.0
39255,1,gGgrrrGggrrrrrrr,39259.0
39260,2,yyyrrryyyrrrrrrr,39262.0
39265,3,rrrgGgrrrgggGrGr,39267.0
39270,4,rrrgGgrrrgggrrrr,39272.0
39275,6,rrrrrGrrrrGGrrrr,39280.0
39280,7,rrrrryrrrryyrrrr,39283.0
39285,0,gGgrrrGggrrrrGrG,39288.0
39290,1,gGgrrrGggrrrrrrr,39293.0
39295,2,yyyrrryyyrrrrrrr,39296.0
39300,3,rrrgGgrrrgggGrGr,39301.0
39305,4,rrrgGgrrrgggrrrr,39306.0
39310,6,rrrrrGrrrrGGrrrr,39314.0
39315,7,rrrrryrrrryyrrrr,39317.0
39320,0,gGgrrrGggrrrrGrG,39322.0
39325,1,gGgrrrGggrrrrrrr,39327.0
39330,3,rrrgGgrrrgggGrGr,39335.0
39335,4,rrrgGgrrrgggrrrr,39340.0
39340,5,rrryygrrryggrrrr,39343.0
39345,6,rrrrrGrrrrGGrrrr,39348.0
39350,7,rrrrryrrrryyrrrr,39351.0
39355,0,gGgrrrGggrrrrGrG,39356.0
39360,1,gGgrrrGggrrrrrrr,39361.0
39365,3,rrrgGgrrrgggGrGr,39369.0
39370,4,rrrgGgrrrgggrrrr,39374.0
39375,5,rrryygrrryggrrrr,39377.0
39380,6,rrrrrGrrrrGGrrrr,39382.0
39385,0,gGgrrrGggrrrrGrG,39390.0
39390,1,gGgrrrGggrrrrrrr,39395.0
39395,2,yyyrrryyyrrrrrrr,39398.0
39400,3,rrrgGgrrrgggGrGr,39403.0
39405,4,rrrgGgrrrgggrrrr,39408.0
39410,5,rrryygrrryggrrrr,39411.0
39415,6,rrrrrGrrrrGGrrrr,39416.0
39420,0,gGgrrrGggrrrrGrG,39424.0
39425,1,gGgrrrGggrrrrrrr,39429.0
39430,2,yyyrrryyyrrrrrrr,39432.0
39435,3,rrrgGgrrrgggGrGr,39437.0
39440,4,rrrgGgrrrgggrrrr,39442.0
39445,6,rrrrrGrrrrGGrrrr,39450.0
39450,7,rrrrryrrrryyrrrr,39453.0
39455,0,gGgrrrGggrrrrGrG,39458.0
39460,1,gGgrrrGggrrrrrrr,39463.0
39465,2,yyyrrryyyrrrrrrr,39466.0
39470,3,rrrgGgrrrgggGrGr,39471.0
39475,4,rrrgGgrrrgggrrrr,39476.0
39480,6,rrrrrGrrrrGGrrrr,39484.0
39485,7,rrrrryrrrryyrrrr,39487.0
39490,0,gGgrrrGggrrrrGrG,39492.0
39495,1,gGgrrrGggrrrrrrr,39497.0
39500,3,rrrgGgrrrgggGrGr,39505.0
39505,4,rrrgGgrrrgggrrrr,39510.0
39510,5,rrryygrrryggrrrr,39513.0
39515,6,rrrrrGrrrrGGrrrr,39518.0
39520,7,rrrrryrrrryyrrrr,39521.0
39525,0,gGgrrrGggrrrrGrG,39526.0
39530,1,gGgrrrGggrrrrrrr,39531.0
39535,3,rrrgGgrrrgggGrGr,39539.0
39540,4,rrrgGgrrrgggrrrr,39544.0
39545,5,rrryygrrryggrrrr,39547.0
39550,6,rrrrrGrrrrGGrrrr,39552.0
39555,0,gGgrrrGggrrrrGrG,39560.0
39560,1,gGgrrrGggrrrrrrr,39565.0
39565,2,yyyrrryyyrrrrrrr,39568.0
39570,3,rrrgGgrrrgggGrGr,39573.0
39575,4,rrrgGgrrrgggrrrr,39578.0
39580,5,rrryygrrryggrrrr,39581.0
39585,6,rrrrrGrrrrGGrrrr,39586.0
39590,0,gGgrrrGggrrrrGrG,39594.0
39595,1,gGgrrrGggrrrrrrr,39599.0
39600,2,yyyrrryyyrrrrrrr,39602.0
39605,3,rrrgGgrrrgggGrGr,39607.0
39610,4,rrrgGgrrrgggrrrr,39612.0
39615,6,rrrrrGrrrrGGrrrr,39620.0
39620,7,rrrrryrrrryyrrrr,39623.0
39625,0,gGgrrrGggrrrrGrG,39628.0
39630,1,gGgrrrGggrrrrrrr,39633.0
39635,2,yyyrrryyyrrrrrrr,39636.0
39640,3,rrrgGgrrrgggGrGr,39641.0
39645,4,rrrgGgrrrgggrrrr,39646.0
39650,6,rrrrrGrrrrGGrrrr,39654.0
39655,7,rrrrryrrrryyrrrr,39657.0
39660,0,gGgrrrGggrrrrGrG,39662.0
39665,1,gGgrrrGggrrrrrrr,39667.0
39670,3,rrrgGgrrrgggGrGr,39675.0
39675,4,rrrgGgrrrgggrrrr,39680.0
39680,5,rrryygrrryggrrrr,39683.0
39685,6,rrrrrGrrrrGGrrrr,39688.0
39690,7,rrrrryrrrryyrrrr,39691.0
39695,0,gGgrrrGggrrrrGrG,39696.0
39700,1,gGgrrrGggrrrrrrr,39701.0
39705,3,rrrgGgrrrgggGrGr,39709.0
39710,4,rrrgGgrrrgggrrrr,39714.0
39715,5,rrryygrrryggrrrr,39717.0
39720,6,rrrrrGrrrrGGrrrr,39722.0
39725,0,gGgrrrGggrrrrGrG,39730.0
39730,1,gGgrrrGggrrrrrrr,39735.0
39735,2,yyyrrryyyrrrrrrr,39738.0
39740,3,rrrgGgrrrgggGrGr,39743.0
39745,4,rrrgGgrrrgggrrrr,39748.0
39750,5,rrryygrrryggrrrr,39751.0
39755,6,rrrrrGrrrrGGrrrr,39756.0
39760,0,gGgrrrGggrrrrGrG,39764.0
39765,1,gGgrrrGggrrrrrrr,39769.0
39770,2,yyyrrryyyrrrrrrr,39772.0
39775,3,rrrgGgrrrgggGrGr,39777.0
39780,4,rrrgGgrrrgggrrrr,39782.0
39785,6,rrrrrGrrrrGGrrrr,39790.0
39790,7,rrrrryrrrryyrrrr,39793.0
39795,0,gGgrrrGggrrrrGrG,39798.0
39800,1,gGgrrrGggrrrrrrr,39803.0
39805,2,yyyrrryyyrrrrrrr,39806.0
39810,3,rrrgGgrrrgggGrGr,39811.0
39815,4,rrrgGgrrrgggrrrr,39816.0
39820,6,rrrrrGrrrrGGrrrr,39824.0
39825,7,rrrrryrrrryyrrrr,39827.0
39830,0,gGgrrrGggrrrrGrG,39832.0
39835,1,gGgrrrGggrrrrrrr,39837.0
39840,3,rrrgGgrrrgggGrGr,39845.0
39845,4,rrrgGgrrrgggrrrr,39850.0
39850,5,rrryygrrryggrrrr,39853.0
39855,6,rrrrrGrrrrGGrrrr,39858.0
39860,7,rrrrryrrrryyrrrr,39861.0
39865,0,gGgrrrGggrrrrGrG,39866.0
39870,1,gGgrrrGggrrrrrrr,39871.0
39875,3,rrrgGgrrrgggGrGr,39879.0
39880,4,rrrgGgrrrgggrrrr,39884.0
39885,5,rrryygrrryggrrrr,39887.0
39890,6,rrrrrGrrrrGGrrrr,39892.0
39895,0,gGgrrrGggrrrrGrG,39900.0
39900,1,gGgrrrGggrrrrrrr,39905.0
39905,2,yyyrrryyyrrrrrrr,39908.0
39910,3,rrrgGgrrrgggGrGr,39913.0
39915,4,rrrgGgrrrgggrrrr,39918.0
39920,5,rrryygrrryggrrrr,39921.0
39925,6,rrrrrGrrrrGGrrrr,39926.0
39930,0,gGgrrrGggrrrrGrG,39934.0
39935,1,gGgrrrGggrrrrrrr,39939.0
39940,2,yyyrrryyyrrrrrrr,39942.0
39945,3,rrrgGgrrrgggGrGr,39947.0
39950,4,rrrgGgrrrgggrrrr,39952.0
39955,6,rrrrrGrrrrGGrrrr,39960.0
39960,7,rrrrryrrrryyrrrr,39963.0
39965,0,gGgrrrGggrrrrGrG,39968.0
39970,1,gGgrrrGggrrrrrrr,39973.0
39975,2,yyyrrryyyrrrrrrr,39976.0
39980,3,rrrgGgrrrgggGrGr,39981.0
39985,4,rrrgGgrrrgggrrrr,39986.0
39990,6,rrrrrGrrrrGGrrrr,39994.0
39995,7,rrrrryrrrryyrrrr,39997.0
40000,0,gGgrrrGggrrrrGrG,40002.0
40005,1,gGgrrrGggrrrrrrr,40007.0
40010,3,rrrgGgrrrgggGrGr,40015.0
40015,4,rrrgGgrrrgggrrrr,40020.0
40020,5,rrryygrrryggrrrr,40023.0
40025,6,rrrrrGrrrrGGrrrr,40028.0
40030,7,rrrrryrrrryyrrrr,40031.0
40035,0,gGgrrrGggrrrrGrG,40036.0
40040,1,gGgrrrGggrrrrrrr,40041.0
40045,3,rrrgGgrrrgggGrGr,40049.0
40050,4,rrrgGgrrrgggrrrr,40054.0
40055,5,rrryygrrryggrrrr,40057.0
40060,6,rrrrrGrrrrGGrrrr,40062.0
40065,0,gGgrrrGggrrrrGrG,40070.0
40070,1,gGgrrrGggrrrrrrr,40075.0
40075,2,yyyrrryyyrrrrrrr,40078.0
40080,3,rrrgGgrrrgggGrGr,40083.0
40085,4,rrrgGgrrrgggrrrr,40088.0
40090,5,rrryygrrryggrrrr,40091.0
40095,6,rrrrrGrrrrGGrrrr,40096.0
40100,0,gGgrrrGggrrrrGrG,40104.0
40105,1,gGgrrrGggrrrrrrr,40109.0
40110,2,yyyrrryyyrrrrrrr,40112.0
40115,3,rrrgGgrrrgggGrGr,40117.0
40120,4,rrrgGgrrrgggrrrr,40122.0
40125,6,rrrrrGrrrrGGrrrr,40130.0
40130,7,rrrrryrrrryyrrrr,40133.0
40135,0,gGgrrrGggrrrrGrG,40138.0
40140,1,gGgrrrGggrrrrrrr,40143.0
40145,2,yyyrrryyyrrrrrrr,40146.0
40150,3,rrrgGgrrrgggGrGr,40151.0
40155,4,rrrgGgrrrgggrrrr,40156.0
40160,6,rrrrrGrrrrGGrrrr,40164.0
40165,7,rrrrryrrrryyrrrr,40167.0
40170,0,gGgrrrGggrrrrGrG,40172.0
40175,1,gGgrrrGggrrrrrrr,40177.0
40180,3,rrrgGgrrrgggGrGr,40185.0
40185,4,rrrgGgrrrgggrrrr,40190.0
40190,5,rrryygrrryggrrrr,40193.0
40195,6,rrrrrGrrrrGGrrrr,40198.0
40200,7,rrrrryrrrryyrrrr,40201.0
40205,0,gGgrrrGggrrrrGrG,40206.0
40210,1,gGgrrrGggrrrrrrr,40211.0
40215,3,rrrgGgrrrgggGrGr,40219.0
40220,4,rrrgGgrrrgggrrrr,40224.0
40225,5,rrryygrrryggrrrr,40227.0
40230,6,rrrrrGrrrrGGrrrr,40232.0
40235,0,gGgrrrGggrrrrGrG,40240.0
40240,1,gGgrrrGggrrrrrrr,40245.0
40245,2,yyyrrryyyrrrrrrr,40248.0
40250,3,rrrgGgrrrgggGrGr,40253.0
40255,4,rrrgGgrrrgggrrrr,40258.0
40260,5,rrryygrrryggrrrr,40261.0
40265,6,rrrrrGrrrrGGrrrr,40266.0
40270,0,gGgrrrGggrrrrGrG,40274.0
40275,1,gGgrrrGggrrrrrrr,40279.0
40280,2,yyyrrryyyrrrrrrr,40282.0
40285,3,rrrgGgrrrgggGrGr,40287.0
40290,4,rrrgGgrrrgggrrrr,40292.0
40295,6,rrrrrGrrrrGGrrrr,40300.0
40300,7,rrrrryrrrryyrrrr,40303.0
40305,0,gGgrrrGggrrrrGrG,40308.0
40310,1,gGgrrrGggrrrrrrr,40313.0
40315,2,yyyrrryyyrrrrrrr,40316.0
40320,3,rrrgGgrrrgggGrGr,40321.0
40325,4,rrrgGgrrrgggrrrr,40326.0
40330,6,rrrrrGrrrrGGrrrr,40334.0
40335,7,rrrrryrrrryyrrrr,40337.0
40340,0,gGgrrrGggrrrrGrG,40342.0
40345,1,gGgrrrGggrrrrrrr,40347.0
40350,3,rrrgGgrrrgggGrGr,40355.0
40355,4,rrrgGgrrrgggrrrr,40360.0
40360,5,rrryygrrryggrrrr,40363.0
40365,6,rrrrrGrrrrGGrrrr,40368.0
40370,7,rrrrryrrrryyrrrr,40371.0
40375,0,gGgrrrGggrrrrGrG,40376.0
40380,1,gGgrrrGggrrrrrrr,40381.0
40385,3,rrrgGgrrrgggGrGr,40389.0
40390,4,rrrgGgrrrgggrrrr,40394.0
40395,5,rrryygrrryggrrrr,40397.0
40400,6,rrrrrGrrrrGGrrrr,40402.0
40405,0,gGgrrrGggrrrrGrG,40410.0
40410,1,gGgrrrGggrrrrrrr,40415.0
40415,2,yyyrrryyyrrrrrrr,40418.0
40420,3,rrrgGgrrrgggGrGr,40423.0
40425,4,rrrgGgrrrgggrrrr,40428.0
40430,5,rrryygrrryggrrrr,40431.0
40435,6,rrrrrGrrrrGGrrrr,40436.0
40440,0,gGgrrrGggrrrrGrG,40444.0
40445,1,gGgrrrGggrrrrrrr,40449.0
40450,2,yyyrrryyyrrrrrrr,40452.0
40455,3,rrrgGgrrrgggGrGr,40457.0
40460,4,rrrgGgrrrgggrrrr,40462.0
40465,6,rrrrrGrrrrGGrrrr,40470.0
40470,7,rrrrryrrrryyrrrr,40473.0
40475,0,gGgrrrGggrrrrGrG,40478.0
40480,1,gGgrrrGggrrrrrrr,40483.0
40485,2,yyyrrryyyrrrrrrr,40486.0
40490,3,rrrgGgrrrgggGrGr,40491.0
40495,4,rrrgGgrrrgggrrrr,40496.0
40500,6,rrrrrGrrrrGGrrrr,40504.0
40505,7,rrrrryrrrryyrrrr,40507.0
40510,0,gGgrrrGggrrrrGrG,40512.0
40515,1,gGgrrrGggrrrrrrr,40517.0
40520,3,rrrgGgrrrgggGrGr,40525.0
40525,4,rrrgGgrrrgggrrrr,40530.0
40530,5,rrryygrrryggrrrr,40533.0
40535,6,rrrrrGrrrrGGrrrr,40538.0
40540,7,rrrrryrrrryyrrrr,40541.0
40545,0,gGgrrrGggrrrrGrG,40546.0
40550,1,gGgrrrGggrrrrrrr,40551.0
40555,3,rrrgGgrrrgggGrGr,40559.0
40560,4,rrrgGgrrrgggrrrr,40564.0
40565,5,rrryygrrryggrrrr,40567.0
40570,6,rrrrrGrrrrGGrrrr,40572.0
40575,0,gGgrrrGggrrrrGrG,40580.0
40580,1,gGgrrrGggrrrrrrr,40585.0
40585,2,yyyrrryyyrrrrrrr,40588.0
40590,3,rrrgGgrrrgggGrGr,40593.0
40595,4,rrrgGgrrrgggrrrr,40598.0
40600,5,rrryygrrryggrrrr,40601.0
40605,6,rrrrrGrrrrGGrrrr,40606.0
40610,0,gGgrrrGggrrrrGrG,40614.0
40615,1,gGgrrrGggrrrrrrr,40619.0
40620,2,yyyrrryyyrrrrrrr,40622.0
40625,3,rrrgGgrrrgggGrGr,40627.0
40630,4,rrrgGgrrrgggrrrr,40632.0
40635,6,rrrrrGrrrrGGrrrr,40640.0
40640,7,rrrrryrrrryyrrrr,40643.0
40645,0,gGgrrrGggrrrrGrG,40648.0
40650,1,gGgrrrGggrrrrrrr,40653.0
40655,2,yyyrrryyyrrrrrrr,40656.0
40660,3,rrrgGgrrrgggGrGr,40661.0
40665,4,rrrgGgrrrgggrrrr,40666.0
40670,6,rrrrrGrrrrGGrrrr,40674.0
40675,7,rrrrryrrrryyrrrr,40677.0
40680,0,gGgrrrGggrrrrGrG,40682.0
40685,1,gGgrrrGggrrrrrrr,40687.0
40690,3,rrrgGgrrrgggGrGr,40695.0
40695,4,rrrgGgrrrgggrrrr,40700.0
40700,5,rrryygrrryggrrrr,40703.0
40705,6,rrrrrGrrrrGGrrrr,40708.0
40710,7,rrrrryrrrryyrrrr,40711.0
40715,0,gGgrrrGggrrrrGrG,40716.0
40720,1,gGgrrrGggrrrrrrr,40721.0
40725,3,rrrgGgrrrgggGrGr,40729.0
40730,4,rrrgGgrrrgggrrrr,40734.0
40735,5,rrryygrrryggrrrr,40737.0
40740,6,rrrrrGrrrrGGrrrr,40742.0
40745,0,gGgrrrGggrrrrGrG,40750.0
40750,1,gGgrrrGggrrrrrrr,40755.0
40755,2,yyyrrryyyrrrrrrr,40758.0
40760,3,rrrgGgrrrgggGrGr,40763.0
40765,4,rrrgGgrrrgggrrrr,40768.0
40770,5,rrryygrrryggrrrr,40771.0
40775,6,rrrrrGrrrrGGrrrr,40776.0
40780,0,gGgrrrGggrrrrGrG,40784.0
40785,1,gGgrrrGggrrrrrrr,40789.0
40790,2,yyyrrryyyrrrrrrr,40792.0
40795,3,rrrgGgrrrgggGrGr,40797.0
40800,4,rrrgGgrrrgggrrrr,40802.0
40805,6,rrrrrGrrrrGGrrrr,40810.0
40810,7,rrrrryrrrryyrrrr,40813.0
40815,0,gGgrrrGggrrrrGrG,40818.0
40820,1,gGgrrrGggrrrrrrr,40823.0
40825,2,yyyrrryyyrrrrrrr,40826.0
40830,3,rrrgGgrrrgggGrGr,40831.0
40835,4,rrrgGgrrrgggrrrr,40836.0
40840,6,rrrrrGrrrrGGrrrr,40844.0
40845,7,rrrrryrrrryyrrrr,40847.0
40850,0,gGgrrrGggrrrrGrG,40852.0
40855,1,gGgrrrGggrrrrrrr,40857.0
40860,3,rrrgGgrrrgggGrGr,40865.0
40865,4,rrrgGgrrrgggrrrr,40870.0
40870,5,rrryygrrryggrrrr,40873.0
40875,6,rrrrrGrrrrGGrrrr,40878.0
40880,7,rrrrryrrrryyrrrr,40881.0
40885,0,gGgrrrGggrrrrGrG,40886.0
40890,1,gGgrrrGggrrrrrrr,40891.0
40895,3,rrrgGgrrrgggGrGr,40899.0
40900,4,rrrgGgrrrgggrrrr,40904.0
40905,5,rrryygrrryggrrrr,40907.0
40910,6,rrrrrGrrrrGGrrrr,40912.0
40915,0,gGgrrrGggrrrrGrG,40920.0
40920,1,gGgrrrGggrrrrrrr,40925.0
40925,2,yyyrrryyyrrrrrrr,40928.0
40930,3,rrrgGgrrrgggGrGr,40933.0
40935,4,rrrgGgrrrgggrrrr,40938.0
40940,5,rrryygrrryggrrrr,40941.0
40945,6,rrrrrGrrrrGGrrrr,40946.0
40950,0,gGgrrrGggrrrrGrG,40954.0
40955,1,gGgrrrGggrrrrrrr,40959.0
40960,2,yyyrrryyyrrrrrrr,40962.0
40965,3,rrrgGgrrrgggGrGr,40967.0
40970,4,rrrgGgrrrgggrrrr,40972.0
40975,6,rrrrrGrrrrGGrrrr,40980.0
40980,7,rrrrryrrrryyrrrr,40983.0
40985,0,gGgrrrGggrrrrGrG,40988.0
40990,1,gGgrrrGggrrrrrrr,40993.0
40995,2,yyyrrryyyrrrrrrr,40996.0
41000,3,rrrgGgrrrgggGrGr,41001.0
41005,4,rrrgGgrrrgggrrrr,41006.0
41010,6,rrrrrGrrrrGGrrrr,41014.0
41015,7,rrrrryrrrryyrrrr,41017.0
41020,0,gGgrrrGggrrrrGrG,41022.0
41025,1,gGgrrrGggrrrrrrr,41027.0
41030,3,rrrgGgrrrgggGrGr,41035.0
41035,4,rrrgGgrrrgggrrrr,41040.0
41040,5,rrryygrrryggrrrr,41043.0
41045,6,rrrrrGrrrrGGrrrr,41048.0
41050,7,rrrrryrrrryyrrrr,41051.0
41055,0,gGgrrrGggrrrrGrG,41056.0
41060,1,gGgrrrGggrrrrrrr,41061.0
41065,3,rrrgGgrrrgggGrGr,41069.0
41070,4,rrrgGgrrrgggrrrr,41074.0
41075,5,rrryygrrryggrrrr,41077.0
41080,6,rrrrrGrrrrGGrrrr,41082.0
41085,0,gGgrrrGggrrrrGrG,41090.0
41090,1,gGgrrrGggrrrrrrr,41095.0
41095,2,yyyrrryyyrrrrrrr,41098.0
41100,3,rrrgGgrrrgggGrGr,41103.0
41105,4,rrrgGgrrrgggrrrr,41108.0
41110,5,rrryygrrryggrrrr,41111.0
41115,6,rrrrrGrrrrGGrrrr,41116.0
41120,0,gGgrrrGggrrrrGrG,41124.0
41125,1,gGgrrrGggrrrrrrr,41129.0
41130,2,yyyrrryyyrrrrrrr,41132.0
41135,3,rrrgGgrrrgggGrGr,41137.0
41140,4,rrrgGgrrrgggrrrr,41142.0
41145,6,rrrrrGrrrrGGrrrr,41150.0
41150,7,rrrrryrrrryyrrrr,41153.0
41155,0,gGgrrrGggrrrrGrG,41158.0
41160,1,gGgrrrGggrrrrrrr,41163.0
41165,2,yyyrrryyyrrrrrrr,41166.0
41170,3,rrrgGgrrrgggGrGr,41171.0
41175,4,rrrgGgrrrgggrrrr,41176.0
41180,6,rrrrrGrrrrGGrrrr,41184.0
41185,7,rrrrryrrrryyrrrr,41187.0
41190,0,gGgrrrGggrrrrGrG,41192.0
41195,1,gGgrrrGggrrrrrrr,41197.0
41200,3,rrrgGgrrrgggGrGr,41205.0
41205,4,rrrgGgrrrgggrrrr,41210.0
41210,5,rrryygrrryggrrrr,41213.0
41215,6,rrrrrGrrrrGGrrrr,41218.0
41220,7,rrrrryrrrryyrrrr,41221.0
41225,0,gGgrrrGggrrrrGrG,41226.0
41230,1,gGgrrrGggrrrrrrr,41231.0
41235,3,rrrgGgrrrgggGrGr,41239.0
41240,4,rrrgGgrrrgggrrrr,41244.0
41245,5,rrryygrrryggrrrr,41247.0
41250,6,rrrrrGrrrrGGrrrr,41252.0
41255,0,gGgrrrGggrrrrGrG,41260.0
41260,1,gGgrrrGggrrrrrrr,41265.0
41265,2,yyyrrryyyrrrrrrr,41268.0
41270,3,rrrgGgrrrgggGrGr,41273.0
41275,4,rrrgGgrrrgggrrrr,41278.0
41280,5,rrryygrrryggrrrr,41281.0
41285,6,rrrrrGrrrrGGrrrr,41286.0
41290,0,gGgrrrGggrrrrGrG,41294.0
41295,1,gGgrrrGggrrrrrrr,41299.0
41300,2,yyyrrryyyrrrrrrr,41302.0
41305,3,rrrgGgrrrgggGrGr,41307.0
41310,4,rrrgGgrrrgggrrrr,41312.0
41315,6,rrrrrGrrrrGGrrrr,41320.0
41320,7,rrrrryrrrryyrrrr,41323.0
41325,0,gGgrrrGggrrrrGrG,41328.0
41330,1,gGgrrrGggrrrrrrr,41333.0
41335,2,yyyrrryyyrrrrrrr,41336.0
41340,3,rrrgGgrrrgggGrGr,41341.0
41345,4,rrrgGgrrrgggrrrr,41346.0
41350,6,rrrrrGrrrrGGrrrr,41354.0
41355,7,rrrrryrrrryyrrrr,41357.0
41360,0,gGgrrrGggrrrrGrG,41362.0
41365,1,gGgrrrGggrrrrrrr,41367.0
41370,3,rrrgGgrrrgggGrGr,41375.0
41375,4,rrrgGgrrrgggrrrr,41380.0
41380,5,rrryygrrryggrrrr,41383.0
41385,6,rrrrrGrrrrGGrrrr,41388.0
41390,7,rrrrryrrrryyrrrr,41391.0
41395,0,gGgrrrGggrrrrGrG,41396.0
41400,1,gGgrrrGggrrrrrrr,41401.0
41405,3,rrrgGgrrrgggGrGr,41409.0
41410,4,rrrgGgrrrgggrrrr,41414.0
41415,5,rrryygrrryggrrrr,41417.0
41420,6,rrrrrGrrrrGGrrrr,41422.0
41425,0,gGgrrrGggrrrrGrG,41430.0
41430,1,gGgrrrGggrrrrrrr,41435.0
41435,2,yyyrrryyyrrrrrrr,41438.0
41440,3,rrrgGgrrrgggGrGr,41443.0
41445,4,rrrgGgrrrgggrrrr,41448.0
41450,5,rrryygrrryggrrrr,41451.0
41455,6,rrrrrGrrrrGGrrrr,41456.0
41460,0,gGgrrrGggrrrrGrG,41464.0
41465,1,gGgrrrGggrrrrrrr,41469.0
41470,2,yyyrrryyyrrrrrrr,41472.0
41475,3,rrrgGgrrrgggGrGr,41477.0
41480,4,rrrgGgrrrgggrrrr,41482.0
41485,6,rrrrrGrrrrGGrrrr,41490.0
41490,7,rrrrryrrrryyrrrr,41493.0
41495,0,gGgrrrGggrrrrGrG,41498.0
41500,1,gGgrrrGggrrrrrrr,41503.0
41505,2,yyyrrryyyrrrrrrr,41506.0
41510,3,rrrgGgrrrgggGrGr,41511.0
41515,4,rrrgGgrrrgggrrrr,41516.0
41520,6,rrrrrGrrrrGGrrrr,41524.0
41525,7,rrrrryrrrryyrrrr,41527.0
41530,0,gGgrrrGggrrrrGrG,41532.0
41535,1,gGgrrrGggrrrrrrr,41537.0
41540,3,rrrgGgrrrgggGrGr,41545.0
41545,4,rrrgGgrrrgggrrrr,41550.0
41550,5,rrryygrrryggrrrr,41553.0
41555,6,rrrrrGrrrrGGrrrr,41558.0
41560,7,rrrrryrrrryyrrrr,41561.0
41565,0,gGgrrrGggrrrrGrG,41566.0
41570,1,gGgrrrGggrrrrrrr,41571.0
41575,3,rrrgGgrrrgggGrGr,41579.0
41580,4,rrrgGgrrrgggrrrr,41584.0
41585,5,rrryygrrryggrrrr,41587.0
41590,6,rrrrrGrrrrGGrrrr,41592.0
41595,0,gGgrrrGggrrrrGrG,41600.0
41600,1,gGgrrrGggrrrrrrr,41605.0
41605,2,yyyrrryyyrrrrrrr,41608.0
41610,3,rrrgGgrrrgggGrGr,41613.0
41615,4,rrrgGgrrrgggrrrr,41618.0
41620,5,rrryygrrryggrrrr,41621.0
41625,6,rrrrrGrrrrGGrrrr,41626.0
41630,0,gGgrrrGggrrrrGrG,41634.0
41635,1,gGgrrrGggrrrrrrr,41639.0
41640,2,yyyrrryyyrrrrrrr,41642.0
41645,3,rrrgGgrrrgggGrGr,41647.0
41650,4,rrrgGgrrrgggrrrr,41652.0
41655,6,rrrrrGrrrrGGrrrr,41660.0
41660,7,rrrrryrrrryyrrrr,41663.0
41665,0,gGgrrrGggrrrrGrG,41668.0
41670,1,gGgrrrGggrrrrrrr,41673.0
41675,2,yyyrrryyyrrrrrrr,41676.0
41680,3,rrrgGgrrrgggGrGr,41681.0
41685,4,rrrgGgrrrgggrrrr,41686.0
41690,6,rrrrrGrrrrGGrrrr,41694.0
41695,7,rrrrryrrrryyrrrr,41697.0
41700,0,gGgrrrGggrrrrGrG,41702.0
41705,1,gGgrrrGggrrrrrrr,41707.0
41710,3,rrrgGgrrrgggGrGr,41715.0
41715,4,rrrgGgrrrgggrrrr,41720.0
41720,5,rrryygrrryggrrrr,41723.0
41725,6,rrrrrGrrrrGGrrrr,41728.0
41730,7,rrrrryrrrryyrrrr,41731.0
41735,0,gGgrrrGggrrrrGrG,41736.0
41740,1,gGgrrrGggrrrrrrr,41741.0
41745,3,rrrgGgrrrgggGrGr,41749.0
41750,4,rrrgGgrrrgggrrrr,41754.0
41755,5,rrryygrrryggrrrr,41757.0
41760,6,rrrrrGrrrrGGrrrr,41762.0
41765,0,gGgrrrGggrrrrGrG,41770.0
41770,1,gGgrrrGggrrrrrrr,41775.0
41775,2,yyyrrryyyrrrrrrr,41778.0
41780,3,rrrgGgrrrgggGrGr,41783.0
41785,4,rrrgGgrrrgggrrrr,41788.0
41790,5,rrryygrrryggrrrr,41791.0
41795,6,rrrrrGrrrrGGrrrr,41796.0
41800,0,gGgrrrGggrrrrGrG,41804.0
41805,1,gGgrrrGggrrrrrrr,41809.0
41810,2,yyyrrryyyrrrrrrr,41812.0
41815,3,rrrgGgrrrgggGrGr,41817.0
41820,4,rrrgGgrrrgggrrrr,41822.0
41825,6,rrrrrGrrrrGGrrrr,41830.0
41830,7,rrrrryrrrryyrrrr,41833.0
41835,0,gGgrrrGggrrrrGrG,41838.0
41840,1,gGgrrrGggrrrrrrr,41843.0
41845,2,yyyrrryyyrrrrrrr,41846.0
41850,3,rrrgGgrrrgggGrGr,41851.0
41855,4,rrrgGgrrrgggrrrr,41856.0
41860,6,rrrrrGrrrrGGrrrr,41864.0
41865,7,rrrrryrrrryyrrrr,41867.0
41870,0,gGgrrrGggrrrrGrG,41872.0
41875,1,gGgrrrGggrrrrrrr,41877.0
41880,3,rrrgGgrrrgggGrGr,41885.0
41885,4,rrrgGgrrrgggrrrr,41890.0
41890,5,rrryygrrryggrrrr,41893.0
41895,6,rrrrrGrrrrGGrrrr,41898.0
41900,7,rrrrryrrrryyrrrr,41901.0
41905,0,gGgrrrGggrrrrGrG,41906.0
41910,1,gGgrrrGggrrrrrrr,41911.0
41915,3,rrrgGgrrrgggGrGr,41919.0
41920,4,rrrgGgrrrgggrrrr,41924.0
41925,5,rrryygrrryggrrrr,41927.0
41930,6,rrrrrGrrrrGGrrrr,41932.0
41935,0,gGgrrrGggrrrrGrG,41940.0
41940,1,gGgrrrGggrrrrrrr,41945.0
41945,2,yyyrrryyyrrrrrrr,41948.0
41950,3,rrrgGgrrrgggGrGr,41953.0
41955,4,rrrgGgrrrgggrrrr,41958.0
41960,5,rrryygrrryggrrrr,41961.0
41965,6,rrrrrGrrrrGGrrrr,41966.0
41970,0,gGgrrrGggrrrrGrG,41974.0
41975,1,gGgrrrGggrrrrrrr,41979.0
41980,2,yyyrrryyyrrrrrrr,41982.0
41985,3,rrrgGgrrrgggGrGr,41987.0
41990,4,rrrgGgrrrgggrrrr,41992.0
41995,6,rrrrrGrrrrGGrrrr,42000.0
42000,7,rrrrryrrrryyrrrr,42003.0
42005,0,gGgrrrGggrrrrGrG,42008.0
42010,1,gGgrrrGggrrrrrrr,42013.0
42015,2,yyyrrryyyrrrrrrr,42016.0
42020,3,rrrgGgrrrgggGrGr,42021.0
42025,4,rrrgGgrrrgggrrrr,42026.0
42030,6,rrrrrGrrrrGGrrrr,42034.0
42035,7,rrrrryrrrryyrrrr,42037.0
42040,0,gGgrrrGggrrrrGrG,42042.0
42045,1,gGgrrrGggrrrrrrr,42047.0
42050,3,rrrgGgrrrgggGrGr,42055.0
42055,4,rrrgGgrrrgggrrrr,42060.0
42060,5,rrryygrrryggrrrr,42063.0
42065,6,rrrrrGrrrrGGrrrr,42068.0
42070,7,rrrrryrrrryyrrrr,42071.0
42075,0,gGgrrrGggrrrrGrG,42076.0
42080,1,gGgrrrGggrrrrrrr,42081.0
42085,3,rrrgGgrrrgggGrGr,42089.0
42090,4,rrrgGgrrrgggrrrr,42094.0
42095,5,rrryygrrryggrrrr,42097.0
42100,6,rrrrrGrrrrGGrrrr,42102.0
42105,0,gGgrrrGggrrrrGrG,42110.0
42110,1,gGgrrrGggrrrrrrr,42115.0
42115,2,yyyrrryyyrrrrrrr,42118.0
42120,3,rrrgGgrrrgggGrGr,42123.0
42125,4,rrrgGgrrrgggrrrr,42128.0
42130,5,rrryygrrryggrrrr,42131.0
42135,6,rrrrrGrrrrGGrrrr,42136.0
42140,0,gGgrrrGggrrrrGrG,42144.0
42145,1,gGgrrrGggrrrrrrr,42149.0
42150,2,yyyrrryyyrrrrrrr,42152.0
42155,3,rrrgGgrrrgggGrGr,42157.0
42160,4,rrrgGgrrrgggrrrr,42162.0
42165,6,rrrrrGrrrrGGrrrr,42170.0
42170,7,rrrrryrrrryyrrrr,42173.0
42175,0,gGgrrrGggrrrrGrG,42178.0
42180,1,gGgrrrGggrrrrrrr,42183.0
42185,2,yyyrrryyyrrrrrrr,42186.0
42190,3,rrrgGgrrrgggGrGr,42191.0
42195,4,rrrgGgrrrgggrrrr,42196.0
42200,6,rrrrrGrrrrGGrrrr,42204.0
42205,7,rrrrryrrrryyrrrr,42207.0
42210,0,gGgrrrGggrrrrGrG,42212.0
42215,1,gGgrrrGggrrrrrrr,42217.0
42220,3,rrrgGgrrrgggGrGr,42225.0
42225,4,rrrgGgrrrgggrrrr,42230.0
42230,5,rrryygrrryggrrrr,42233.0
42235,6,rrrrrGrrrrGGrrrr,42238.0
42240,7,rrrrryrrrryyrrrr,42241.0
42245,0,gGgrrrGggrrrrGrG,42246.0
42250,1,gGgrrrGggrrrrrrr,42251.0
42255,3,rrrgGgrrrgggGrGr,42259.0
42260,4,rrrgGgrrrgggrrrr,42264.0
42265,5,rrryygrrryggrrrr,42267.0
42270,6,rrrrrGrrrrGGrrrr,42272.0
42275,0,gGgrrrGggrrrrGrG,42280.0
42280,1,gGgrrrGggrrrrrrr,42285.0
42285,2,yyyrrryyyrrrrrrr,42288.0
42290,3,rrrgGgrrrgggGrGr,42293.0
42295,4,rrrgGgrrrgggrrrr,42298.0
42300,5,rrryygrrryggrrrr,42301.0
42305,6,rrrrrGrrrrGGrrrr,42306.0
42310,0,gGgrrrGggrrrrGrG,42314.0
42315,1,gGgrrrGggrrrrrrr,42319.0
42320,2,yyyrrryyyrrrrrrr,42322.0
42325,3,rrrgGgrrrgggGrGr,42327.0
42330,4,rrrgGgrrrgggrrrr,42332.0
42335,6,rrrrrGrrrrGGrrrr,42340.0
42340,7,rrrrryrrrryyrrrr,42343.0
42345,0,gGgrrrGggrrrrGrG,42348.0
42350,1,gGgrrrGggrrrrrrr,42353.0
42355,2,yyyrrryyyrrrrrrr,42356.0
42360,3,rrrgGgrrrgggGrGr,42361.0
42365,4,rrrgGgrrrgggrrrr,42366.0
42370,6,rrrrrGrrrrGGrrrr,42374.0
42375,7,rrrrryrrrryyrrrr,42377.0
42380,0,gGgrrrGggrrrrGrG,42382.0
42385,1,gGgrrrGggrrrrrrr,42387.0
42390,3,rrrgGgrrrgggGrGr,42395.0
42395,4,rrrgGgrrrgggrrrr,42400.0
42400,5,rrryygrrryggrrrr,42403.0
42405,6,rrrrrGrrrrGGrrrr,42408.0
42410,7,rrrrryrrrryyrrrr,42411.0
42415,0,gGgrrrGggrrrrGrG,42416.0
42420,1,gGgrrrGggrrrrrrr,42421.0
42425,3,rrrgGgrrrgggGrGr,42429.0
42430,4,rrrgGgrrrgggrrrr,42434.0
42435,5,rrryygrrryggrrrr,42437.0
42440,6,rrrrrGrrrrGGrrrr,42442.0
42445,0,gGgrrrGggrrrrGrG,42450.0
42450,1,gGgrrrGggrrrrrrr,42455.0
42455,2,yyyrrryyyrrrrrrr,42458.0
42460,3,rrrgGgrrrgggGrGr,42463.0
42465,4,rrrgGgrrrgggrrrr,42468.0
42470,5,rrryygrrryggrrrr,42471.0
42475,6,rrrrrGrrrrGGrrrr,42476.0
42480,0,gGgrrrGggrrrrGrG,42484.0
42485,1,gGgrrrGggrrrrrrr,42489.0
42490,2,yyyrrryyyrrrrrrr,42492.0
42495,3,rrrgGgrrrgggGrGr,42497.0
42500,4,rrrgGgrrrgggrrrr,42502.0
42505,6,rrrrrGrrrrGGrrrr,42510.0
42510,7,rrrrryrrrryyrrrr,42513.0
42515,0,gGgrrrGggrrrrGrG,42518.0
42520,1,gGgrrrGggrrrrrrr,42523.0
42525,2,yyyrrryyyrrrrrrr,42526.0
42530,3,rrrgGgrrrgggGrGr,42531.0
42535,4,rrrgGgrrrgggrrrr,42536.0
42540,6,rrrrrGrrrrGGrrrr,42544.0
42545,7,rrrrryrrrryyrrrr,42547.0
42550,0,gGgrrrGggrrrrGrG,42552.0
42555,1,gGgrrrGggrrrrrrr,42557.0
42560,3,rrrgGgrrrgggGrGr,42565.0
42565,4,rrrgGgrrrgggrrrr,42570.0
42570,5,rrryygrrryggrrrr,42573.0
42575,6,rrrrrGrrrrGGrrrr,42578.0
42580,7,rrrrryrrrryyrrrr,42581.0
42585,0,gGgrrrGggrrrrGrG,42586.0
42590,1,gGgrrrGggrrrrrrr,42591.0
42595,3,rrrgGgrrrgggGrGr,42599.0
42600,4,rrrgGgrrrgggrrrr,42604.0
42605,5,rrryygrrryggrrrr,42607.0
42610,6,rrrrrGrrrrGGrrrr,42612.0
42615,0,gGgrrrGggrrrrGrG,42620.0
42620,1,gGgrrrGggrrrrrrr,42625.0
42625,2,yyyrrryyyrrrrrrr,42628.0
42630,3,rrrgGgrrrgggGrGr,42633.0
42635,4,rrrgGgrrrgggrrrr,42638.0
42640,5,rrryygrrryggrrrr,42641.0
42645,6,rrrrrGrrrrGGrrrr,42646.0
42650,0,gGgrrrGggrrrrGrG,42654.0
42655,1,gGgrrrGggrrrrrrr,42659.0
42660,2,yyyrrryyyrrrrrrr,42662.0
42665,3,rrrgGgrrrgggGrGr,42667.0
42670,4,rrrgGgrrrgggrrrr,42672.0
42675,6,rrrrrGrrrrGGrrrr,42680.0
42680,7,rrrrryrrrryyrrrr,42683.0
42685,0,gGgrrrGggrrrrGrG,42688.0
42690,1,gGgrrrGggrrrrrrr,42693.0
42695,2,yyyrrryyyrrrrrrr,42696.0
42700,3,rrrgGgrrrgggGrGr,42701.0
42705,4,rrrgGgrrrgggrrrr,42706.0
42710,6,rrrrrGrrrrGGrrrr,42714.0
42715,7,rrrrryrrrryyrrrr,42717.0
42720,0,gGgrrrGggrrrrGrG,42722.0
42725,1,gGgrrrGggrrrrrrr,42727.0
42730,3,rrrgGgrrrgggGrGr,42735.0
42735,4,rrrgGgrrrgggrrrr,42740.0
42740,5,rrryygrrryggrrrr,42743.0
42745,6,rrrrrGrrrrGGrrrr,42748.0
42750,7,rrrrryrrrryyrrrr,42751.0
42755,0,gGgrrrGggrrrrGrG,42756.0
42760,1,gGgrrrGggrrrrrrr,42761.0
42765,3,rrrgGgrrrgggGrGr,42769.0
42770,4,rrrgGgrrrgggrrrr,42774.0
42775,5,rrryygrrryggrrrr,42777.0
42780,6,rrrrrGrrrrGGrrrr,42782.0
42785,0,gGgrrrGggrrrrGrG,42790.0
42790,1,gGgrrrGggrrrrrrr,42795.0
42795,2,yyyrrryyyrrrrrrr,42798.0
42800,3,rrrgGgrrrgggGrGr,42803.0
42805,4,rrrgGgrrrgggrrrr,42808.0
42810,5,rrryygrrryggrrrr,42811.0
42815,6,rrrrrGrrrrGGrrrr,42816.0
42820,0,gGgrrrGggrrrrGrG,42824.0
42825,1,gGgrrrGggrrrrrrr,42829.0
42830,2,yyyrrryyyrrrrrrr,42832.0
42835,3,rrrgGgrrrgggGrGr,42837.0
42840,4,rrrgGgrrrgggrrrr,42842.0
42845,6,rrrrrGrrrrGGrrrr,42850.0
42850,7,rrrrryrrrryyrrrr,42853.0
42855,0,gGgrrrGggrrrrGrG,42858.0
42860,1,gGgrrrGggrrrrrrr,42863.0
42865,2,yyyrrryyyrrrrrrr,42866.0
42870,3,rrrgGgrrrgggGrGr,42871.0
42875,4,rrrgGgrrrgggrrrr,42876.0
42880,6,rrrrrGrrrrGGrrrr,42884.0
42885,7,rrrrryrrrryyrrrr,42887.0
42890,0,gGgrrrGggrrrrGrG,42892.0
42895,1,gGgrrrGggrrrrrrr,42897.0
42900,3,rrrgGgrrrgggGrGr,42905.0
42905,4,rrrgGgrrrgggrrrr,42910.0
42910,5,rrryygrrryggrrrr,42913.0
42915,6,rrrrrGrrrrGGrrrr,42918.0
42920,7,rrrrryrrrryyrrrr,42921.0
42925,0,gGgrrrGggrrrrGrG,42926.0
42930,1,gGgrrrGggrrrrrrr,42931.0
42935,3,rrrgGgrrrgggGrGr,42939.0
42940,4,rrrgGgrrrgggrrrr,42944.0
42945,5,rrryygrrryggrrrr,42947.0
42950,6,rrrrrGrrrrGGrrrr,42952.0
42955,0,gGgrrrGggrrrrGrG,42960.0
42960,1,gGgrrrGggrrrrrrr,42965.0
42965,2,yyyrrryyyrrrrrrr,42968.0
42970,3,rrrgGgrrrgggGrGr,42973.0
42975,4,rrrgGgrrrgggrrrr,42978.0
42980,5,rrryygrrryggrrrr,42981.0
42985,6,rrrrrGrrrrGGrrrr,42986.0
42990,0,gGgrrrGggrrrrGrG,42994.0
42995,1,gGgrrrGggrrrrrrr,42999.0
43000,2,yyyrrryyyrrrrrrr,43002.0
43005,3,rrrgGgrrrgggGrGr,43007.0
43010,4,rrrgGgrrrgggrrrr,43012.0
43015,6,rrrrrGrrrrGGrrrr,43020.0
43020,7,rrrrryrrrryyrrrr,43023.0
43025,0,gGgrrrGggrrrrGrG,43028.0
43030,1,gGgrrrGggrrrrrrr,43033.0
43035,2,yyyrrryyyrrrrrrr,43036.0
43040,3,rrrgGgrrrgggGrGr,43041.0
43045,4,rrrgGgrrrgggrrrr,43046.0
43050,6,rrrrrGrrrrGGrrrr,43054.0
43055,7,rrrrryrrrryyrrrr,43057.0
43060,0,gGgrrrGggrrrrGrG,43062.0
43065,1,gGgrrrGggrrrrrrr,43067.0
43070,3,rrrgGgrrrgggGrGr,43075.0
43075,4,rrrgGgrrrgggrrrr,43080.0
43080,5,rrryygrrryggrrrr,43083.0
43085,6,rrrrrGrrrrGGrrrr,43088.0
43090,7,rrrrryrrrryyrrrr,43091.0
43095,0,gGgrrrGggrrrrGrG,43096.0
43100,1,gGgrrrGggrrrrrrr,43101.0
43105,3,rrrgGgrrrgggGrGr,43109.0
43110,4,rrrgGgrrrgggrrrr,43114.0
43115,5,rrryygrrryggrrrr,43117.0
43120,6,rrrrrGrrrrGGrrrr,43122.0
43125,0,gGgrrrGggrrrrGrG,43130.0
43130,1,gGgrrrGggrrrrrrr,43135.0
43135,2,yyyrrryyyrrrrrrr,43138.0
43140,3,rrrgGgrrrgggGrGr,43143.0
43145,4,rrrgGgrrrgggrrrr,43148.0
43150,5,rrryygrrryggrrrr,43151.0
43155,6,rrrrrGrrrrGGrrrr,43156.0
43160,0,gGgrrrGggrrrrGrG,43164.0
43165,1,gGgrrrGggrrrrrrr,43169.0
43170,2,yyyrrryyyrrrrrrr,43172.0
43175,3,rrrgGgrrrgggGrGr,43177.0
43180,4,rrrgGgrrrgggrrrr,43182.0
43185,6,rrrrrGrrrrGGrrrr,43190.0
43190,7,rrrrryrrrryyrrrr,43193.0
43195,0,gGgrrrGggrrrrGrG,43198.0
43200,1,gGgrrrGggrrrrrrr,43203.0
43205,2,yyyrrryyyrrrrrrr,43206.0
43210,3,rrrgGgrrrgggGrGr,43211.0
43215,4,rrrgGgrrrgggrrrr,43216.0
43220,6,rrrrrGrrrrGGrrrr,43224.0
43225,7,rrrrryrrrryyrrrr,43227.0
43230,0,gGgrrrGggrrrrGrG,43232.0
43235,1,gGgrrrGggrrrrrrr,43237.0
43240,3,rrrgGgrrrgggGrGr,43245.0
43245,4,rrrgGgrrrgggrrrr,43250.0
43250,5,rrryygrrryggrrrr,43253.0
43255,6,rrrrrGrrrrGGrrrr,43258.0
43260,7,rrrrryrrrryyrrrr,43261.0
43265,0,gGgrrrGggrrrrGrG,43266.0
43270,1,gGgrrrGggrrrrrrr,43271.0
43275,3,rrrgGgrrrgggGrGr,43279.0
43280,4,rrrgGgrrrgggrrrr,43284.0
43285,5,rrryygrrryggrrrr,43287.0
43290,6,rrrrrGrrrrGGrrrr,43292.0
43295,0,gGgrrrGggrrrrGrG,43300.0
43300,1,gGgrrrGggrrrrrrr,43305.0
43305,2,yyyrrryyyrrrrrrr,43308.0
43310,3,rrrgGgrrrgggGrGr,43313.0
43315,4,rrrgGgrrrgggrrrr,43318.0
43320,5,rrryygrrryggrrrr,43321.0
43325,6,rrrrrGrrrrGGrrrr,43326.0
43330,0,gGgrrrGggrrrrGrG,43334.0
43335,1,gGgrrrGggrrrrrrr,43339.0
43340,2,yyyrrryyyrrrrrrr,43342.0
43345,3,rrrgGgrrrgggGrGr,43347.0
43350,4,rrrgGgrrrgggrrrr,43352.0
43355,6,rrrrrGrrrrGGrrrr,43360.0
43360,7,rrrrryrrrryyrrrr,43363.0
43365,0,gGgrrrGggrrrrGrG,43368.0
43370,1,gGgrrrGggrrrrrrr,43373.0
43375,2,yyyrrryyyrrrrrrr,43376.0
43380,3,rrrgGgrrrgggGrGr,43381.0
43385,4,rrrgGgrrrgggrrrr,43386.0
43390,6,rrrrrGrrrrGGrrrr,43394.0
43395,7,rrrrryrrrryyrrrr,43397.0
43400,0,gGgrrrGggrrrrGrG,43402.0
43405,1,gGgrrrGggrrrrrrr,43407.0
43410,3,rrrgGgrrrgggGrGr,43415.0
43415,4,rrrgGgrrrgggrrrr,43420.0
43420,5,rrryygrrryggrrrr,43423.0
43425,6,rrrrrGrrrrGGrrrr,43428.0
43430,7,rrrrryrrrryyrrrr,43431.0
43435,0,gGgrrrGggrrrrGrG,43436.0
43440,1,gGgrrrGggrrrrrrr,43441.0
43445,3,rrrgGgrrrgggGrGr,43449.0
43450,4,rrrgGgrrrgggrrrr,43454.0
43455,5,rrryygrrryggrrrr,43457.0
43460,6,rrrrrGrrrrGGrrrr,43462.0
43465,0,gGgrrrGggrrrrGrG,43470.0
43470,1,gGgrrrGggrrrrrrr,43475.0
43475,2,yyyrrryyyrrrrrrr,43478.0
43480,3,rrrgGgrrrgggGrGr,43483.0
43485,4,rrrgGgrrrgggrrrr,43488.0
43490,5,rrryygrrryggrrrr,43491.0
43495,6,rrrrrGrrrrGGrrrr,43496.0
43500,0,gGgrrrGggrrrrGrG,43504.0
43505,1,gGgrrrGggrrrrrrr,43509.0
43510,2,yyyrrryyyrrrrrrr,43512.0
43515,3,rrrgGgrrrgggGrGr,43517.0
43520,4,rrrgGgrrrgggrrrr,43522.0
43525,6,rrrrrGrrrrGGrrrr,43530.0
43530,7,rrrrryrrrryyrrrr,43533.0
43535,0,gGgrrrGggrrrrGrG,43538.0
43540,1,gGgrrrGggrrrrrrr,43543.0
43545,2,yyyrrryyyrrrrrrr,43546.0
43550,3,rrrgGgrrrgggGrGr,43551.0
43555,4,rrrgGgrrrgggrrrr,43556.0
43560,6,rrrrrGrrrrGGrrrr,43564.0
43565,7,rrrrryrrrryyrrrr,43567.0
43570,0,gGgrrrGggrrrrGrG,43572.0
43575,1,gGgrrrGggrrrrrrr,43577.0
43580,3,rrrgGgrrrgggGrGr,43585.0
43585,4,rrrgGgrrrgggrrrr,43590.0
43590,5,rrryygrrryggrrrr,43593.0
43595,6,rrrrrGrrrrGGrrrr,43598.0
43600,7,rrrrryrrrryyrrrr,43601.0
43605,0,gGgrrrGggrrrrGrG,43606.0
43610,1,gGgrrrGggrrrrrrr,43611.0
43615,3,rrrgGgrrrgggGrGr,43619.0
43620,4,rrrgGgrrrgggrrrr,43624.0
43625,5,rrryygrrryggrrrr,43627.0
43630,6,rrrrrGrrrrGGrrrr,43632.0
43635,0,gGgrrrGggrrrrGrG,43640.0
43640,1,gGgrrrGggrrrrrrr,43645.0
43645,2,yyyrrryyyrrrrrrr,43648.0
43650,3,rrrgGgrrrgggGrGr,43653.0
43655,4,rrrgGgrrrgggrrrr,43658.0
43660,5,rrryygrrryggrrrr,43661.0
43665,6,rrrrrGrrrrGGrrrr,43666.0
43670,0,gGgrrrGggrrrrGrG,43674.0
43675,1,gGgrrrGggrrrrrrr,43679.0
43680,2,yyyrrryyyrrrrrrr,43682.0
43685,3,rrrgGgrrrgggGrGr,43687.0
43690,4,rrrgGgrrrgggrrrr,43692.0
43695,6,rrrrrGrrrrGGrrrr,43700.0
43700,7,rrrrryrrrryyrrrr,43703.0
43705,0,gGgrrrGggrrrrGrG,43708.0
43710,1,gGgrrrGggrrrrrrr,43713.0
43715,2,yyyrrryyyrrrrrrr,43716.0
43720,3,rrrgGgrrrgggGrGr,43721.0
43725,4,rrrgGgrrrgggrrrr,43726.0
43730,6,rrrrrGrrrrGGrrrr,43734.0
43735,7,rrrrryrrrryyrrrr,43737.0
43740,0,gGgrrrGggrrrrGrG,43742.0
43745,1,gGgrrrGggrrrrrrr,43747.0
43750,3,rrrgGgrrrgggGrGr,43755.0
43755,4,rrrgGgrrrgggrrrr,43760.0
43760,5,rrryygrrryggrrrr,43763.0
43765,6,rrrrrGrrrrGGrrrr,43768.0
43770,7,rrrrryrrrryyrrrr,43771.0
43775,0,gGgrrrGggrrrrGrG,43776.0
43780,1,gGgrrrGggrrrrrrr,43781.0
43785,3,rrrgGgrrrgggGrGr,43789.0
43790,4,rrrgGgrrrgggrrrr,43794.0
43795,5,rrryygrrryggrrrr,43797.0
43800,6,rrrrrGrrrrGGrrrr,43802.0
43805,0,gGgrrrGggrrrrGrG,43810.0
43810,1,gGgrrrGggrrrrrrr,43815.0
43815,2,yyyrrryyyrrrrrrr,43818.0
43820,3,rrrgGgrrrgggGrGr,43823.0
43825,4,rrrgGgrrrgggrrrr,43828.0
43830,5,rrryygrrryggrrrr,43831.0
43835,6,rrrrrGrrrrGGrrrr,43836.0
43840,0,gGgrrrGggrrrrGrG,43844.0
43845,1,gGgrrrGggrrrrrrr,43849.0
43850,2,yyyrrryyyrrrrrrr,43852.0
43855,3,rrrgGgrrrgggGrGr,43857.0
43860,4,rrrgGgrrrgggrrrr,43862.0
43865,6,rrrrrGrrrrGGrrrr,43870.0
43870,7,rrrrryrrrryyrrrr,43873.0
43875,0,gGgrrrGggrrrrGrG,43878.0
43880,1,gGgrrrGggrrrrrrr,43883.0
43885,2,yyyrrryyyrrrrrrr,43886.0
43890,3,rrrgGgrrrgggGrGr,43891.0
43895,4,rrrgGgrrrgggrrrr,43896.0
43900,6,rrrrrGrrrrGGrrrr,43904.0
43905,7,rrrrryrrrryyrrrr,43907.0
43910,0,gGgrrrGggrrrrGrG,43912.0
43915,1,gGgrrrGggrrrrrrr,43917.0
43920,3,rrrgGgrrrgggGrGr,43925.0
43925,4,rrrgGgrrrgggrrrr,43930.0
43930,5,rrryygrrryggrrrr,43933.0
43935,6,rrrrrGrrrrGGrrrr,43938.0
43940,7,rrrrryrrrryyrrrr,43941.0
43945,0,gGgrrrGggrrrrGrG,43946.0
43950,1,gGgrrrGggrrrrrrr,43951.0
43955,3,rrrgGgrrrgggGrGr,43959.0
43960,4,rrrgGgrrrgggrrrr,43964.0
43965,5,rrryygrrryggrrrr,43967.0
43970,6,rrrrrGrrrrGGrrrr,43972.0
43975,0,gGgrrrGggrrrrGrG,43980.0
43980,1,gGgrrrGggrrrrrrr,43985.0
43985,2,yyyrrryyyrrrrrrr,43988.0
43990,3,rrrgGgrrrgggGrGr,43993.0
43995,4,rrrgGgrrrgggrrrr,43998.0
44000,5,rrryygrrryggrrrr,44001.0
44005,6,rrrrrGrrrrGGrrrr,44006.0
44010,0,gGgrrrGggrrrrGrG,44014.0
44015,1,gGgrrrGggrrrrrrr,44019.0
44020,2,yyyrrryyyrrrrrrr,44022.0
44025,3,rrrgGgrrrgggGrGr,44027.0
44030,4,rrrgGgrrrgggrrrr,44032.0
44035,6,rrrrrGrrrrGGrrrr,44040.0
44040,7,rrrrryrrrryyrrrr,44043.0
44045,0,gGgrrrGggrrrrGrG,44048.0
44050,1,gGgrrrGggrrrrrrr,44053.0
44055,2,yyyrrryyyrrrrrrr,44056.0
44060,3,rrrgGgrrrgggGrGr,44061.0
44065,4,rrrgGgrrrgggrrrr,44066.0
44070,6,rrrrrGrrrrGGrrrr,44074.0
44075,7,rrrrryrrrryyrrrr,44077.0
44080,0,gGgrrrGggrrrrGrG,44082.0
44085,1,gGgrrrGggrrrrrrr,44087.0
44090,3,rrrgGgrrrgggGrGr,44095.0
44095,4,rrrgGgrrrgggrrrr,44100.0
44100,5,rrryygrrryggrrrr,44103.0
44105,6,rrrrrGrrrrGGrrrr,44108.0
44110,7,rrrrryrrrryyrrrr,44111.0
44115,0,gGgrrrGggrrrrGrG,44116.0
44120,1,gGgrrrGggrrrrrrr,44121.0
44125,3,rrrgGgrrrgggGrGr,44129.0
44130,4,rrrgGgrrrgggrrrr,44134.0
44135,5,rrryygrrryggrrrr,44137.0
44140,6,rrrrrGrrrrGGrrrr,44142.0
44145,0,gGgrrrGggrrrrGrG,44150.0
44150,1,gGgrrrGggrrrrrrr,44155.0
44155,2,yyyrrryyyrrrrrrr,44158.0
44160,3,rrrgGgrrrgggGrGr,44163.0
44165,4,rrrgGgrrrgggrrrr,44168.0
44170,5,rrryygrrryggrrrr,44171.0
44175,6,rrrrrGrrrrGGrrrr,44176.0
44180,0,gGgrrrGggrrrrGrG,44184.0
44185,1,gGgrrrGggrrrrrrr,44189.0
44190,2,yyyrrryyyrrrrrrr,44192.0
44195,3,rrrgGgrrrgggGrGr,44197.0
44200,4,rrrgGgrrrgggrrrr,44202.0
44205,6,rrrrrGrrrrGGrrrr,44210.0
44210,7,rrrrryrrrryyrrrr,44213.0
44215,0,gGgrrrGggrrrrGrG,44218.0
44220,1,gGgrrrGggrrrrrrr,44223.0
44225,2,yyyrrryyyrrrrrrr,44226.0
44230,3,rrrgGgrrrgggGrGr,44231.0
44235,4,rrrgGgrrrgggrrrr,44236.0
44240,6,rrrrrGrrrrGGrrrr,44244.0
44245,7,rrrrryrrrryyrrrr,44247.0
44250,0,gGgrrrGggrrrrGrG,44252.0
44255,1,gGgrrrGggrrrrrrr,44257.0
44260,3,rrrgGgrrrgggGrGr,44265.0
44265,4,rrrgGgrrrgggrrrr,44270.0
44270,5,rrryygrrryggrrrr,44273.0
44275,6,rrrrrGrrrrGGrrrr,44278.0
44280,7,rrrrryrrrryyrrrr,44281.0
44285,0,gGgrrrGggrrrrGrG,44286.0
44290,1,gGgrrrGggrrrrrrr,44291.0
44295,3,rrrgGgrrrgggGrGr,44299.0
44300,4,rrrgGgrrrgggrrrr,44304.0
44305,5,rrryygrrryggrrrr,44307.0
44310,6,rrrrrGrrrrGGrrrr,44312.0
44315,0,gGgrrrGggrrrrGrG,44320.0
44320,1,gGgrrrGggrrrrrrr,44325.0
44325,2,yyyrrryyyrrrrrrr,44328.0
44330,3,rrrgGgrrrgggGrGr,44333.0
44335,4,rrrgGgrrrgggrrrr,44338.0
44340,5,rrryygrrryggrrrr,44341.0
44345,6,rrrrrGrrrrGGrrrr,44346.0
44350,0,gGgrrrGggrrrrGrG,44354.0
44355,1,gGgrrrGggrrrrrrr,44359.0
44360,2,yyyrrryyyrrrrrrr,44362.0
44365,3,rrrgGgrrrgggGrGr,44367.0
44370,4,rrrgGgrrrgggrrrr,44372.0
44375,6,rrrrrGrrrrGGrrrr,44380.0
44380,7,rrrrryrrrryyrrrr,44383.0
44385,0,gGgrrrGggrrrrGrG,44388.0
44390,1,gGgrrrGggrrrrrrr,44393.0
44395,2,yyyrrryyyrrrrrrr,44396.0
44400,3,rrrgGgrrrgggGrGr,44401.0
44405,4,rrrgGgrrrgggrrrr,44406.0
44410,6,rrrrrGrrrrGGrrrr,44414.0
44415,7,rrrrryrrrryyrrrr,44417.0
44420,0,gGgrrrGggrrrrGrG,44422.0
44425,1,gGgrrrGggrrrrrrr,44427.0
44430,3,rrrgGgrrrgggGrGr,44435.0
44435,4,rrrgGgrrrgggrrrr,44440.0
44440,5,rrryygrrryggrrrr,44443.0
44445,6,rrrrrGrrrrGGrrrr,44448.0
44450,7,rrrrryrrrryyrrrr,44451.0
44455,0,gGgrrrGggrrrrGrG,44456.0
44460,1,gGgrrrGggrrrrrrr,44461.0
44465,3,rrrgGgrrrgggGrGr,44469.0
44470,4,rrrgGgrrrgggrrrr,44474.0
44475,5,rrryygrrryggrrrr,44477.0
44480,6,rrrrrGrrrrGGrrrr,44482.0
44485,0,gGgrrrGggrrrrGrG,44490.0
44490,1,gGgrrrGggrrrrrrr,44495.0
44495,2,yyyrrryyyrrrrrrr,44498.0
44500,3,rrrgGgrrrgggGrGr,44503.0
44505,4,rrrgGgrrrgggrrrr,44508.0
44510,5,rrryygrrryggrrrr,44511.0
44515,6,rrrrrGrrrrGGrrrr,44516.0
44520,0,gGgrrrGggrrrrGrG,44524.0
44525,1,gGgrrrGggrrrrrrr,44529.0
44530,2,yyyrrryyyrrrrrrr,44532.0
44535,3,rrrgGgrrrgggGrGr,44537.0
44540,4,rrrgGgrrrgggrrrr,44542.0
44545,6,rrrrrGrrrrGGrrrr,44550.0
44550,7,rrrrryrrrryyrrrr,44553.0
44555,0,gGgrrrGggrrrrGrG,44558.0
44560,1,gGgrrrGggrrrrrrr,44563.0
44565,2,yyyrrryyyrrrrrrr,44566.0
44570,3,rrrgGgrrrgggGrGr,44571.0
44575,4,rrrgGgrrrgggrrrr,44576.0
44580,6,rrrrrGrrrrGGrrrr,44584.0
44585,7,rrrrryrrrryyrrrr,44587.0
44590,0,gGgrrrGggrrrrGrG,44592.0
44595,1,gGgrrrGggrrrrrrr,44597.0
44600,3,rrrgGgrrrgggGrGr,44605.0
44605,4,rrrgGgrrrgggrrrr,44610.0
44610,5,rrryygrrryggrrrr,44613.0
44615,6,rrrrrGrrrrGGrrrr,44618.0
44620,7,rrrrryrrrryyrrrr,44621.0
44625,0,gGgrrrGggrrrrGrG,44626.0
44630,1,gGgrrrGggrrrrrrr,44631.0
44635,3,rrrgGgrrrgggGrGr,44639.0
44640,4,rrrgGgrrrgggrrrr,44644.0
44645,5,rrryygrrryggrrrr,44647.0
44650,6,rrrrrGrrrrGGrrrr,44652.0
44655,0,gGgrrrGggrrrrGrG,44660.0
44660,1,gGgrrrGggrrrrrrr,44665.0
44665,2,yyyrrryyyrrrrrrr,44668.0
44670,3,rrrgGgrrrgggGrGr,44673.0
44675,4,rrrgGgrrrgggrrrr,44678.0
44680,5,rrryygrrryggrrrr,44681.0
44685,6,rrrrrGrrrrGGrrrr,44686.0
44690,0,gGgrrrGggrrrrGrG,44694.0
44695,1,gGgrrrGggrrrrrrr,44699.0
44700,2,yyyrrryyyrrrrrrr,44702.0
44705,3,rrrgGgrrrgggGrGr,44707.0
44710,4,rrrgGgrrrgggrrrr,44712.0
44715,6,rrrrrGrrrrGGrrrr,44720.0
44720,7,rrrrryrrrryyrrrr,44723.0
44725,0,gGgrrrGggrrrrGrG,44728.0
44730,1,gGgrrrGggrrrrrrr,44733.0
44735,2,yyyrrryyyrrrrrrr,44736.0
44740,3,rrrgGgrrrgggGrGr,44741.0
44745,4,rrrgGgrrrgggrrrr,44746.0
44750,6,rrrrrGrrrrGGrrrr,44754.0
44755,7,rrrrryrrrryyrrrr,44757.0
44760,0,gGgrrrGggrrrrGrG,44762.0
44765,1,gGgrrrGggrrrrrrr,44767.0
44770,3,rrrgGgrrrgggGrGr,44775.0
44775,4,rrrgGgrrrgggrrrr,44780.0
44780,5,rrryygrrryggrrrr,44783.0
44785,6,rrrrrGrrrrGGrrrr,44788.0
44790,7,rrrrryrrrryyrrrr,44791.0
44795,0,gGgrrrGggrrrrGrG,44796.0
44800,1,gGgrrrGggrrrrrrr,44801.0
44805,3,rrrgGgrrrgggGrGr,44809.0
44810,4,rrrgGgrrrgggrrrr,44814.0
44815,5,rrryygrrryggrrrr,44817.0
44820,6,rrrrrGrrrrGGrrrr,44822.0
44825,0,gGgrrrGggrrrrGrG,44830.0
44830,1,gGgrrrGggrrrrrrr,44835.0
44835,2,yyyrrryyyrrrrrrr,44838.0
44840,3,rrrgGgrrrgggGrGr,44843.0
44845,4,rrrgGgrrrgggrrrr,44848.0
44850,5,rrryygrrryggrrrr,44851.0
44855,6,rrrrrGrrrrGGrrrr,44856.0
44860,0,gGgrrrGggrrrrGrG,44864.0
44865,1,gGgrrrGggrrrrrrr,44869.0
44870,2,yyyrrryyyrrrrrrr,44872.0
44875,3,rrrgGgrrrgggGrGr,44877.0
44880,4,rrrgGgrrrgggrrrr,44882.0
44885,6,rrrrrGrrrrGGrrrr,44890.0
44890,7,rrrrryrrrryyrrrr,44893.0
44895,0,gGgrrrGggrrrrGrG,44898.0
44900,1,gGgrrrGggrrrrrrr,44903.0
44905,2,yyyrrryyyrrrrrrr,44906.0
44910,3,rrrgGgrrrgggGrGr,44911.0
44915,4,rrrgGgrrrgggrrrr,44916.0
44920,6,rrrrrGrrrrGGrrrr,44924.0
44925,7,rrrrryrrrryyrrrr,44927.0
44930,0,gGgrrrGggrrrrGrG,44932.0
44935,1,gGgrrrGggrrrrrrr,44937.0
44940,3,rrrgGgrrrgggGrGr,44945.0
44945,4,rrrgGgrrrgggrrrr,44950.0
44950,5,rrryygrrryggrrrr,44953.0
44955,6,rrrrrGrrrrGGrrrr,44958.0
44960,7,rrrrryrrrryyrrrr,44961.0
44965,0,gGgrrrGggrrrrGrG,44966.0
44970,1,gGgrrrGggrrrrrrr,44971.0
44975,3,rrrgGgrrrgggGrGr,44979.0
44980,4,rrrgGgrrrgggrrrr,44984.0
44985,5,rrryygrrryggrrrr,44987.0
44990,6,rrrrrGrrrrGGrrrr,44992.0
44995,0,gGgrrrGggrrrrGrG,45000.0
45000,1,gGgrrrGggrrrrrrr,45005.0
45005,2,yyyrrryyyrrrrrrr,45008.0
45010,3,rrrgGgrrrgggGrGr,45013.0
45015,4,rrrgGgrrrgggrrrr,45018.0
45020,5,rrryygrrryggrrrr,45021.0
45025,6,rrrrrGrrrrGGrrrr,45026.0
45030,0,gGgrrrGggrrrrGrG,45034.0
45035,1,gGgrrrGggrrrrrrr,45039.0
45040,2,yyyrrryyyrrrrrrr,45042.0
45045,3,rrrgGgrrrgggGrGr,45047.0
45050,4,rrrgGgrrrgggrrrr,45052.0
45055,6,rrrrrGrrrrGGrrrr,45060.0
45060,7,rrrrryrrrryyrrrr,45063.0
45065,0,gGgrrrGggrrrrGrG,45068.0
45070,1,gGgrrrGggrrrrrrr,45073.0
45075,2,yyyrrryyyrrrrrrr,45076.0
45080,3,rrrgGgrrrgggGrGr,45081.0
45085,4,rrrgGgrrrgggrrrr,45086.0
45090,6,rrrrrGrrrrGGrrrr,45094.0
45095,7,rrrrryrrrryyrrrr,45097.0
45100,0,gGgrrrGggrrrrGrG,45102.0
45105,1,gGgrrrGggrrrrrrr,45107.0
45110,3,rrrgGgrrrgggGrGr,45115.0
45115,4,rrrgGgrrrgggrrrr,45120.0
45120,5,rrryygrrryggrrrr,45123.0
45125,6,rrrrrGrrrrGGrrrr,45128.0
45130,7,rrrrryrrrryyrrrr,45131.0
45135,0,gGgrrrGggrrrrGrG,45136.0
45140,1,gGgrrrGggrrrrrrr,45141.0
45145,3,rrrgGgrrrgggGrGr,45149.0
45150,4,rrrgGgrrrgggrrrr,45154.0
45155,5,rrryygrrryggrrrr,45157.0
45160,6,rrrrrGrrrrGGrrrr,45162.0
45165,0,gGgrrrGggrrrrGrG,45170.0
45170,1,gGgrrrGggrrrrrrr,45175.0
45175,2,yyyrrryyyrrrrrrr,45178.0
45180,3,rrrgGgrrrgggGrGr,45183.0
45185,4,rrrgGgrrrgggrrrr,45188.0
45190,5,rrryygrrryggrrrr,45191.0
45195,6,rrrrrGrrrrGGrrrr,45196.0
45200,0,gGgrrrGggrrrrGrG,45204.0
45205,1,gGgrrrGggrrrrrrr,45209.0
45210,2,yyyrrryyyrrrrrrr,45212.0
45215,3,rrrgGgrrrgggGrGr,45217.0
45220,4,rrrgGgrrrgggrrrr,45222.0
45225,6,rrrrrGrrrrGGrrrr,45230.0
45230,7,rrrrryrrrryyrrrr,45233.0
45235,0,gGgrrrGggrrrrGrG,45238.0
45240,1,gGgrrrGggrrrrrrr,45243.0
45245,2,yyyrrryyyrrrrrrr,45246.0
45250,3,rrrgGgrrrgggGrGr,45251.0
45255,4,rrrgGgrrrgggrrrr,45256.0
45260,6,rrrrrGrrrrGGrrrr,45264.0
45265,7,rrrrryrrrryyrrrr,45267.0
45270,0,gGgrrrGggrrrrGrG,45272.0
45275,1,gGgrrrGggrrrrrrr,45277.0
45280,3,rrrgGgrrrgggGrGr,45285.0
45285,4,rrrgGgrrrgggrrrr,45290.0
45290,5,rrryygrrryggrrrr,45293.0
45295,6,rrrrrGrrrrGGrrrr,45298.0
45300,7,rrrrryrrrryyrrrr,45301.0
45305,0,gGgrrrGggrrrrGrG,45306.0
45310,1,gGgrrrGggrrrrrrr,45311.0
45315,3,rrrgGgrrrgggGrGr,45319.0
45320,4,rrrgGgrrrgggrrrr,45324.0
45325,5,rrryygrrryggrrrr,45327.0
45330,6,rrrrrGrrrrGGrrrr,45332.0
45335,0,gGgrrrGggrrrrGrG,45340.0
45340,1,gGgrrrGggrrrrrrr,45345.0
45345,2,yyyrrryyyrrrrrrr,45348.0
45350,3,rrrgGgrrrgggGrGr,45353.0
45355,4,rrrgGgrrrgggrrrr,45358.0
45360,5,rrryygrrryggrrrr,45361.0
45365,6,rrrrrGrrrrGGrrrr,45366.0
45370,0,gGgrrrGggrrrrGrG,45374.0
45375,1,gGgrrrGggrrrrrrr,45379.0
45380,2,yyyrrryyyrrrrrrr,45382.0
45385,3,rrrgGgrrrgggGrGr,45387.0
45390,4,rrrgGgrrrgggrrrr,45392.0
45395,6,rrrrrGrrrrGGrrrr,45400.0
45400,7,rrrrryrrrryyrrrr,45403.0
45405,0,gGgrrrGggrrrrGrG,45408.0
45410,1,gGgrrrGggrrrrrrr,45413.0
45415,2,yyyrrryyyrrrrrrr,45416.0
45420,3,rrrgGgrrrgggGrGr,45421.0
45425,4,rrrgGgrrrgggrrrr,45426.0
45430,6,rrrrrGrrrrGGrrrr,45434.0
45435,7,rrrrryrrrryyrrrr,45437.0
45440,0,gGgrrrGggrrrrGrG,45442.0
45445,1,gGgrrrGggrrrrrrr,45447.0
45450,3,rrrgGgrrrgggGrGr,45455.0
45455,4,rrrgGgrrrgggrrrr,45460.0
45460,5,rrryygrrryggrrrr,45463.0
45465,6,rrrrrGrrrrGGrrrr,45468.0
45470,7,rrrrryrrrryyrrrr,45471.0
45475,0,gGgrrrGggrrrrGrG,45476.0
45480,1,gGgrrrGggrrrrrrr,45481.0
45485,3,rrrgGgrrrgggGrGr,45489.0
45490,4,rrrgGgrrrgggrrrr,45494.0
45495,5,rrryygrrryggrrrr,45497.0
45500,6,rrrrrGrrrrGGrrrr,45502.0
45505,0,gGgrrrGggrrrrGrG,45510.0
45510,1,gGgrrrGggrrrrrrr,45515.0
45515,2,yyyrrryyyrrrrrrr,45518.0
45520,3,rrrgGgrrrgggGrGr,45523.0
45525,4,rrrgGgrrrgggrrrr,45528.0
45530,5,rrryygrrryggrrrr,45531.0
45535,6,rrrrrGrrrrGGrrrr,45536.0
45540,0,gGgrrrGggrrrrGrG,45544.0
45545,1,gGgrrrGggrrrrrrr,45549.0
45550,2,yyyrrryyyrrrrrrr,45552.0
45555,3,rrrgGgrrrgggGrGr,45557.0
45560,4,rrrgGgrrrgggrrrr,45562.0
45565,6,rrrrrGrrrrGGrrrr,45570.0
45570,7,rrrrryrrrryyrrrr,45573.0
45575,0,gGgrrrGggrrrrGrG,45578.0
45580,1,gGgrrrGggrrrrrrr,45583.0
45585,2,yyyrrryyyrrrrrrr,45586.0
45590,3,rrrgGgrrrgggGrGr,45591.0
45595,4,rrrgGgrrrgggrrrr,45596.0
45600,6,rrrrrGrrrrGGrrrr,45604.0
45605,7,rrrrryrrrryyrrrr,45607.0
45610,0,gGgrrrGggrrrrGrG,45612.0
45615,1,gGgrrrGggrrrrrrr,45617.0
45620,3,rrrgGgrrrgggGrGr,45625.0
45625,4,rrrgGgrrrgggrrrr,45630.0
45630,5,rrryygrrryggrrrr,45633.0
45635,6,rrrrrGrrrrGGrrrr,45638.0
45640,7,rrrrryrrrryyrrrr,45641.0
45645,0,gGgrrrGggrrrrGrG,45646.0
45650,1,gGgrrrGggrrrrrrr,45651.0
45655,3,rrrgGgrrrgggGrGr,45659.0
45660,4,rrrgGgrrrgggrrrr,45664.0
45665,5,rrryygrrryggrrrr,45667.0
45670,6,rrrrrGrrrrGGrrrr,45672.0
45675,0,gGgrrrGggrrrrGrG,45680.0
45680,1,gGgrrrGggrrrrrrr,45685.0
45685,2,yyyrrryyyrrrrrrr,45688.0
45690,3,rrrgGgrrrgggGrGr,45693.0
45695,4,rrrgGgrrrgggrrrr,45698.0
45700,5,rrryygrrryggrrrr,45701.0
45705,6,rrrrrGrrrrGGrrrr,45706.0
45710,0,gGgrrrGggrrrrGrG,45714.0
45715,1,gGgrrrGggrrrrrrr,45719.0
45720,2,yyyrrryyyrrrrrrr,45722.0
45725,3,rrrgGgrrrgggGrGr,45727.0
45730,4,rrrgGgrrrgggrrrr,45732.0
45735,6,rrrrrGrrrrGGrrrr,45740.0
45740,7,rrrrryrrrryyrrrr,45743.0
45745,0,gGgrrrGggrrrrGrG,45748.0
45750,1,gGgrrrGggrrrrrrr,45753.0
45755,2,yyyrrryyyrrrrrrr,45756.0
45760,3,rrrgGgrrrgggGrGr,45761.0
45765,4,rrrgGgrrrgggrrrr,45766.0
45770,6,rrrrrGrrrrGGrrrr,45774.0
45775,7,rrrrryrrrryyrrrr,45777.0
45780,0,gGgrrrGggrrrrGrG,45782.0
45785,1,gGgrrrGggrrrrrrr,45787.0
45790,3,rrrgGgrrrgggGrGr,45795.0
45795,4,rrrgGgrrrgggrrrr,45800.0
45800,5,rrryygrrryggrrrr,45803.0
45805,6,rrrrrGrrrrGGrrrr,45808.0
45810,7,rrrrryrrrryyrrrr,45811.0
45815,0,gGgrrrGggrrrrGrG,45816.0
45820,1,gGgrrrGggrrrrrrr,45821.0
45825,3,rrrgGgrrrgggGrGr,45829.0
45830,4,rrrgGgrrrgggrrrr,45834.0
45835,5,rrryygrrryggrrrr,45837.0
45840,6,rrrrrGrrrrGGrrrr,45842.0
45845,0,gGgrrrGggrrrrGrG,45850.0
45850,1,gGgrrrGggrrrrrrr,45855.0
45855,2,yyyrrryyyrrrrrrr,45858.0
45860,3,rrrgGgrrrgggGrGr,45863.0
45865,4,rrrgGgrrrgggrrrr,45868.0
45870,5,rrryygrrryggrrrr,45871.0
45875,6,rrrrrGrrrrGGrrrr,45876.0
45880,0,gGgrrrGggrrrrGrG,45884.0
45885,1,gGgrrrGggrrrrrrr,45889.0
45890,2,yyyrrryyyrrrrrrr,45892.0
45895,3,rrrgGgrrrgggGrGr,45897.0
45900,4,rrrgGgrrrgggrrrr,45902.0
45905,6,rrrrrGrrrrGGrrrr,45910.0
45910,7,rrrrryrrrryyrrrr,45913.0
45915,0,gGgrrrGggrrrrGrG,45918.0
45920,1,gGgrrrGggrrrrrrr,45923.0
45925,2,yyyrrryyyrrrrrrr,45926.0
45930,3,rrrgGgrrrgggGrGr,45931.0
45935,4,rrrgGgrrrgggrrrr,45936.0
45940,6,rrrrrGrrrrGGrrrr,45944.0
45945,7,rrrrryrrrryyrrrr,45947.0
45950,0,gGgrrrGggrrrrGrG,45952.0
45955,1,gGgrrrGggrrrrrrr,45957.0
45960,3,rrrgGgrrrgggGrGr,45965.0
45965,4,rrrgGgrrrgggrrrr,45970.0
45970,5,rrryygrrryggrrrr,45973.0
45975,6,rrrrrGrrrrGGrrrr,45978.0
45980,7,rrrrryrrrryyrrrr,45981.0
45985,0,gGgrrrGggrrrrGrG,45986.0
45990,1,gGgrrrGggrrrrrrr,45991.0
45995,3,rrrgGgrrrgggGrGr,45999.0
46000,4,rrrgGgrrrgggrrrr,46004.0
46005,5,rrryygrrryggrrrr,46007.0
46010,6,rrrrrGrrrrGGrrrr,46012.0
46015,0,gGgrrrGggrrrrGrG,46020.0
46020,1,gGgrrrGggrrrrrrr,46025.0
46025,2,yyyrrryyyrrrrrrr,46028.0
46030,3,rrrgGgrrrgggGrGr,46033.0
46035,4,rrrgGgrrrgggrrrr,46038.0
46040,5,rrryygrrryggrrrr,46041.0
46045,6,rrrrrGrrrrGGrrrr,46046.0
46050,0,gGgrrrGggrrrrGrG,46054.0
46055,1,gGgrrrGggrrrrrrr,46059.0
46060,2,yyyrrryyyrrrrrrr,46062.0
46065,3,rrrgGgrrrgggGrGr,46067.0
46070,4,rrrgGgrrrgggrrrr,46072.0
46075,6,rrrrrGrrrrGGrrrr,46080.0
46080,7,rrrrryrrrryyrrrr,46083.0
46085,0,gGgrrrGggrrrrGrG,46088.0
46090,1,gGgrrrGggrrrrrrr,46093.0
46095,2,yyyrrryyyrrrrrrr,46096.0
46100,3,rrrgGgrrrgggGrGr,46101.0
46105,4,rrrgGgrrrgggrrrr,46106.0
46110,6,rrrrrGrrrrGGrrrr,46114.0
46115,7,rrrrryrrrryyrrrr,46117.0
46120,0,gGgrrrGggrrrrGrG,46122.0
46125,1,gGgrrrGggrrrrrrr,46127.0
46130,3,rrrgGgrrrgggGrGr,46135.0
46135,4,rrrgGgrrrgggrrrr,46140.0
46140,5,rrryygrrryggrrrr,46143.0
46145,6,rrrrrGrrrrGGrrrr,46148.0
46150,7,rrrrryrrrryyrrrr,46151.0
46155,0,gGgrrrGggrrrrGrG,46156.0
46160,1,gGgrrrGggrrrrrrr,46161.0
46165,3,rrrgGgrrrgggGrGr,46169.0
46170,4,rrrgGgrrrgggrrrr,46174.0
46175,5,rrryygrrryggrrrr,46177.0
46180,6,rrrrrGrrrrGGrrrr,46182.0
46185,0,gGgrrrGggrrrrGrG,46190.0
46190,1,gGgrrrGggrrrrrrr,46195.0
46195,2,yyyrrryyyrrrrrrr,46198.0
46200,3,rrrgGgrrrgggGrGr,46203.0
46205,4,rrrgGgrrrgggrrrr,46208.0
46210,5,rrryygrrryggrrrr,46211.0
46215,6,rrrrrGrrrrGGrrrr,46216.0
46220,0,gGgrrrGggrrrrGrG,46224.0
46225,1,gGgrrrGggrrrrrrr,46229.0
46230,2,yyyrrryyyrrrrrrr,46232.0
46235,3,rrrgGgrrrgggGrGr,46237.0
46240,4,rrrgGgrrrgggrrrr,46242.0
46245,6,rrrrrGrrrrGGrrrr,46250.0
46250,7,rrrrryrrrryyrrrr,46253.0
46255,0,gGgrrrGggrrrrGrG,46258.0
46260,1,gGgrrrGggrrrrrrr,46263.0
46265,2,yyyrrryyyrrrrrrr,46266.0
46270,3,rrrgGgrrrgggGrGr,46271.0
46275,4,rrrgGgrrrgggrrrr,46276.0
46280,6,rrrrrGrrrrGGrrrr,46284.0
46285,7,rrrrryrrrryyrrrr,46287.0
46290,0,gGgrrrGggrrrrGrG,46292.0
46295,1,gGgrrrGggrrrrrrr,46297.0
46300,3,rrrgGgrrrgggGrGr,46305.0
46305,4,rrrgGgrrrgggrrrr,46310.0
46310,5,rrryygrrryggrrrr,46313.0
46315,6,rrrrrGrrrrGGrrrr,46318.0
46320,7,rrrrryrrrryyrrrr,46321.0
46325,0,gGgrrrGggrrrrGrG,46326.0
46330,1,gGgrrrGggrrrrrrr,46331.0
46335,3,rrrgGgrrrgggGrGr,46339.0
46340,4,rrrgGgrrrgggrrrr,46344.0
46345,5,rrryygrrryggrrrr,46347.0
46350,6,rrrrrGrrrrGGrrrr,46352.0
46355,0,gGgrrrGggrrrrGrG,46360.0
46360,1,gGgrrrGggrrrrrrr,46365.0
46365,2,yyyrrryyyrrrrrrr,46368.0
46370,3,rrrgGgrrrgggGrGr,46373.0
46375,4,rrrgGgrrrgggrrrr,46378.0
46380,5,rrryygrrryggrrrr,46381.0
46385,6,rrrrrGrrrrGGrrrr,46386.0
46390,0,gGgrrrGggrrrrGrG,46394.0
46395,1,gGgrrrGggrrrrrrr,46399.0
46400,2,yyyrrryyyrrrrrrr,46402.0
46405,3,rrrgGgrrrgggGrGr,46407.0
46410,4,rrrgGgrrrgggrrrr,46412.0
46415,6,rrrrrGrrrrGGrrrr,46420.0
46420,7,rrrrryrrrryyrrrr,46423.0
46425,0,gGgrrrGggrrrrGrG,46428.0
46430,1,gGgrrrGggrrrrrrr,46433.0
46435,2,yyyrrryyyrrrrrrr,46436.0
46440,3,rrrgGgrrrgggGrGr,46441.0
46445,4,rrrgGgrrrgggrrrr,46446.0
46450,6,rrrrrGrrrrGGrrrr,46454.0
46455,7,rrrrryrrrryyrrrr,46457.0
46460,0,gGgrrrGggrrrrGrG,46462.0
46465,1,gGgrrrGggrrrrrrr,46467.0
46470,3,rrrgGgrrrgggGrGr,46475.0
46475,4,rrrgGgrrrgggrrrr,46480.0
46480,5,rrryygrrryggrrrr,46483.0
46485,6,rrrrrGrrrrGGrrrr,46488.0
46490,7,rrrrryrrrryyrrrr,46491.0
46495,0,gGgrrrGggrrrrGrG,46496.0
46500,1,gGgrrrGggrrrrrrr,46501.0
46505,3,rrrgGgrrrgggGrGr,46509.0
46510,4,rrrgGgrrrgggrrrr,46514.0
46515,5,rrryygrrryggrrrr,46517.0
46520,6,rrrrrGrrrrGGrrrr,46522.0
46525,0,gGgrrrGggrrrrGrG,46530.0
46530,1,gGgrrrGggrrrrrrr,46535.0
46535,2,yyyrrryyyrrrrrrr,46538.0
46540,3,rrrgGgrrrgggGrGr,46543.0
46545,4,rrrgGgrrrgggrrrr,46548.0
46550,5,rrryygrrryggrrrr,46551.0
46555,6,rrrrrGrrrrGGrrrr,46556.0
46560,0,gGgrrrGggrrrrGrG,46564.0
46565,1,gGgrrrGggrrrrrrr,46569.0
46570,2,yyyrrryyyrrrrrrr,46572.0
46575,3,rrrgGgrrrgggGrGr,46577.0
46580,4,rrrgGgrrrgggrrrr,46582.0
46585,6,rrrrrGrrrrGGrrrr,46590.0
46590,7,rrrrryrrrryyrrrr,46593.0
46595,0,gGgrrrGggrrrrGrG,46598.0
46600,1,gGgrrrGggrrrrrrr,46603.0
46605,2,yyyrrryyyrrrrrrr,46606.0
46610,3,rrrgGgrrrgggGrGr,46611.0
46615,4,rrrgGgrrrgggrrrr,46616.0
46620,6,rrrrrGrrrrGGrrrr,46624.0
46625,7,rrrrryrrrryyrrrr,46627.0
46630,0,gGgrrrGggrrrrGrG,46632.0
46635,1,gGgrrrGggrrrrrrr,46637.0
46640,3,rrrgGgrrrgggGrGr,46645.0
46645,4,rrrgGgrrrgggrrrr,46650.0
46650,5,rrryygrrryggrrrr,46653.0
46655,6,rrrrrGrrrrGGrrrr,46658.0
46660,7,rrrrryrrrryyrrrr,46661.0
46665,0,gGgrrrGggrrrrGrG,46666.0
46670,1,gGgrrrGggrrrrrrr,46671.0
46675,3,rrrgGgrrrgggGrGr,46679.0
46680,4,rrrgGgrrrgggrrrr,46684.0
46685,5,rrryygrrryggrrrr,46687.0
46690,6,rrrrrGrrrrGGrrrr,46692.0
46695,0,gGgrrrGggrrrrGrG,46700.0
46700,1,gGgrrrGggrrrrrrr,46705.0
46705,2,yyyrrryyyrrrrrrr,46708.0
46710,3,rrrgGgrrrgggGrGr,46713.0
46715,4,rrrgGgrrrgggrrrr,46718.0
46720,5,rrryygrrryggrrrr,46721.0
46725,6,rrrrrGrrrrGGrrrr,46726.0
46730,0,gGgrrrGggrrrrGrG,46734.0
46735,1,gGgrrrGggrrrrrrr,46739.0
46740,2,yyyrrryyyrrrrrrr,46742.0
46745,3,rrrgGgrrrgggGrGr,46747.0
46750,4,rrrgGgrrrgggrrrr,46752.0
46755,6,rrrrrGrrrrGGrrrr,46760.0
46760,7,rrrrryrrrryyrrrr,46763.0
46765,0,gGgrrrGggrrrrGrG,46768.0
46770,1,gGgrrrGggrrrrrrr,46773.0
46775,2,yyyrrryyyrrrrrrr,46776.0
46780,3,rrrgGgrrrgggGrGr,46781.0
46785,4,rrrgGgrrrgggrrrr,46786.0
46790,6,rrrrrGrrrrGGrrrr,46794.0
46795,7,rrrrryrrrryyrrrr,46797.0
46800,0,gGgrrrGggrrrrGrG,46802.0
46805,1,gGgrrrGggrrrrrrr,46807.0
46810,3,rrrgGgrrrgggGrGr,46815.0
46815,4,rrrgGgrrrgggrrrr,46820.0
46820,5,rrryygrrryggrrrr,46823.0
46825,6,rrrrrGrrrrGGrrrr,46828.0
46830,7,rrrrryrrrryyrrrr,46831.0
46835,0,gGgrrrGggrrrrGrG,46836.0
46840,1,gGgrrrGggrrrrrrr,46841.0
46845,3,rrrgGgrrrgggGrGr,46849.0
46850,4,rrrgGgrrrgggrrrr,46854.0
46855,5,rrryygrrryggrrrr,46857.0
46860,6,rrrrrGrrrrGGrrrr,46862.0
46865,0,gGgrrrGggrrrrGrG,46870.0
46870,1,gGgrrrGggrrrrrrr,46875.0
46875,2,yyyrrryyyrrrrrrr,46878.0
46880,3,rrrgGgrrrgggGrGr,46883.0
46885,4,rrrgGgrrrgggrrrr,46888.0
46890,5,rrryygrrryggrrrr,46891.0
46895,6,rrrrrGrrrrGGrrrr,46896.0
46900,0,gGgrrrGggrrrrGrG,46904.0
46905,1,gGgrrrGggrrrrrrr,46909.0
46910,2,yyyrrryyyrrrrrrr,46912.0
46915,3,rrrgGgrrrgggGrGr,46917.0
46920,4,rrrgGgrrrgggrrrr,46922.0
46925,6,rrrrrGrrrrGGrrrr,46930.0
46930,7,rrrrryrrrryyrrrr,46933.0
46935,0,gGgrrrGggrrrrGrG,46938.0
46940,1,gGgrrrGggrrrrrrr,46943.0
46945,2,yyyrrryyyrrrrrrr,46946.0
46950,3,rrrgGgrrrgggGrGr,46951.0
46955,4,rrrgGgrrrgggrrrr,46956.0
46960,6,rrrrrGrrrrGGrrrr,46964.0
46965,7,rrrrryrrrryyrrrr,46967.0
46970,0,gGgrrrGggrrrrGrG,46972.0
46975,1,gGgrrrGggrrrrrrr,46977.0
46980,3,rrrgGgrrrgggGrGr,46985.0
46985,4,rrrgGgrrrgggrrrr,46990.0
46990,5,rrryygrrryggrrrr,46993.0
46995,6,rrrrrGrrrrGGrrrr,46998.0
47000,7,rrrrryrrrryyrrrr,47001.0
47005,0,gGgrrrGggrrrrGrG,47006.0
47010,1,gGgrrrGggrrrrrrr,47011.0
47015,3,rrrgGgrrrgggGrGr,47019.0
47020,4,rrrgGgrrrgggrrrr,47024.0
47025,5,rrryygrrryggrrrr,47027.0
47030,6,rrrrrGrrrrGGrrrr,47032.0
47035,0,gGgrrrGggrrrrGrG,47040.0
47040,1,gGgrrrGggrrrrrrr,47045.0
47045,2,yyyrrryyyrrrrrrr,47048.0
47050,3,rrrgGgrrrgggGrGr,47053.0
47055,4,rrrgGgrrrgggrrrr,47058.0
47060,5,rrryygrrryggrrrr,47061.0
47065,6,rrrrrGrrrrGGrrrr,47066.0
47070,0,gGgrrrGggrrrrGrG,47074.0
47075,1,gGgrrrGggrrrrrrr,47079.0
47080,2,yyyrrryyyrrrrrrr,47082.0
47085,3,rrrgGgrrrgggGrGr,47087.0
47090,4,rrrgGgrrrgggrrrr,47092.0
47095,6,rrrrrGrrrrGGrrrr,47100.0
47100,7,rrrrryrrrryyrrrr,47103.0
47105,0,gGgrrrGggrrrrGrG,47108.0
47110,1,gGgrrrGggrrrrrrr,47113.0
47115,2,yyyrrryyyrrrrrrr,47116.0
47120,3,rrrgGgrrrgggGrGr,47121.0
47125,4,rrrgGgrrrgggrrrr,47126.0
47130,6,rrrrrGrrrrGGrrrr,47134.0
47135,7,rrrrryrrrryyrrrr,47137.0
47140,0,gGgrrrGggrrrrGrG,47142.0
47145,1,gGgrrrGggrrrrrrr,47147.0
47150,3,rrrgGgrrrgggGrGr,47155.0
47155,4,rrrgGgrrrgggrrrr,47160.0
47160,5,rrryygrrryggrrrr,47163.0
47165,6,rrrrrGrrrrGGrrrr,47168.0
47170,7,rrrrryrrrryyrrrr,47171.0
47175,0,gGgrrrGggrrrrGrG,47176.0
47180,1,gGgrrrGggrrrrrrr,47181.0
47185,3,rrrgGgrrrgggGrGr,47189.0
47190,4,rrrgGgrrrgggrrrr,47194.0
47195,5,rrryygrrryggrrrr,47197.0
47200,6,rrrrrGrrrrGGrrrr,47202.0
47205,0,gGgrrrGggrrrrGrG,47210.0
47210,1,gGgrrrGggrrrrrrr,47215.0
47215,2,yyyrrryyyrrrrrrr,47218.0
47220,3,rrrgGgrrrgggGrGr,47223.0
47225,4,rrrgGgrrrgggrrrr,47228.0
47230,5,rrryygrrryggrrrr,47231.0
47235,6,rrrrrGrrrrGGrrrr,47236.0
47240,0,gGgrrrGggrrrrGrG,47244.0
47245,1,gGgrrrGggrrrrrrr,47249.0
47250,2,yyyrrryyyrrrrrrr,47252.0
47255,3,rrrgGgrrrgggGrGr,47257.0
47260,4,rrrgGgrrrgggrrrr,47262.0
47265,6,rrrrrGrrrrGGrrrr,47270.0
47270,7,rrrrryrrrryyrrrr,47273.0
47275,0,gGgrrrGggrrrrGrG,47278.0
47280,1,gGgrrrGggrrrrrrr,47283.0
47285,2,yyyrrryyyrrrrrrr,47286.0
47290,3,rrrgGgrrrgggGrGr,47291.0
47295,4,rrrgGgrrrgggrrrr,47296.0
47300,6,rrrrrGrrrrGGrrrr,47304.0
47305,7,rrrrryrrrryyrrrr,47307.0
47310,0,gGgrrrGggrrrrGrG,47312.0
47315,1,gGgrrrGggrrrrrrr,47317.0
47320,3,rrrgGgrrrgggGrGr,47325.0
47325,4,rrrgGgrrrgggrrrr,47330.0
47330,5,rrryygrrryggrrrr,47333.0
47335,6,rrrrrGrrrrGGrrrr,47338.0
47340,7,rrrrryrrrryyrrrr,47341.0
47345,0,gGgrrrGggrrrrGrG,47346.0
47350,1,gGgrrrGggrrrrrrr,47351.0
47355,3,rrrgGgrrrgggGrGr,47359.0
47360,4,rrrgGgrrrgggrrrr,47364.0
47365,5,rrryygrrryggrrrr,47367.0
47370,6,rrrrrGrrrrGGrrrr,47372.0
47375,0,gGgrrrGggrrrrGrG,47380.0
47380,1,gGgrrrGggrrrrrrr,47385.0
47385,2,yyyrrryyyrrrrrrr,47388.0
47390,3,rrrgGgrrrgggGrGr,47393.0
47395,4,rrrgGgrrrgggrrrr,47398.0
47400,5,rrryygrrryggrrrr,47401.0
47405,6,rrrrrGrrrrGGrrrr,47406.0
47410,0,gGgrrrGggrrrrGrG,47414.0
47415,1,gGgrrrGggrrrrrrr,47419.0
47420,2,yyyrrryyyrrrrrrr,47422.0
47425,3,rrrgGgrrrgggGrGr,47427.0
47430,4,rrrgGgrrrgggrrrr,47432.0
47435,6,rrrrrGrrrrGGrrrr,47440.0
47440,7,rrrrryrrrryyrrrr,47443.0
47445,0,gGgrrrGggrrrrGrG,47448.0
47450,1,gGgrrrGggrrrrrrr,47453.0
47455,2,yyyrrryyyrrrrrrr,47456.0
47460,3,rrrgGgrrrgggGrGr,47461.0
47465,4,rrrgGgrrrgggrrrr,47466.0
47470,6,rrrrrGrrrrGGrrrr,47474.0
47475,7,rrrrryrrrryyrrrr,47477.0
47480,0,gGgrrrGggrrrrGrG,47482.0
47485,1,gGgrrrGggrrrrrrr,47487.0
47490,3,rrrgGgrrrgggGrGr,47495.0
47495,4,rrrgGgrrrgggrrrr,47500.0
47500,5,rrryygrrryggrrrr,47503.0
47505,6,rrrrrGrrrrGGrrrr,47508.0
47510,7,rrrrryrrrryyrrrr,47511.0
47515,0,gGgrrrGggrrrrGrG,47516.0
47520,1,gGgrrrGggrrrrrrr,47521.0
47525,3,rrrgGgrrrgggGrGr,47529.0
47530,4,rrrgGgrrrgggrrrr,47534.0
47535,5,rrryygrrryggrrrr,47537.0
47540,6,rrrrrGrrrrGGrrrr,47542.0
47545,0,gGgrrrGggrrrrGrG,47550.0
47550,1,gGgrrrGggrrrrrrr,47555.0
47555,2,yyyrrryyyrrrrrrr,47558.0
47560,3,rrrgGgrrrgggGrGr,47563.0
47565,4,rrrgGgrrrgggrrrr,47568.0
47570,5,rrryygrrryggrrrr,47571.0
47575,6,rrrrrGrrrrGGrrrr,47576.0
47580,0,gGgrrrGggrrrrGrG,47584.0
47585,1,gGgrrrGggrrrrrrr,47589.0
47590,2,yyyrrryyyrrrrrrr,47592.0
47595,3,rrrgGgrrrgggGrGr,47597.0
47600,4,rrrgGgrrrgggrrrr,47602.0
47605,6,rrrrrGrrrrGGrrrr,47610.0
47610,7,rrrrryrrrryyrrrr,47613.0
47615,0,gGgrrrGggrrrrGrG,47618.0
47620,1,gGgrrrGggrrrrrrr,47623.0
47625,2,yyyrrryyyrrrrrrr,47626.0
47630,3,rrrgGgrrrgggGrGr,47631.0
47635,4,rrrgGgrrrgggrrrr,47636.0
47640,6,rrrrrGrrrrGGrrrr,47644.0
47645,7,rrrrryrrrryyrrrr,47647.0
47650,0,gGgrrrGggrrrrGrG,47652.0
47655,1,gGgrrrGggrrrrrrr,47657.0
47660,3,rrrgGgrrrgggGrGr,47665.0
47665,4,rrrgGgrrrgggrrrr,47670.0
47670,5,rrryygrrryggrrrr,47673.0
47675,6,rrrrrGrrrrGGrrrr,47678.0
47680,7,rrrrryrrrryyrrrr,47681.0
47685,0,gGgrrrGggrrrrGrG,47686.0
47690,1,gGgrrrGggrrrrrrr,47691.0
47695,3,rrrgGgrrrgggGrGr,47699.0
47700,4,rrrgGgrrrgggrrrr,47704.0
47705,5,rrryygrrryggrrrr,47707.0
47710,6,rrrrrGrrrrGGrrrr,47712.0
47715,0,gGgrrrGggrrrrGrG,47720.0
47720,1,gGgrrrGggrrrrrrr,47725.0
47725,2,yyyrrryyyrrrrrrr,47728.0
47730,3,rrrgGgrrrgggGrGr,47733.0
47735,4,rrrgGgrrrgggrrrr,47738.0
47740,5,rrryygrrryggrrrr,47741.0
47745,6,rrrrrGrrrrGGrrrr,47746.0
47750,0,gGgrrrGggrrrrGrG,47754.0
47755,1,gGgrrrGggrrrrrrr,47759.0
47760,2,yyyrrryyyrrrrrrr,47762.0
47765,3,rrrgGgrrrgggGrGr,47767.0
47770,4,rrrgGgrrrgggrrrr,47772.0
47775,6,rrrrrGrrrrGGrrrr,47780.0
47780,7,rrrrryrrrryyrrrr,47783.0
47785,0,gGgrrrGggrrrrGrG,47788.0
47790,1,gGgrrrGggrrrrrrr,47793.0
47795,2,yyyrrryyyrrrrrrr,47796.0
47800,3,rrrgGgrrrgggGrGr,47801.0
47805,4,rrrgGgrrrgggrrrr,47806.0
47810,6,rrrrrGrrrrGGrrrr,47814.0
47815,7,rrrrryrrrryyrrrr,47817.0
47820,0,gGgrrrGggrrrrGrG,47822.0
47825,1,gGgrrrGggrrrrrrr,47827.0
47830,3,rrrgGgrrrgggGrGr,47835.0
47835,4,rrrgGgrrrgggrrrr,47840.0
47840,5,rrryygrrryggrrrr,47843.0
47845,6,rrrrrGrrrrGGrrrr,47848.0
47850,7,rrrrryrrrryyrrrr,47851.0
47855,0,gGgrrrGggrrrrGrG,47856.0
47860,1,gGgrrrGggrrrrrrr,47861.0
47865,3,rrrgGgrrrgggGrGr,47869.0
47870,4,rrrgGgrrrgggrrrr,47874.0
47875,5,rrryygrrryggrrrr,47877.0
47880,6,rrrrrGrrrrGGrrrr,47882.0
47885,0,gGgrrrGggrrrrGrG,47890.0
47890,1,gGgrrrGggrrrrrrr,47895.0
47895,2,yyyrrryyyrrrrrrr,47898.0
47900,3,rrrgGgrrrgggGrGr,47903.0
47905,4,rrrgGgrrrgggrrrr,47908.0
47910,5,rrryygrrryggrrrr,47911.0
47915,6,rrrrrGrrrrGGrrrr,47916.0
47920,0,gGgrrrGggrrrrGrG,47924.0
47925,1,gGgrrrGggrrrrrrr,47929.0
47930,2,yyyrrryyyrrrrrrr,47932.0
47935,3,rrrgGgrrrgggGrGr,47937.0
47940,4,rrrgGgrrrgggrrrr,47942.0
47945,6,rrrrrGrrrrGGrrrr,47950.0
47950,7,rrrrryrrrryyrrrr,47953.0
47955,0,gGgrrrGggrrrrGrG,47958.0
47960,1,gGgrrrGggrrrrrrr,47963.0
47965,2,yyyrrryyyrrrrrrr,47966.0
47970,3,rrrgGgrrrgggGrGr,47971.0
47975,4,rrrgGgrrrgggrrrr,47976.0
47980,6,rrrrrGrrrrGGrrrr,47984.0
47985,7,rrrrryrrrryyrrrr,47987.0
47990,0,gGgrrrGggrrrrGrG,47992.0
47995,1,gGgrrrGggrrrrrrr,47997.0
48000,3,rrrgGgrrrgggGrGr,48005.0
48005,4,rrrgGgrrrgggrrrr,48010.0
48010,5,rrryygrrryggrrrr,48013.0
48015,6,rrrrrGrrrrGGrrrr,48018.0
48020,7,rrrrryrrrryyrrrr,48021.0
48025,0,gGgrrrGggrrrrGrG,48026.0
48030,1,gGgrrrGggrrrrrrr,48031.0
48035,3,rrrgGgrrrgggGrGr,48039.0
48040,4,rrrgGgrrrgggrrrr,48044.0
48045,5,rrryygrrryggrrrr,48047.0
48050,6,rrrrrGrrrrGGrrrr,48052.0
48055,0,gGgrrrGggrrrrGrG,48060.0
48060,1,gGgrrrGggrrrrrrr,48065.0
48065,2,yyyrrryyyrrrrrrr,48068.0
48070,3,rrrgGgrrrgggGrGr,48073.0
48075,4,rrrgGgrrrgggrrrr,48078.0
48080,5,rrryygrrryggrrrr,48081.0
48085,6,rrrrrGrrrrGGrrrr,48086.0
48090,0,gGgrrrGggrrrrGrG,48094.0
48095,1,gGgrrrGggrrrrrrr,48099.0
48100,2,yyyrrryyyrrrrrrr,48102.0
48105,3,rrrgGgrrrgggGrGr,48107.0
48110,4,rrrgGgrrrgggrrrr,48112.0
48115,6,rrrrrGrrrrGGrrrr,48120.0
48120,7,rrrrryrrrryyrrrr,48123.0
48125,0,gGgrrrGggrrrrGrG,48128.0
48130,1,gGgrrrGggrrrrrrr,48133.0
48135,2,yyyrrryyyrrrrrrr,48136.0
48140,3,rrrgGgrrrgggGrGr,48141.0
48145,4,rrrgGgrrrgggrrrr,48146.0
48150,6,rrrrrGrrrrGGrrrr,48154.0
48155,7,rrrrryrrrryyrrrr,48157.0
48160,0,gGgrrrGggrrrrGrG,48162.0
48165,1,gGgrrrGggrrrrrrr,48167.0
48170,3,rrrgGgrrrgggGrGr,48175.0
48175,4,rrrgGgrrrgggrrrr,48180.0
48180,5,rrryygrrryggrrrr,48183.0
48185,6,rrrrrGrrrrGGrrrr,48188.0
48190,7,rrrrryrrrryyrrrr,48191.0
48195,0,gGgrrrGggrrrrGrG,48196.0
48200,1,gGgrrrGggrrrrrrr,48201.0
48205,3,rrrgGgrrrgggGrGr,48209.0
48210,4,rrrgGgrrrgggrrrr,48214.0
48215,5,rrryygrrryggrrrr,48217.0
48220,6,rrrrrGrrrrGGrrrr,48222.0
48225,0,gGgrrrGggrrrrGrG,48230.0
48230,1,gGgrrrGggrrrrrrr,48235.0
48235,2,yyyrrryyyrrrrrrr,48238.0
48240,3,rrrgGgrrrgggGrGr,48243.0
48245,4,rrrgGgrrrgggrrrr,48248.0
48250,5,rrryygrrryggrrrr,48251.0
48255,6,rrrrrGrrrrGGrrrr,48256.0
48260,0,gGgrrrGggrrrrGrG,48264.0
48265,1,gGgrrrGggrrrrrrr,48269.0
48270,2,yyyrrryyyrrrrrrr,48272.0
48275,3,rrrgGgrrrgggGrGr,48277.0
48280,4,rrrgGgrrrgggrrrr,48282.0
48285,6,rrrrrGrrrrGGrrrr,48290.0
48290,7,rrrrryrrrryyrrrr,48293.0
48295,0,gGgrrrGggrrrrGrG,48298.0
48300,1,gGgrrrGggrrrrrrr,48303.0
48305,2,yyyrrryyyrrrrrrr,48306.0
48310,3,rrrgGgrrrgggGrGr,48311.0
48315,4,rrrgGgrrrgggrrrr,48316.0
48320,6,rrrrrGrrrrGGrrrr,48324.0
48325,7,rrrrryrrrryyrrrr,48327.0
48330,0,gGgrrrGggrrrrGrG,48332.0
48335,1,gGgrrrGggrrrrrrr,48337.0
48340,3,rrrgGgrrrgggGrGr,48345.0
48345,4,rrrgGgrrrgggrrrr,48350.0
48350,5,rrryygrrryggrrrr,48353.0
48355,6,rrrrrGrrrrGGrrrr,48358.0
48360,7,rrrrryrrrryyrrrr,48361.0
48365,0,gGgrrrGggrrrrGrG,48366.0
48370,1,gGgrrrGggrrrrrrr,48371.0
48375,3,rrrgGgrrrgggGrGr,48379.0
48380,4,rrrgGgrrrgggrrrr,48384.0
48385,5,rrryygrrryggrrrr,48387.0
48390,6,rrrrrGrrrrGGrrrr,48392.0
48395,0,gGgrrrGggrrrrGrG,48400.0
48400,1,gGgrrrGggrrrrrrr,48405.0
48405,2,yyyrrryyyrrrrrrr,48408.0
48410,3,rrrgGgrrrgggGrGr,48413.0
48415,4,rrrgGgrrrgggrrrr,48418.0
48420,5,rrryygrrryggrrrr,48421.0
48425,6,rrrrrGrrrrGGrrrr,48426.0
48430,0,gGgrrrGggrrrrGrG,48434.0
48435,1,gGgrrrGggrrrrrrr,48439.0
48440,2,yyyrrryyyrrrrrrr,48442.0
48445,3,rrrgGgrrrgggGrGr,48447.0
48450,4,rrrgGgrrrgggrrrr,48452.0
48455,6,rrrrrGrrrrGGrrrr,48460.0
48460,7,rrrrryrrrryyrrrr,48463.0
48465,0,gGgrrrGggrrrrGrG,48468.0
48470,1,gGgrrrGggrrrrrrr,48473.0
48475,2,yyyrrryyyrrrrrrr,48476.0
48480,3,rrrgGgrrrgggGrGr,48481.0
48485,4,rrrgGgrrrgggrrrr,48486.0
48490,6,rrrrrGrrrrGGrrrr,48494.0
48495,7,rrrrryrrrryyrrrr,48497.0
48500,0,gGgrrrGggrrrrGrG,48502.0
48505,1,gGgrrrGggrrrrrrr,48507.0
48510,3,rrrgGgrrrgggGrGr,48515.0
48515,4,rrrgGgrrrgggrrrr,48520.0
48520,5,rrryygrrryggrrrr,48523.0
48525,6,rrrrrGrrrrGGrrrr,48528.0
48530,7,rrrrryrrrryyrrrr,48531.0
48535,0,gGgrrrGggrrrrGrG,48536.0
48540,1,gGgrrrGggrrrrrrr,48541.0
48545,3,rrrgGgrrrgggGrGr,48549.0
48550,4,rrrgGgrrrgggrrrr,48554.0
48555,5,rrryygrrryggrrrr,48557.0
48560,6,rrrrrGrrrrGGrrrr,48562.0
48565,0,gGgrrrGggrrrrGrG,48570.0
48570,1,gGgrrrGggrrrrrrr,48575.0
48575,2,yyyrrryyyrrrrrrr,48578.0
48580,3,rrrgGgrrrgggGrGr,48583.0
48585,4,rrrgGgrrrgggrrrr,48588.0
48590,5,rrryygrrryggrrrr,48591.0
48595,6,rrrrrGrrrrGGrrrr,48596.0
48600,0,gGgrrrGggrrrrGrG,48604.0
48605,1,gGgrrrGggrrrrrrr,48609.0
48610,2,yyyrrryyyrrrrrrr,48612.0
48615,3,rrrgGgrrrgggGrGr,48617.0
48620,4,rrrgGgrrrgggrrrr,48622.0
48625,6,rrrrrGrrrrGGrrrr,48630.0
48630,7,rrrrryrrrryyrrrr,48633.0
48635,0,gGgrrrGggrrrrGrG,48638.0
48640,1,gGgrrrGggrrrrrrr,48643.0
48645,2,yyyrrryyyrrrrrrr,48646.0
48650,3,rrrgGgrrrgggGrGr,48651.0
48655,4,rrrgGgrrrgggrrrr,48656.0
48660,6,rrrrrGrrrrGGrrrr,48664.0
48665,7,rrrrryrrrryyrrrr,48667.0
48670,0,gGgrrrGggrrrrGrG,48672.0
48675,1,gGgrrrGggrrrrrrr,48677.0
48680,3,rrrgGgrrrgggGrGr,48685.0
48685,4,rrrgGgrrrgggrrrr,48690.0
48690,5,rrryygrrryggrrrr,48693.0
48695,6,rrrrrGrrrrGGrrrr,48698.0
48700,7,rrrrryrrrryyrrrr,48701.0
48705,0,gGgrrrGggrrrrGrG,48706.0
48710,1,gGgrrrGggrrrrrrr,48711.0
48715,3,rrrgGgrrrgggGrGr,48719.0
48720,4,rrrgGgrrrgggrrrr,48724.0
48725,5,rrryygrrryggrrrr,48727.0
48730,6,rrrrrGrrrrGGrrrr,48732.0
48735,0,gGgrrrGggrrrrGrG,48740.0
48740,1,gGgrrrGggrrrrrrr,48745.0
48745,2,yyyrrryyyrrrrrrr,48748.0
48750,3,rrrgGgrrrgggGrGr,48753.0
48755,4,rrrgGgrrrgggrrrr,48758.0
48760,5,rrryygrrryggrrrr,48761.0
48765,6,rrrrrGrrrrGGrrrr,48766.0
48770,0,gGgrrrGggrrrrGrG,48774.0
48775,1,gGgrrrGggrrrrrrr,48779.0
48780,2,yyyrrryyyrrrrrrr,48782.0
48785,3,rrrgGgrrrgggGrGr,48787.0
48790,4,rrrgGgrrrgggrrrr,48792.0
48795,6,rrrrrGrrrrGGrrrr,48800.0
48800,7,rrrrryrrrryyrrrr,48803.0
48805,0,gGgrrrGggrrrrGrG,48808.0
48810,1,gGgrrrGggrrrrrrr,48813.0
48815,2,yyyrrryyyrrrrrrr,48816.0
48820,3,rrrgGgrrrgggGrGr,48821.0
48825,4,rrrgGgrrrgggrrrr,48826.0
48830,6,rrrrrGrrrrGGrrrr,48834.0
48835,7,rrrrryrrrryyrrrr,48837.0
48840,0,gGgrrrGggrrrrGrG,48842.0
48845,1,gGgrrrGggrrrrrrr,48847.0
48850,3,rrrgGgrrrgggGrGr,48855.0
48855,4,rrrgGgrrrgggrrrr,48860.0
48860,5,rrryygrrryggrrrr,48863.0
48865,6,rrrrrGrrrrGGrrrr,48868.0
48870,7,rrrrryrrrryyrrrr,48871.0
48875,0,gGgrrrGggrrrrGrG,48876.0
48880,1,gGgrrrGggrrrrrrr,48881.0
48885,3,rrrgGgrrrgggGrGr,48889.0
48890,4,rrrgGgrrrgggrrrr,48894.0
48895,5,rrryygrrryggrrrr,48897.0
48900,6,rrrrrGrrrrGGrrrr,48902.0
48905,0,gGgrrrGggrrrrGrG,48910.0
48910,1,gGgrrrGggrrrrrrr,48915.0
48915,2,yyyrrryyyrrrrrrr,48918.0
48920,3,rrrgGgrrrgggGrGr,48923.0
48925,4,rrrgGgrrrgggrrrr,48928.0
48930,5,rrryygrrryggrrrr,48931.0
48935,6,rrrrrGrrrrGGrrrr,48936.0
48940,0,gGgrrrGggrrrrGrG,48944.0
48945,1,gGgrrrGggrrrrrrr,48949.0
48950,2,yyyrrryyyrrrrrrr,48952.0
48955,3,rrrgGgrrrgggGrGr,48957.0
48960,4,rrrgGgrrrgggrrrr,48962.0
48965,6,rrrrrGrrrrGGrrrr,48970.0
48970,7,rrrrryrrrryyrrrr,48973.0
48975,0,gGgrrrGggrrrrGrG,48978.0
48980,1,gGgrrrGggrrrrrrr,48983.0
48985,2,yyyrrryyyrrrrrrr,48986.0
48990,3,rrrgGgrrrgggGrGr,48991.0
48995,4,rrrgGgrrrgggrrrr,48996.0
49000,6,rrrrrGrrrrGGrrrr,49004.0
49005,7,rrrrryrrrryyrrrr,49007.0
49010,0,gGgrrrGggrrrrGrG,49012.0
49015,1,gGgrrrGggrrrrrrr,49017.0
49020,3,rrrgGgrrrgggGrGr,49025.0
49025,4,rrrgGgrrrgggrrrr,49030.0
49030,5,rrryygrrryggrrrr,49033.0
49035,6,rrrrrGrrrrGGrrrr,49038.0
49040,7,rrrrryrrrryyrrrr,49041.0
49045,0,gGgrrrGggrrrrGrG,49046.0
49050,1,gGgrrrGggrrrrrrr,49051.0
49055,3,rrrgGgrrrgggGrGr,49059.0
49060,4,rrrgGgrrrgggrrrr,49064.0
49065,5,rrryygrrryggrrrr,49067.0
49070,6,rrrrrGrrrrGGrrrr,49072.0
49075,0,gGgrrrGggrrrrGrG,49080.0
49080,1,gGgrrrGggrrrrrrr,49085.0
49085,2,yyyrrryyyrrrrrrr,49088.0
49090,3,rrrgGgrrrgggGrGr,49093.0
49095,4,rrrgGgrrrgggrrrr,49098.0
49100,5,rrryygrrryggrrrr,49101.0
49105,6,rrrrrGrrrrGGrrrr,49106.0
49110,0,gGgrrrGggrrrrGrG,49114.0
49115,1,gGgrrrGggrrrrrrr,49119.0
49120,2,yyyrrryyyrrrrrrr,49122.0
49125,3,rrrgGgrrrgggGrGr,49127.0
49130,4,rrrgGgrrrgggrrrr,49132.0
49135,6,rrrrrGrrrrGGrrrr,49140.0
49140,7,rrrrryrrrryyrrrr,49143.0
49145,0,gGgrrrGggrrrrGrG,49148.0
49150,1,gGgrrrGggrrrrrrr,49153.0
49155,2,yyyrrryyyrrrrrrr,49156.0
49160,3,rrrgGgrrrgggGrGr,49161.0
49165,4,rrrgGgrrrgggrrrr,49166.0
49170,6,rrrrrGrrrrGGrrrr,49174.0
49175,7,rrrrryrrrryyrrrr,49177.0
49180,0,gGgrrrGggrrrrGrG,49182.0
49185,1,gGgrrrGggrrrrrrr,49187.0
49190,3,rrrgGgrrrgggGrGr,49195.0
49195,4,rrrgGgrrrgggrrrr,49200.0
49200,5,rrryygrrryggrrrr,49203.0
49205,6,rrrrrGrrrrGGrrrr,49208.0
49210,7,rrrrryrrrryyrrrr,49211.0
49215,0,gGgrrrGggrrrrGrG,49216.0
49220,1,gGgrrrGggrrrrrrr,49221.0
49225,3,rrrgGgrrrgggGrGr,49229.0
49230,4,rrrgGgrrrgggrrrr,49234.0
49235,5,rrryygrrryggrrrr,49237.0
49240,6,rrrrrGrrrrGGrrrr,49242.0
49245,0,gGgrrrGggrrrrGrG,49250.0
49250,1,gGgrrrGggrrrrrrr,49255.0
49255,2,yyyrrryyyrrrrrrr,49258.0
49260,3,rrrgGgrrrgggGrGr,49263.0
49265,4,rrrgGgrrrgggrrrr,49268.0
49270,5,rrryygrrryggrrrr,49271.0
49275,6,rrrrrGrrrrGGrrrr,49276.0
49280,0,gGgrrrGggrrrrGrG,49284.0
49285,1,gGgrrrGggrrrrrrr,49289.0
49290,2,yyyrrryyyrrrrrrr,49292.0
49295,3,rrrgGgrrrgggGrGr,49297.0
49300,4,rrrgGgrrrgggrrrr,49302.0
49305,6,rrrrrGrrrrGGrrrr,49310.0
49310,7,rrrrryrrrryyrrrr,49313.0
49315,0,gGgrrrGggrrrrGrG,49318.0
49320,1,gGgrrrGggrrrrrrr,49323.0
49325,2,yyyrrryyyrrrrrrr,49326.0
49330,3,rrrgGgrrrgggGrGr,49331.0
49335,4,rrrgGgrrrgggrrrr,49336.0
49340,6,rrrrrGrrrrGGrrrr,49344.0
49345,7,rrrrryrrrryyrrrr,49347.0
49350,0,gGgrrrGggrrrrGrG,49352.0
49355,1,gGgrrrGggrrrrrrr,49357.0
49360,3,rrrgGgrrrgggGrGr,49365.0
49365,4,rrrgGgrrrgggrrrr,49370.0
49370,5,rrryygrrryggrrrr,49373.0
49375,6,rrrrrGrrrrGGrrrr,49378.0
49380,7,rrrrryrrrryyrrrr,49381.0
49385,0,gGgrrrGggrrrrGrG,49386.0
49390,1,gGgrrrGggrrrrrrr,49391.0
49395,3,rrrgGgrrrgggGrGr,49399.0
49400,4,rrrgGgrrrgggrrrr,49404.0
49405,5,rrryygrrryggrrrr,49407.0
49410,6,rrrrrGrrrrGGrrrr,49412.0
49415,0,gGgrrrGggrrrrGrG,49420.0
49420,1,gGgrrrGggrrrrrrr,49425.0
49425,2,yyyrrryyyrrrrrrr,49428.0
49430,3,rrrgGgrrrgggGrGr,49433.0
49435,4,rrrgGgrrrgggrrrr,49438.0
49440,5,rrryygrrryggrrrr,49441.0
49445,6,rrrrrGrrrrGGrrrr,49446.0
49450,0,gGgrrrGggrrrrGrG,49454.0
49455,1,gGgrrrGggrrrrrrr,49459.0
49460,2,yyyrrryyyrrrrrrr,49462.0
49465,3,rrrgGgrrrgggGrGr,49467.0
49470,4,rrrgGgrrrgggrrrr,49472.0
49475,6,rrrrrGrrrrGGrrrr,49480.0
49480,7,rrrrryrrrryyrrrr,49483.0
49485,0,gGgrrrGggrrrrGrG,49488.0
49490,1,gGgrrrGggrrrrrrr,49493.0
49495,2,yyyrrryyyrrrrrrr,49496.0
49500,3,rrrgGgrrrgggGrGr,49501.0
49505,4,rrrgGgrrrgggrrrr,49506.0
49510,6,rrrrrGrrrrGGrrrr,49514.0
49515,7,rrrrryrrrryyrrrr,49517.0
49520,0,gGgrrrGggrrrrGrG,49522.0
49525,1,gGgrrrGggrrrrrrr,49527.0
49530,3,rrrgGgrrrgggGrGr,49535.0
49535,4,rrrgGgrrrgggrrrr,49540.0
49540,5,rrryygrrryggrrrr,49543.0
49545,6,rrrrrGrrrrGGrrrr,49548.0
49550,7,rrrrryrrrryyrrrr,49551.0
49555,0,gGgrrrGggrrrrGrG,49556.0
49560,1,gGgrrrGggrrrrrrr,49561.0
49565,3,rrrgGgrrrgggGrGr,49569.0
49570,4,rrrgGgrrrgggrrrr,49574.0
49575,5,rrryygrrryggrrrr,49577.0
49580,6,rrrrrGrrrrGGrrrr,49582.0
49585,0,gGgrrrGggrrrrGrG,49590.0
49590,1,gGgrrrGggrrrrrrr,49595.0
49595,2,yyyrrryyyrrrrrrr,49598.0
49600,3,rrrgGgrrrgggGrGr,49603.0
49605,4,rrrgGgrrrgggrrrr,49608.0
49610,5,rrryygrrryggrrrr,49611.0
49615,6,rrrrrGrrrrGGrrrr,49616.0
49620,0,gGgrrrGggrrrrGrG,49624.0
49625,1,gGgrrrGggrrrrrrr,49629.0
49630,2,yyyrrryyyrrrrrrr,49632.0
49635,3,rrrgGgrrrgggGrGr,49637.0
49640,4,rrrgGgrrrgggrrrr,49642.0
49645,6,rrrrrGrrrrGGrrrr,49650.0
49650,7,rrrrryrrrryyrrrr,49653.0
49655,0,gGgrrrGggrrrrGrG,49658.0
49660,1,gGgrrrGggrrrrrrr,49663.0
49665,2,yyyrrryyyrrrrrrr,49666.0
49670,3,rrrgGgrrrgggGrGr,49671.0
49675,4,rrrgGgrrrgggrrrr,49676.0
49680,6,rrrrrGrrrrGGrrrr,49684.0
49685,7,rrrrryrrrryyrrrr,49687.0
49690,0,gGgrrrGggrrrrGrG,49692.0
49695,1,gGgrrrGggrrrrrrr,49697.0
49700,3,rrrgGgrrrgggGrGr,49705.0
49705,4,rrrgGgrrrgggrrrr,49710.0
49710,5,rrryygrrryggrrrr,49713.0
49715,6,rrrrrGrrrrGGrrrr,49718.0
49720,7,rrrrryrrrryyrrrr,49721.0
49725,0,gGgrrrGggrrrrGrG,49726.0
49730,1,gGgrrrGggrrrrrrr,49731.0
49735,3,rrrgGgrrrgggGrGr,49739.0
49740,4,rrrgGgrrrgggrrrr,49744.0
49745,5,rrryygrrryggrrrr,49747.0
49750,6,rrrrrGrrrrGGrrrr,49752.0
49755,0,gGgrrrGggrrrrGrG,49760.0
49760,1,gGgrrrGggrrrrrrr,49765.0
49765,2,yyyrrryyyrrrrrrr,49768.0
49770,3,rrrgGgrrrgggGrGr,49773.0
49775,4,rrrgGgrrrgggrrrr,49778.0
49780,5,rrryygrrryggrrrr,49781.0
49785,6,rrrrrGrrrrGGrrrr,49786.0
49790,0,gGgrrrGggrrrrGrG,49794.0
49795,1,gGgrrrGggrrrrrrr,49799.0
49800,2,yyyrrryyyrrrrrrr,49802.0
49805,3,rrrgGgrrrgggGrGr,49807.0
49810,4,rrrgGgrrrgggrrrr,49812.0
49815,6,rrrrrGrrrrGGrrrr,49820.0
49820,7,rrrrryrrrryyrrrr,49823.0
49825,0,gGgrrrGggrrrrGrG,49828.0
49830,1,gGgrrrGggrrrrrrr,49833.0
49835,2,yyyrrryyyrrrrrrr,49836.0
49840,3,rrrgGgrrrgggGrGr,49841.0
49845,4,rrrgGgrrrgggrrrr,49846.0
49850,6,rrrrrGrrrrGGrrrr,49854.0
49855,7,rrrrryrrrryyrrrr,49857.0
49860,0,gGgrrrGggrrrrGrG,49862.0
49865,1,gGgrrrGggrrrrrrr,49867.0
49870,3,rrrgGgrrrgggGrGr,49875.0
49875,4,rrrgGgrrrgggrrrr,49880.0
49880,5,rrryygrrryggrrrr,49883.0
49885,6,rrrrrGrrrrGGrrrr,49888.0
49890,7,rrrrryrrrryyrrrr,49891.0
49895,0,gGgrrrGggrrrrGrG,49896.0
49900,1,gGgrrrGggrrrrrrr,49901.0
49905,3,rrrgGgrrrgggGrGr,49909.0
49910,4,rrrgGgrrrgggrrrr,49914.0
49915,5,rrryygrrryggrrrr,49917.0
49920,6,rrrrrGrrrrGGrrrr,49922.0
49925,0,gGgrrrGggrrrrGrG,49930.0
49930,1,gGgrrrGggrrrrrrr,49935.0
49935,2,yyyrrryyyrrrrrrr,49938.0
49940,3,rrrgGgrrrgggGrGr,49943.0
49945,4,rrrgGgrrrgggrrrr,49948.0
49950,5,rrryygrrryggrrrr,49951.0
49955,6,rrrrrGrrrrGGrrrr,49956.0
49960,0,gGgrrrGggrrrrGrG,49964.0
49965,1,gGgrrrGggrrrrrrr,49969.0
49970,2,yyyrrryyyrrrrrrr,49972.0
49975,3,rrrgGgrrrgggGrGr,49977.0
49980,4,rrrgGgrrrgggrrrr,49982.0
49985,6,rrrrrGrrrrGGrrrr,49990.0
49990,7,rrrrryrrrryyrrrr,49993.0
49995,0,gGgrrrGggrrrrGrG,49998.0
