0,Mechanics Alley,0.0,0.0,0.0,0,(),0.0,0.0
5,Mechanics Alley,0.0,0.0,0.0,0,(),0.0,0.0
10,Mechanics Alley,0.0,0.0,0.0,0,(),0.0,0.0
15,Mechanics Alley,0.0,0.0,0.0,0,(),0.0,0.0
20,Mechanics Alley,0.0,0.0,0.0,0,(),0.0,0.0
25,Mechanics Alley,0.0,0.0,0.0,0,(),0.0,0.0
30,Mechanics Alley,0.0,0.0,0.0,0,(),0.0,0.0
35,Mechanics Alley,0.0,0.0,0.0,0,(),0.0,0.0
40,Mechanics Alley,0.0,0.0,0.0,0,(),0.0,0.0
45,Mechanics Alley,0.0,0.0,0.0,0,(),0.0,0.0
50,Mechanics Alley,0.0,0.0,0.0,0,(),0.0,0.0
55,Mechanics Alley,0.0,0.0,0.0,0,(),0.0,0.0
60,Mechanics Alley,0.0,0.0,0.0,0,(),0.0,0.0
65,Mechanics Alley,0.0,0.0,0.0,0,(),0.0,0.0
70,Mechanics Alley,0.0,0.0,0.0,0,(),0.0,0.0
75,Mechanics Alley,0.0,0.0,0.0,0,(),0.0,0.0
80,Mechanics Alley,0.0,0.0,0.0,0,(),0.0,0.0
85,Mechanics Alley,0.0,0.0,0.0,0,(),0.0,0.0
90,Mechanics Alley,0.0,0.0,0.0,0,(),0.0,0.0
95,Mechanics Alley,0.0,0.0,0.0,0,(),0.0,0.0
100,Mechanics Alley,0.0,0.0,0.0,0,(),0.0,0.0
105,Mechanics Alley,0.0,0.0,0.0,0,(),0.0,0.0
110,Mechanics Alley,0.0,0.0,0.0,0,(),0.0,0.0
115,Mechanics Alley,0.0,0.0,0.0,0,(),0.0,0.0
120,Mechanics Alley,0.0,0.0,0.0,0,(),0.0,0.0
125,Mechanics Alley,0.0,0.0,0.0,0,(),0.0,0.0
130,Mechanics Alley,0.0,0.0,0.0,0,(),0.0,0.0
135,Mechanics Alley,0.0,0.0,0.0,0,(),0.0,0.0
140,Mechanics Alley,0.0,0.0,0.0,0,(),0.0,0.0
145,Mechanics Alley,0.0,0.0,0.0,0,(),0.0,0.0
150,Mechanics Alley,0.0,0.0,0.0,0,(),0.0,0.0
155,Mechanics Alley,0.0,0.0,0.0,0,(),0.0,0.0
160,Mechanics Alley,0.0,0.0,0.0,0,(),0.0,0.0
165,Mechanics Alley,0.0,0.0,0.0,0,(),0.0,0.0
170,Mechanics Alley,0.0,0.0,0.0,0,(),0.0,0.0
175,Mechanics Alley,0.0,0.0,0.0,0,(),0.0,0.0
180,Mechanics Alley,0.0,0.0,0.0,0,(),0.0,0.0
185,Mechanics Alley,0.0,0.0,0.0,0,(),0.0,0.0
190,Mechanics Alley,0.0,0.0,0.0,0,(),0.0,0.0
195,Mechanics Alley,0.0,0.0,0.0,0,(),0.0,0.0
200,Mechanics Alley,0.0,0.0,0.0,0,(),0.0,0.0
205,Mechanics Alley,0.0,0.0,0.0,0,(),0.0,0.0
210,Mechanics Alley,0.0,0.0,0.0,0,(),0.0,0.0
215,Mechanics Alley,0.0,0.0,0.0,0,(),0.0,0.0
220,Mechanics Alley,0.0,0.0,0.0,0,(),0.0,0.0
225,Mechanics Alley,0.0,0.0,0.0,0,(),0.0,0.0
230,Mechanics Alley,0.0,0.0,0.0,0,(),0.0,0.0
235,Mechanics Alley,0.0,0.0,0.0,0,(),0.0,0.0
240,Mechanics Alley,0.0,0.0,0.0,0,(),0.0,0.0
245,Mechanics Alley,0.0,0.0,0.0,0,(),0.0,0.0
250,Mechanics Alley,0.0,0.0,0.0,0,(),0.0,0.0
255,Mechanics Alley,0.0,0.0,0.0,0,(),0.0,0.0
260,Mechanics Alley,0.0,0.0,0.0,0,(),0.0,0.0
265,Mechanics Alley,0.0,0.0,0.0,0,(),0.0,0.0
270,Mechanics Alley,0.0,0.0,0.0,0,(),0.0,0.0
275,Mechanics Alley,0.0,0.0,0.0,0,(),0.0,0.0
280,Mechanics Alley,0.0,0.0,0.0,0,(),0.0,0.0
285,Mechanics Alley,0.0,0.0,0.0,0,(),0.0,0.0
290,Mechanics Alley,0.0,0.0,0.0,0,(),0.0,0.0
295,Mechanics Alley,0.0,0.0,0.0,0,(),0.0,0.0
300,Mechanics Alley,0.0,0.0,0.0,0,(),0.0,0.0
305,Mechanics Alley,0.0,0.0,0.0,0,(),0.0,0.0
310,Mechanics Alley,0.0,0.0,0.0,0,(),0.0,0.0
315,Mechanics Alley,0.0,0.0,0.0,0,(),0.0,0.0
320,Mechanics Alley,0.0,0.0,0.0,0,(),0.0,0.0
325,Mechanics Alley,0.0,0.0,0.0,0,(),0.0,0.0
330,Mechanics Alley,0.0,0.0,0.0,0,(),0.0,0.0
335,Mechanics Alley,0.0,0.0,0.0,0,(),0.0,0.0
340,Mechanics Alley,0.0,0.0,0.0,0,(),0.0,0.0
345,Mechanics Alley,0.0,0.0,0.0,0,(),0.0,0.0
350,Mechanics Alley,0.0,0.0,0.0,0,(),0.0,0.0
355,Mechanics Alley,0.0,0.0,0.0,0,(),0.0,0.0
360,Mechanics Alley,0.0,0.0,0.0,0,(),0.0,0.0
365,Mechanics Alley,0.0,0.0,0.0,0,(),0.0,0.0
370,Mechanics Alley,0.0,0.0,0.0,0,(),0.0,0.0
375,Mechanics Alley,0.0,0.0,0.0,0,(),0.0,0.0
380,Mechanics Alley,0.0,0.0,0.0,0,(),0.0,0.0
385,Mechanics Alley,0.0,0.0,0.0,0,(),0.0,0.0
390,Mechanics Alley,0.0,0.0,0.0,0,(),0.0,0.0
395,Mechanics Alley,0.0,0.0,0.0,0,(),0.0,0.0
400,Mechanics Alley,0.0,0.0,0.0,0,(),0.0,0.0
405,Mechanics Alley,0.0,0.0,0.0,0,(),0.0,0.0
410,Mechanics Alley,0.0,0.0,0.0,0,(),0.0,0.0
415,Mechanics Alley,0.0,0.0,0.0,0,(),0.0,0.0
420,Mechanics Alley,0.0,0.0,0.0,0,(),0.0,0.0
425,Mechanics Alley,0.0,0.0,0.0,0,(),0.0,0.0
430,Mechanics Alley,0.0,0.0,0.0,0,(),0.0,0.0
435,Mechanics Alley,0.0,0.0,0.0,0,(),0.0,0.0
440,Mechanics Alley,0.0,0.0,0.0,0,(),0.0,0.0
445,Mechanics Alley,0.0,0.0,0.0,0,(),0.0,0.0
450,Mechanics Alley,0.0,0.0,0.0,0,(),0.0,0.0
455,Mechanics Alley,0.0,0.0,0.0,0,(),0.0,0.0
460,Mechanics Alley,0.0,0.0,0.0,0,(),0.0,0.0
465,Mechanics Alley,0.0,0.0,0.0,0,(),0.0,0.0
470,Mechanics Alley,0.0,0.0,0.0,0,(),0.0,0.0
475,Mechanics Alley,0.0,0.0,0.0,0,(),0.0,0.0
480,Mechanics Alley,0.0,0.0,0.0,0,(),0.0,0.0
485,Mechanics Alley,0.0,0.0,0.0,0,(),0.0,0.0
490,Mechanics Alley,0.0,0.0,0.0,0,(),0.0,0.0
495,Mechanics Alley,0.0,0.0,0.0,0,(),0.0,0.0
500,Mechanics Alley,0.0,0.0,0.0,0,(),0.0,0.0
505,Mechanics Alley,0.0,0.0,0.0,0,(),0.0,0.0
510,Mechanics Alley,0.0,0.0,0.0,0,(),0.0,0.0
515,Mechanics Alley,0.0,0.0,0.0,0,(),0.0,0.0
520,Mechanics Alley,0.0,0.0,0.0,0,(),0.0,0.0
525,Mechanics Alley,0.0,0.0,0.0,0,(),0.0,0.0
530,Mechanics Alley,0.0,0.0,0.0,0,(),0.0,0.0
535,Mechanics Alley,0.0,0.0,0.0,0,(),0.0,0.0
540,Mechanics Alley,0.0,0.0,0.0,0,(),0.0,0.0
545,Mechanics Alley,0.0,0.0,0.0,0,(),0.0,0.0
550,Mechanics Alley,0.0,0.0,0.0,0,(),0.0,0.0
555,Mechanics Alley,0.0,0.0,0.0,0,(),0.0,0.0
560,Mechanics Alley,0.0,0.0,0.0,0,(),0.0,0.0
565,Mechanics Alley,0.0,0.0,0.0,0,(),0.0,0.0
570,Mechanics Alley,0.0,0.0,0.0,0,(),0.0,0.0
575,Mechanics Alley,0.0,0.0,0.0,0,(),0.0,0.0
580,Mechanics Alley,0.0,0.0,0.0,0,(),0.0,0.0
585,Mechanics Alley,0.0,0.0,0.0,0,(),0.0,0.0
590,Mechanics Alley,0.0,0.0,0.0,0,(),0.0,0.0
595,Mechanics Alley,0.0,0.0,0.0,0,(),0.0,0.0
600,Mechanics Alley,0.0,0.0,0.0,0,(),0.0,0.0
605,Mechanics Alley,0.0,0.0,0.0,0,(),0.0,0.0
610,Mechanics Alley,0.0,0.0,0.0,0,(),0.0,0.0
615,Mechanics Alley,0.0,0.0,0.0,0,(),0.0,0.0
620,Mechanics Alley,0.0,0.0,0.0,0,(),0.0,0.0
625,Mechanics Alley,0.0,0.0,0.0,0,(),0.0,0.0
630,Mechanics Alley,0.0,0.0,0.0,0,(),0.0,0.0
635,Mechanics Alley,0.0,0.0,0.0,0,(),0.0,0.0
640,Mechanics Alley,0.0,0.0,0.0,0,(),0.0,0.0
645,Mechanics Alley,0.0,0.0,0.0,0,(),0.0,0.0
650,Mechanics Alley,0.0,0.0,0.0,0,(),0.0,0.0
655,Mechanics Alley,0.0,0.0,0.0,0,(),0.0,0.0
660,Mechanics Alley,0.0,0.0,0.0,0,(),0.0,0.0
665,Mechanics Alley,0.0,0.0,0.0,0,(),0.0,0.0
670,Mechanics Alley,0.0,0.0,0.0,0,(),0.0,0.0
675,Mechanics Alley,0.0,0.0,0.0,0,(),0.0,0.0
680,Mechanics Alley,0.0,0.0,0.0,0,(),0.0,0.0
685,Mechanics Alley,0.0,0.0,0.0,0,(),0.0,0.0
690,Mechanics Alley,0.0,0.0,0.0,0,(),0.0,0.0
695,Mechanics Alley,0.0,0.0,0.0,0,(),0.0,0.0
700,Mechanics Alley,0.0,0.0,0.0,0,(),0.0,0.0
705,Mechanics Alley,0.0,0.0,0.0,0,(),0.0,0.0
710,Mechanics Alley,0.0,0.0,0.0,0,(),0.0,0.0
715,Mechanics Alley,0.0,0.0,0.0,0,(),0.0,0.0
720,Mechanics Alley,0.0,0.0,0.0,0,(),0.0,0.0
725,Mechanics Alley,0.0,0.0,0.0,0,(),0.0,0.0
730,Mechanics Alley,0.0,0.0,0.0,0,(),0.0,0.0
735,Mechanics Alley,0.0,0.0,0.0,0,(),0.0,0.0
740,Mechanics Alley,0.0,0.0,0.0,0,(),0.0,0.0
745,Mechanics Alley,0.0,0.0,0.0,0,(),0.0,0.0
750,Mechanics Alley,0.0,0.0,0.0,0,(),0.0,0.0
755,Mechanics Alley,0.0,0.0,0.0,0,(),0.0,0.0
760,Mechanics Alley,0.0,0.0,0.0,0,"('ped238',)",0.0,0.0
765,Mechanics Alley,0.0,0.0,0.0,0,"('ped238',)",0.0,0.0
770,Mechanics Alley,0.0,0.0,0.0,0,"('ped238',)",0.0,0.0
775,Mechanics Alley,0.0,0.0,0.0,0,"('ped238',)",0.0,0.0
780,Mechanics Alley,0.0,0.0,0.0,0,"('ped238',)",0.0,0.0
785,Mechanics Alley,0.0,0.0,0.0,0,"('ped238',)",0.0,0.0
790,Mechanics Alley,0.0,0.0,0.0,0,"('ped238',)",0.0,0.0
795,Mechanics Alley,0.0,0.0,0.0,0,"('ped238',)",0.0,0.0
800,Mechanics Alley,0.0,0.0,0.0,0,"('ped238',)",0.0,0.0
805,Mechanics Alley,0.0,0.0,0.0,0,"('ped238',)",0.0,0.0
810,Mechanics Alley,0.0,0.0,0.0,0,(),0.0,0.0
815,Mechanics Alley,0.0,0.0,0.0,0,(),0.0,0.0
820,Mechanics Alley,0.0,0.0,0.0,0,(),0.0,0.0
825,Mechanics Alley,0.0,0.0,0.0,0,(),0.0,0.0
830,Mechanics Alley,0.0,0.0,0.0,0,(),0.0,0.0
835,Mechanics Alley,0.0,0.0,0.0,0,(),0.0,0.0
840,Mechanics Alley,0.0,0.0,0.0,0,(),0.0,0.0
845,Mechanics Alley,0.0,0.0,0.0,0,(),0.0,0.0
850,Mechanics Alley,0.0,0.0,0.0,0,(),0.0,0.0
855,Mechanics Alley,0.0,0.0,0.0,0,(),0.0,0.0
860,Mechanics Alley,0.0,0.0,0.0,0,(),0.0,0.0
865,Mechanics Alley,0.0,0.0,0.0,0,(),0.0,0.0
870,Mechanics Alley,0.0,0.0,0.0,0,(),0.0,0.0
875,Mechanics Alley,0.0,0.0,0.0,0,(),0.0,0.0
880,Mechanics Alley,0.0,0.0,0.0,0,(),0.0,0.0
885,Mechanics Alley,0.0,0.0,0.0,0,(),0.0,0.0
890,Mechanics Alley,0.0,0.0,0.0,0,(),0.0,0.0
895,Mechanics Alley,0.0,0.0,0.0,0,(),0.0,0.0
900,Mechanics Alley,0.0,0.0,0.0,0,(),0.0,0.0
905,Mechanics Alley,0.0,0.0,0.0,0,(),0.0,0.0
910,Mechanics Alley,0.0,0.0,0.0,0,(),0.0,0.0
915,Mechanics Alley,0.0,0.0,0.0,0,(),0.0,0.0
920,Mechanics Alley,0.0,0.0,0.0,0,(),0.0,0.0
925,Mechanics Alley,0.0,0.0,0.0,0,(),0.0,0.0
930,Mechanics Alley,0.0,0.0,0.0,0,(),0.0,0.0
935,Mechanics Alley,0.0,0.0,0.0,0,(),0.0,0.0
940,Mechanics Alley,0.0,0.0,0.0,0,(),0.0,0.0
945,Mechanics Alley,0.0,0.0,0.0,0,(),0.0,0.0
950,Mechanics Alley,0.0,0.0,0.0,0,(),0.0,0.0
955,Mechanics Alley,0.0,0.0,0.0,0,(),0.0,0.0
960,Mechanics Alley,0.0,0.0,0.0,0,(),0.0,0.0
965,Mechanics Alley,0.0,0.0,0.0,0,(),0.0,0.0
970,Mechanics Alley,0.0,0.0,0.0,0,(),0.0,0.0
975,Mechanics Alley,0.0,0.0,0.0,0,(),0.0,0.0
980,Mechanics Alley,0.0,0.0,0.0,0,(),0.0,0.0
985,Mechanics Alley,0.0,0.0,0.0,0,(),0.0,0.0
990,Mechanics Alley,0.0,0.0,0.0,0,(),0.0,0.0
995,Mechanics Alley,0.0,0.0,0.0,0,(),0.0,0.0
1000,Mechanics Alley,0.0,0.0,0.0,0,(),0.0,0.0
1005,Mechanics Alley,0.0,0.0,0.0,0,(),0.0,0.0
1010,Mechanics Alley,0.0,0.0,0.0,0,(),0.0,0.0
1015,Mechanics Alley,0.0,0.0,0.0,0,(),0.0,0.0
1020,Mechanics Alley,0.0,0.0,0.0,0,(),0.0,0.0
1025,Mechanics Alley,0.0,0.0,0.0,0,(),0.0,0.0
1030,Mechanics Alley,0.0,0.0,0.0,0,(),0.0,0.0
1035,Mechanics Alley,0.0,0.0,0.0,0,(),0.0,0.0
1040,Mechanics Alley,0.0,0.0,0.0,0,(),0.0,0.0
1045,Mechanics Alley,0.0,0.0,0.0,0,(),0.0,0.0
1050,Mechanics Alley,0.0,0.0,0.0,0,(),0.0,0.0
1055,Mechanics Alley,0.0,0.0,0.0,0,(),0.0,0.0
1060,Mechanics Alley,0.0,0.0,0.0,0,(),0.0,0.0
1065,Mechanics Alley,0.0,0.0,0.0,0,(),0.0,0.0
1070,Mechanics Alley,0.0,0.0,0.0,0,(),0.0,0.0
1075,Mechanics Alley,0.0,0.0,0.0,0,(),0.0,0.0
1080,Mechanics Alley,0.0,0.0,0.0,0,(),0.0,0.0
1085,Mechanics Alley,0.0,0.0,0.0,0,(),0.0,0.0
1090,Mechanics Alley,0.0,0.0,0.0,0,(),0.0,0.0
1095,Mechanics Alley,0.0,0.0,0.0,0,(),0.0,0.0
1100,Mechanics Alley,0.0,0.0,0.0,0,(),0.0,0.0
1105,Mechanics Alley,0.0,0.0,0.0,0,(),0.0,0.0
1110,Mechanics Alley,0.0,0.0,0.0,0,(),0.0,0.0
1115,Mechanics Alley,0.0,0.0,0.0,0,(),0.0,0.0
1120,Mechanics Alley,0.0,0.0,0.0,0,(),0.0,0.0
1125,Mechanics Alley,0.0,0.0,0.0,0,(),0.0,0.0
1130,Mechanics Alley,0.0,0.0,0.0,0,(),0.0,0.0
1135,Mechanics Alley,0.0,0.0,0.0,0,(),0.0,0.0
1140,Mechanics Alley,0.0,0.0,0.0,0,(),0.0,0.0
1145,Mechanics Alley,0.0,0.0,0.0,0,(),0.0,0.0
1150,Mechanics Alley,0.0,0.0,0.0,0,(),0.0,0.0
1155,Mechanics Alley,0.0,0.0,0.0,0,(),0.0,0.0
1160,Mechanics Alley,0.0,0.0,0.0,0,(),0.0,0.0
1165,Mechanics Alley,0.0,0.0,0.0,0,(),0.0,0.0
1170,Mechanics Alley,0.0,0.0,0.0,0,(),0.0,0.0
1175,Mechanics Alley,0.0,0.0,0.0,0,"('ped1050',)",0.0,0.0
1180,Mechanics Alley,0.0,0.0,0.0,0,"('ped1050',)",0.0,0.0
1185,Mechanics Alley,0.0,0.0,0.0,0,"('ped1050',)",0.0,0.0
1190,Mechanics Alley,0.0,0.0,0.0,0,"('ped1050',)",0.0,0.0
1195,Mechanics Alley,0.0,0.0,0.0,0,"('ped1050',)",0.0,0.0
1200,Mechanics Alley,0.0,0.0,0.0,0,"('ped1050',)",0.0,0.0
1205,Mechanics Alley,0.0,0.0,0.0,0,"('ped1050',)",0.0,0.0
1210,Mechanics Alley,0.0,0.0,0.0,0,"('ped1050',)",0.0,0.0
1215,Mechanics Alley,0.0,0.0,0.0,0,"('ped1050',)",0.0,0.0
1220,Mechanics Alley,0.0,0.0,0.0,0,"('ped1050',)",0.0,0.0
1225,Mechanics Alley,0.0,0.0,0.0,0,"('ped2292', 'ped3002')",0.0,0.0
1230,Mechanics Alley,0.0,0.0,0.0,0,"('ped2292', 'ped3002')",0.0,0.0
1235,Mechanics Alley,0.0,0.0,0.0,0,"('ped2292', 'ped3002')",0.0,0.0
1240,Mechanics Alley,0.0,0.0,0.0,0,"('ped2292', 'ped3002')",0.0,0.0
1245,Mechanics Alley,0.0,0.0,0.0,0,"('ped2292', 'ped3002')",0.0,0.0
1250,Mechanics Alley,0.0,0.0,0.0,0,"('ped3002', 'ped2292')",0.0,0.0
1255,Mechanics Alley,0.0,0.0,0.0,0,"('ped3002', 'ped2292')",0.0,0.0
1260,Mechanics Alley,0.0,0.0,0.0,0,"('ped3002', 'ped2292')",0.0,0.0
1265,Mechanics Alley,0.0,0.0,0.0,0,"('ped3002', 'ped2292')",0.0,0.0
1270,Mechanics Alley,0.0,0.0,0.0,0,"('ped3002',)",0.0,0.0
1275,Mechanics Alley,0.0,0.0,0.0,0,"('ped3002',)",0.0,0.0
1280,Mechanics Alley,0.0,0.0,0.0,0,(),0.0,0.0
1285,Mechanics Alley,0.0,0.0,0.0,0,(),0.0,0.0
1290,Mechanics Alley,0.0,0.0,0.0,0,(),0.0,0.0
1295,Mechanics Alley,0.0,0.0,0.0,0,(),0.0,0.0
1300,Mechanics Alley,0.0,0.0,0.0,0,(),0.0,0.0
1305,Mechanics Alley,0.0,0.0,0.0,0,(),0.0,0.0
1310,Mechanics Alley,0.0,0.0,0.0,0,(),0.0,0.0
1315,Mechanics Alley,0.0,0.0,0.0,0,(),0.0,0.0
1320,Mechanics Alley,0.0,0.0,0.0,0,(),0.0,0.0
1325,Mechanics Alley,0.0,0.0,0.0,0,(),0.0,0.0
1330,Mechanics Alley,0.0,0.0,0.0,0,(),0.0,0.0
1335,Mechanics Alley,0.0,0.0,0.0,0,(),0.0,0.0
1340,Mechanics Alley,0.0,0.0,0.0,0,(),0.0,0.0
1345,Mechanics Alley,0.0,0.0,0.0,0,(),0.0,0.0
1350,Mechanics Alley,0.0,0.0,0.0,0,(),0.0,0.0
1355,Mechanics Alley,0.0,0.0,0.0,0,(),0.0,0.0
1360,Mechanics Alley,0.0,0.0,0.0,0,(),0.0,0.0
1365,Mechanics Alley,0.0,0.0,0.0,0,(),0.0,0.0
1370,Mechanics Alley,0.0,0.0,0.0,0,(),0.0,0.0
1375,Mechanics Alley,0.0,0.0,0.0,0,(),0.0,0.0
1380,Mechanics Alley,0.0,0.0,0.0,0,(),0.0,0.0
1385,Mechanics Alley,0.0,0.0,0.0,0,(),0.0,0.0
1390,Mechanics Alley,0.0,0.0,0.0,0,(),0.0,0.0
1395,Mechanics Alley,0.0,0.0,0.0,0,(),0.0,0.0
1400,Mechanics Alley,0.0,0.0,0.0,0,(),0.0,0.0
1405,Mechanics Alley,0.0,0.0,0.0,0,(),0.0,0.0
1410,Mechanics Alley,0.0,0.0,0.0,0,(),0.0,0.0
1415,Mechanics Alley,0.0,0.0,0.0,0,(),0.0,0.0
1420,Mechanics Alley,0.0,0.0,0.0,0,(),0.0,0.0
1425,Mechanics Alley,0.0,0.0,0.0,0,(),0.0,0.0
1430,Mechanics Alley,0.0,0.0,0.0,0,(),0.0,0.0
1435,Mechanics Alley,0.0,0.0,0.0,0,(),0.0,0.0
1440,Mechanics Alley,0.0,0.0,0.0,0,(),0.0,0.0
1445,Mechanics Alley,0.0,0.0,0.0,0,(),0.0,0.0
1450,Mechanics Alley,0.0,0.0,0.0,0,(),0.0,0.0
1455,Mechanics Alley,0.0,0.0,0.0,0,(),0.0,0.0
1460,Mechanics Alley,0.0,0.0,0.0,0,(),0.0,0.0
1465,Mechanics Alley,0.0,0.0,0.0,0,(),0.0,0.0
1470,Mechanics Alley,0.0,0.0,0.0,0,(),0.0,0.0
1475,Mechanics Alley,0.0,0.0,0.0,0,(),0.0,0.0
1480,Mechanics Alley,0.0,0.0,0.0,0,(),0.0,0.0
1485,Mechanics Alley,0.0,0.0,0.0,0,(),0.0,0.0
1490,Mechanics Alley,0.0,0.0,0.0,0,(),0.0,0.0
1495,Mechanics Alley,0.0,0.0,0.0,0,(),0.0,0.0
1500,Mechanics Alley,0.0,0.0,0.0,0,(),0.0,0.0
1505,Mechanics Alley,0.0,0.0,0.0,0,(),0.0,0.0
1510,Mechanics Alley,0.0,0.0,0.0,0,(),0.0,0.0
1515,Mechanics Alley,0.0,0.0,0.0,0,(),0.0,0.0
1520,Mechanics Alley,0.0,0.0,0.0,0,(),0.0,0.0
1525,Mechanics Alley,0.0,0.0,0.0,0,(),0.0,0.0
1530,Mechanics Alley,0.0,0.0,0.0,0,(),0.0,0.0
1535,Mechanics Alley,0.0,0.0,0.0,0,(),0.0,0.0
1540,Mechanics Alley,0.0,0.0,0.0,0,(),0.0,0.0
1545,Mechanics Alley,0.0,0.0,0.0,0,(),0.0,0.0
1550,Mechanics Alley,0.0,0.0,0.0,0,(),0.0,0.0
1555,Mechanics Alley,0.0,0.0,0.0,0,(),0.0,0.0
1560,Mechanics Alley,0.0,0.0,0.0,0,(),0.0,0.0
1565,Mechanics Alley,0.0,0.0,0.0,0,(),0.0,0.0
1570,Mechanics Alley,0.0,0.0,0.0,0,(),0.0,0.0
1575,Mechanics Alley,0.0,0.0,0.0,0,(),0.0,0.0
1580,Mechanics Alley,0.0,0.0,0.0,0,(),0.0,0.0
1585,Mechanics Alley,0.0,0.0,0.0,0,(),0.0,0.0
1590,Mechanics Alley,0.0,0.0,0.0,0,(),0.0,0.0
1595,Mechanics Alley,0.0,0.0,0.0,0,(),0.0,0.0
1600,Mechanics Alley,0.0,0.0,0.0,0,(),0.0,0.0
1605,Mechanics Alley,0.0,0.0,0.0,0,(),0.0,0.0
1610,Mechanics Alley,0.0,0.0,0.0,0,(),0.0,0.0
1615,Mechanics Alley,0.0,0.0,0.0,0,(),0.0,0.0
1620,Mechanics Alley,0.0,0.0,0.0,0,(),0.0,0.0
1625,Mechanics Alley,0.0,0.0,0.0,0,(),0.0,0.0
1630,Mechanics Alley,0.0,0.0,0.0,0,(),0.0,0.0
1635,Mechanics Alley,0.0,0.0,0.0,0,(),0.0,0.0
1640,Mechanics Alley,0.0,0.0,0.0,0,(),0.0,0.0
1645,Mechanics Alley,0.0,0.0,0.0,0,(),0.0,0.0
1650,Mechanics Alley,0.0,0.0,0.0,0,(),0.0,0.0
1655,Mechanics Alley,0.0,0.0,0.0,0,(),0.0,0.0
1660,Mechanics Alley,0.0,0.0,0.0,0,(),0.0,0.0
1665,Mechanics Alley,0.0,0.0,0.0,0,(),0.0,0.0
1670,Mechanics Alley,0.0,0.0,0.0,0,(),0.0,0.0
1675,Mechanics Alley,0.0,0.0,0.0,0,(),0.0,0.0
1680,Mechanics Alley,0.0,0.0,0.0,0,(),0.0,0.0
1685,Mechanics Alley,0.0,0.0,0.0,0,(),0.0,0.0
1690,Mechanics Alley,0.0,0.0,0.0,0,(),0.0,0.0
1695,Mechanics Alley,0.0,0.0,0.0,0,(),0.0,0.0
1700,Mechanics Alley,0.0,0.0,0.0,0,(),0.0,0.0
1705,Mechanics Alley,0.0,0.0,0.0,0,(),0.0,0.0
1710,Mechanics Alley,0.0,0.0,0.0,0,(),0.0,0.0
1715,Mechanics Alley,0.0,0.0,0.0,0,(),0.0,0.0
1720,Mechanics Alley,0.0,0.0,0.0,0,(),0.0,0.0
1725,Mechanics Alley,0.0,0.0,0.0,0,(),0.0,0.0
1730,Mechanics Alley,0.0,0.0,0.0,0,(),0.0,0.0
1735,Mechanics Alley,0.0,0.0,0.0,0,(),0.0,0.0
1740,Mechanics Alley,0.0,0.0,0.0,0,"('ped2425',)",0.0,0.0
1745,Mechanics Alley,0.0,0.0,0.0,0,"('ped2425',)",0.0,0.0
1750,Mechanics Alley,0.0,0.0,0.0,0,"('ped2425',)",0.0,0.0
1755,Mechanics Alley,0.0,0.0,0.0,0,"('ped2425',)",0.0,0.0
1760,Mechanics Alley,0.0,0.0,0.0,0,"('ped2425',)",0.0,0.0
1765,Mechanics Alley,0.0,0.0,0.0,0,"('ped2425',)",0.0,0.0
1770,Mechanics Alley,0.0,0.0,0.0,0,"('ped2425',)",0.0,0.0
1775,Mechanics Alley,0.0,0.0,0.0,0,"('ped2425',)",0.0,0.0
1780,Mechanics Alley,0.0,0.0,0.0,0,"('ped2425',)",0.0,0.0
1785,Mechanics Alley,0.0,0.0,0.0,0,"('ped2425',)",0.0,0.0
1790,Mechanics Alley,0.0,0.0,0.0,0,"('ped2425',)",0.0,0.0
1795,Mechanics Alley,0.0,0.0,0.0,0,(),0.0,0.0
1800,Mechanics Alley,0.0,0.0,0.0,0,(),0.0,0.0
1805,Mechanics Alley,0.0,0.0,0.0,0,(),0.0,0.0
1810,Mechanics Alley,0.0,0.0,0.0,0,(),0.0,0.0
1815,Mechanics Alley,0.0,0.0,0.0,0,(),0.0,0.0
1820,Mechanics Alley,0.0,0.0,0.0,0,(),0.0,0.0
1825,Mechanics Alley,0.0,0.0,0.0,0,(),0.0,0.0
1830,Mechanics Alley,0.0,0.0,0.0,0,(),0.0,0.0
1835,Mechanics Alley,0.0,0.0,0.0,0,(),0.0,0.0
1840,Mechanics Alley,0.0,0.0,0.0,0,(),0.0,0.0
1845,Mechanics Alley,0.0,0.0,0.0,0,(),0.0,0.0
1850,Mechanics Alley,0.0,0.0,0.0,0,(),0.0,0.0
1855,Mechanics Alley,0.0,0.0,0.0,0,(),0.0,0.0
1860,Mechanics Alley,0.0,0.0,0.0,0,(),0.0,0.0
1865,Mechanics Alley,0.0,0.0,0.0,0,(),0.0,0.0
1870,Mechanics Alley,0.0,0.0,0.0,0,(),0.0,0.0
1875,Mechanics Alley,0.0,0.0,0.0,0,(),0.0,0.0
1880,Mechanics Alley,0.0,0.0,0.0,0,(),0.0,0.0
1885,Mechanics Alley,0.0,0.0,0.0,0,(),0.0,0.0
1890,Mechanics Alley,0.0,0.0,0.0,0,(),0.0,0.0
1895,Mechanics Alley,0.0,0.0,0.0,0,(),0.0,0.0
1900,Mechanics Alley,0.0,0.0,0.0,0,(),0.0,0.0
1905,Mechanics Alley,0.0,0.0,0.0,0,(),0.0,0.0
1910,Mechanics Alley,0.0,0.0,0.0,0,(),0.0,0.0
1915,Mechanics Alley,0.0,0.0,0.0,0,(),0.0,0.0
1920,Mechanics Alley,0.0,0.0,0.0,0,(),0.0,0.0
1925,Mechanics Alley,0.0,0.0,0.0,0,(),0.0,0.0
1930,Mechanics Alley,0.0,0.0,0.0,0,(),0.0,0.0
1935,Mechanics Alley,0.0,0.0,0.0,0,(),0.0,0.0
1940,Mechanics Alley,0.0,0.0,0.0,0,(),0.0,0.0
1945,Mechanics Alley,0.0,0.0,0.0,0,(),0.0,0.0
1950,Mechanics Alley,0.0,0.0,0.0,0,(),0.0,0.0
1955,Mechanics Alley,0.0,0.0,0.0,0,(),0.0,0.0
1960,Mechanics Alley,0.0,0.0,0.0,0,(),0.0,0.0
1965,Mechanics Alley,0.0,0.0,0.0,0,(),0.0,0.0
1970,Mechanics Alley,0.0,0.0,0.0,0,(),0.0,0.0
1975,Mechanics Alley,0.0,0.0,0.0,0,(),0.0,0.0
1980,Mechanics Alley,0.0,0.0,0.0,0,(),0.0,0.0
1985,Mechanics Alley,0.0,0.0,0.0,0,(),0.0,0.0
1990,Mechanics Alley,0.0,0.0,0.0,0,(),0.0,0.0
1995,Mechanics Alley,0.0,0.0,0.0,0,(),0.0,0.0
2000,Mechanics Alley,0.0,0.0,0.0,0,(),0.0,0.0
2005,Mechanics Alley,0.0,0.0,0.0,0,(),0.0,0.0
2010,Mechanics Alley,0.0,0.0,0.0,0,(),0.0,0.0
2015,Mechanics Alley,0.0,0.0,0.0,0,(),0.0,0.0
2020,Mechanics Alley,0.0,0.0,0.0,0,(),0.0,0.0
2025,Mechanics Alley,0.0,0.0,0.0,0,(),0.0,0.0
2030,Mechanics Alley,0.0,0.0,0.0,0,(),0.0,0.0
2035,Mechanics Alley,0.0,0.0,0.0,0,"('ped5874',)",0.0,0.0
2040,Mechanics Alley,0.0,0.0,0.0,0,"('ped5874',)",0.0,0.0
2045,Mechanics Alley,0.0,0.0,0.0,0,"('ped5874',)",0.0,0.0
2050,Mechanics Alley,0.0,0.0,0.0,0,"('ped5874',)",0.0,0.0
2055,Mechanics Alley,0.0,0.0,0.0,0,"('ped5874',)",0.0,0.0
2060,Mechanics Alley,0.0,0.0,0.0,0,"('ped5874',)",0.0,0.0
2065,Mechanics Alley,0.0,0.0,0.0,0,"('ped5874',)",0.0,0.0
2070,Mechanics Alley,0.0,0.0,0.0,0,"('ped5874',)",0.0,0.0
2075,Mechanics Alley,0.0,0.0,0.0,0,"('ped3443', 'ped5874')",0.0,0.0
2080,Mechanics Alley,0.0,0.0,0.0,0,"('ped3443', 'ped5874')",0.0,0.0
2085,Mechanics Alley,0.0,0.0,0.0,0,"('ped3443', 'ped5874')",0.0,0.0
2090,Mechanics Alley,0.0,0.0,0.0,0,"('ped3443',)",0.0,0.0
2095,Mechanics Alley,0.0,0.0,0.0,0,"('ped3443',)",0.0,0.0
2100,Mechanics Alley,0.0,0.0,0.0,0,"('ped3443',)",0.0,0.0
2105,Mechanics Alley,0.0,0.0,0.0,0,"('ped3443',)",0.0,0.0
2110,Mechanics Alley,0.0,0.0,0.0,0,"('ped5858', 'ped3443')",0.0,0.0
2115,Mechanics Alley,0.0,0.0,0.0,0,"('ped5858', 'ped3443')",0.0,0.0
2120,Mechanics Alley,0.0,0.0,0.0,0,"('ped5858', 'ped3443')",0.0,0.0
2125,Mechanics Alley,0.0,0.0,0.0,0,"('ped5858', 'ped3443')",0.0,0.0
2130,Mechanics Alley,0.0,0.0,0.0,0,"('ped5858',)",0.0,0.0
2135,Mechanics Alley,0.0,0.0,0.0,0,"('ped5858',)",0.0,0.0
2140,Mechanics Alley,0.0,0.0,0.0,0,"('ped5858',)",0.0,0.0
2145,Mechanics Alley,0.0,0.0,0.0,0,"('ped5858',)",0.0,0.0
2150,Mechanics Alley,0.0,0.0,0.0,0,"('ped5858',)",0.0,0.0
2155,Mechanics Alley,0.0,0.0,0.0,0,(),0.0,0.0
2160,Mechanics Alley,0.0,0.0,0.0,0,(),0.0,0.0
2165,Mechanics Alley,0.0,0.0,0.0,0,(),0.0,0.0
2170,Mechanics Alley,0.0,0.0,0.0,0,(),0.0,0.0
2175,Mechanics Alley,0.0,0.0,0.0,0,(),0.0,0.0
2180,Mechanics Alley,0.0,0.0,0.0,0,(),0.0,0.0
2185,Mechanics Alley,0.0,0.0,0.0,0,(),0.0,0.0
2190,Mechanics Alley,0.0,0.0,0.0,0,(),0.0,0.0
2195,Mechanics Alley,0.0,0.0,0.0,0,(),0.0,0.0
2200,Mechanics Alley,0.0,0.0,0.0,0,(),0.0,0.0
2205,Mechanics Alley,0.0,0.0,0.0,0,(),0.0,0.0
2210,Mechanics Alley,0.0,0.0,0.0,0,(),0.0,0.0
2215,Mechanics Alley,0.0,0.0,0.0,0,(),0.0,0.0
2220,Mechanics Alley,0.0,0.0,0.0,0,(),0.0,0.0
2225,Mechanics Alley,0.0,0.0,0.0,0,(),0.0,0.0
2230,Mechanics Alley,0.0,0.0,0.0,0,(),0.0,0.0
2235,Mechanics Alley,0.0,0.0,0.0,0,(),0.0,0.0
2240,Mechanics Alley,0.0,0.0,0.0,0,(),0.0,0.0
2245,Mechanics Alley,0.0,0.0,0.0,0,(),0.0,0.0
2250,Mechanics Alley,0.0,0.0,0.0,0,(),0.0,0.0
2255,Mechanics Alley,0.0,0.0,0.0,0,(),0.0,0.0
2260,Mechanics Alley,0.0,0.0,0.0,0,(),0.0,0.0
2265,Mechanics Alley,0.0,0.0,0.0,0,(),0.0,0.0
2270,Mechanics Alley,0.0,0.0,0.0,0,(),0.0,0.0
2275,Mechanics Alley,0.0,0.0,0.0,0,(),0.0,0.0
2280,Mechanics Alley,0.0,0.0,0.0,0,(),0.0,0.0
2285,Mechanics Alley,0.0,0.0,0.0,0,(),0.0,0.0
2290,Mechanics Alley,0.0,0.0,0.0,0,(),0.0,0.0
2295,Mechanics Alley,0.0,0.0,0.0,0,(),0.0,0.0
2300,Mechanics Alley,0.0,0.0,0.0,0,(),0.0,0.0
2305,Mechanics Alley,0.0,0.0,0.0,0,(),0.0,0.0
2310,Mechanics Alley,0.0,0.0,0.0,0,(),0.0,0.0
2315,Mechanics Alley,0.0,0.0,0.0,0,(),0.0,0.0
2320,Mechanics Alley,0.0,0.0,0.0,0,(),0.0,0.0
2325,Mechanics Alley,0.0,0.0,0.0,0,(),0.0,0.0
2330,Mechanics Alley,0.0,0.0,0.0,0,(),0.0,0.0
2335,Mechanics Alley,0.0,0.0,0.0,0,(),0.0,0.0
2340,Mechanics Alley,0.0,0.0,0.0,0,(),0.0,0.0
2345,Mechanics Alley,0.0,0.0,0.0,0,(),0.0,0.0
2350,Mechanics Alley,0.0,0.0,0.0,0,(),0.0,0.0
2355,Mechanics Alley,0.0,0.0,0.0,0,(),0.0,0.0
2360,Mechanics Alley,0.0,0.0,0.0,0,(),0.0,0.0
2365,Mechanics Alley,0.0,0.0,0.0,0,(),0.0,0.0
2370,Mechanics Alley,0.0,0.0,0.0,0,(),0.0,0.0
2375,Mechanics Alley,0.0,0.0,0.0,0,(),0.0,0.0
2380,Mechanics Alley,0.0,0.0,0.0,0,(),0.0,0.0
2385,Mechanics Alley,0.0,0.0,0.0,0,(),0.0,0.0
2390,Mechanics Alley,0.0,0.0,0.0,0,(),0.0,0.0
2395,Mechanics Alley,0.0,0.0,0.0,0,(),0.0,0.0
2400,Mechanics Alley,0.0,0.0,0.0,0,"('ped5406',)",0.0,0.0
2405,Mechanics Alley,0.0,0.0,0.0,0,"('ped5406',)",0.0,0.0
2410,Mechanics Alley,0.0,0.0,0.0,0,"('ped5406',)",0.0,0.0
2415,Mechanics Alley,0.0,0.0,0.0,0,"('ped5406',)",0.0,0.0
2420,Mechanics Alley,0.0,0.0,0.0,0,"('ped5406',)",0.0,0.0
2425,Mechanics Alley,0.0,0.0,0.0,0,"('ped5406',)",0.0,0.0
2430,Mechanics Alley,0.0,0.0,0.0,0,"('ped5406',)",0.0,0.0
2435,Mechanics Alley,0.0,0.0,0.0,0,"('ped5406',)",0.0,0.0
2440,Mechanics Alley,0.0,0.0,0.0,0,"('ped5406',)",0.0,0.0
2445,Mechanics Alley,0.0,0.0,0.0,0,"('ped5406',)",0.0,0.0
2450,Mechanics Alley,0.0,0.0,0.0,0,(),0.0,0.0
2455,Mechanics Alley,0.0,0.0,0.0,0,(),0.0,0.0
2460,Mechanics Alley,0.0,0.0,0.0,0,(),0.0,0.0
2465,Mechanics Alley,0.0,0.0,0.0,0,(),0.0,0.0
2470,Mechanics Alley,0.0,0.0,0.0,0,(),0.0,0.0
2475,Mechanics Alley,0.0,0.0,0.0,0,(),0.0,0.0
2480,Mechanics Alley,0.0,0.0,0.0,0,(),0.0,0.0
2485,Mechanics Alley,0.0,0.0,0.0,0,(),0.0,0.0
2490,Mechanics Alley,0.0,0.0,0.0,0,(),0.0,0.0
2495,Mechanics Alley,0.0,0.0,0.0,0,(),0.0,0.0
2500,Mechanics Alley,0.0,0.0,0.0,0,(),0.0,0.0
2505,Mechanics Alley,0.0,0.0,0.0,0,(),0.0,0.0
2510,Mechanics Alley,0.0,0.0,0.0,0,(),0.0,0.0
2515,Mechanics Alley,0.0,0.0,0.0,0,(),0.0,0.0
2520,Mechanics Alley,0.0,0.0,0.0,0,(),0.0,0.0
2525,Mechanics Alley,0.0,0.0,0.0,0,(),0.0,0.0
2530,Mechanics Alley,0.0,0.0,0.0,0,(),0.0,0.0
2535,Mechanics Alley,0.0,0.0,0.0,0,(),0.0,0.0
2540,Mechanics Alley,0.0,0.0,0.0,0,(),0.0,0.0
2545,Mechanics Alley,0.0,0.0,0.0,0,(),0.0,0.0
2550,Mechanics Alley,0.0,0.0,0.0,0,(),0.0,0.0
2555,Mechanics Alley,0.0,0.0,0.0,0,(),0.0,0.0
2560,Mechanics Alley,0.0,0.0,0.0,0,(),0.0,0.0
2565,Mechanics Alley,0.0,0.0,0.0,0,(),0.0,0.0
2570,Mechanics Alley,0.0,0.0,0.0,0,(),0.0,0.0
2575,Mechanics Alley,0.0,0.0,0.0,0,(),0.0,0.0
2580,Mechanics Alley,0.0,0.0,0.0,0,(),0.0,0.0
2585,Mechanics Alley,0.0,0.0,0.0,0,(),0.0,0.0
2590,Mechanics Alley,0.0,0.0,0.0,0,(),0.0,0.0
2595,Mechanics Alley,0.0,0.0,0.0,0,"('ped6753',)",0.0,0.0
2600,Mechanics Alley,0.0,0.0,0.0,0,"('ped6753',)",0.0,0.0
2605,Mechanics Alley,0.0,0.0,0.0,0,"('ped6753',)",0.0,0.0
2610,Mechanics Alley,0.0,0.0,0.0,0,"('ped6753',)",0.0,0.0
2615,Mechanics Alley,0.0,0.0,0.0,0,"('ped6753',)",0.0,0.0
2620,Mechanics Alley,0.0,0.0,0.0,0,"('ped6753',)",0.0,0.0
2625,Mechanics Alley,0.0,0.0,0.0,0,"('ped6753',)",0.0,0.0
2630,Mechanics Alley,0.0,0.0,0.0,0,"('ped6753',)",0.0,0.0
2635,Mechanics Alley,0.0,0.0,0.0,0,"('ped6753',)",0.0,0.0
2640,Mechanics Alley,0.0,0.0,0.0,0,"('ped6753',)",0.0,0.0
2645,Mechanics Alley,0.0,0.0,0.0,0,"('ped6753',)",0.0,0.0
2650,Mechanics Alley,0.0,0.0,0.0,0,(),0.0,0.0
2655,Mechanics Alley,0.0,0.0,0.0,0,(),0.0,0.0
2660,Mechanics Alley,0.0,0.0,0.0,0,(),0.0,0.0
2665,Mechanics Alley,0.0,0.0,0.0,0,(),0.0,0.0
2670,Mechanics Alley,0.0,0.0,0.0,0,(),0.0,0.0
2675,Mechanics Alley,0.0,0.0,0.0,0,(),0.0,0.0
2680,Mechanics Alley,0.0,0.0,0.0,0,(),0.0,0.0
2685,Mechanics Alley,0.0,0.0,0.0,0,(),0.0,0.0
2690,Mechanics Alley,0.0,0.0,0.0,0,(),0.0,0.0
2695,Mechanics Alley,0.0,0.0,0.0,0,(),0.0,0.0
2700,Mechanics Alley,0.0,0.0,0.0,0,(),0.0,0.0
2705,Mechanics Alley,0.0,0.0,0.0,0,(),0.0,0.0
2710,Mechanics Alley,0.0,0.0,0.0,0,(),0.0,0.0
2715,Mechanics Alley,0.0,0.0,0.0,0,(),0.0,0.0
2720,Mechanics Alley,0.0,0.0,0.0,0,(),0.0,0.0
2725,Mechanics Alley,0.0,0.0,0.0,0,(),0.0,0.0
2730,Mechanics Alley,0.0,0.0,0.0,0,(),0.0,0.0
2735,Mechanics Alley,0.0,0.0,0.0,0,(),0.0,0.0
2740,Mechanics Alley,0.0,0.0,0.0,0,(),0.0,0.0
2745,Mechanics Alley,0.0,0.0,0.0,0,(),0.0,0.0
2750,Mechanics Alley,0.0,0.0,0.0,0,(),0.0,0.0
2755,Mechanics Alley,0.0,0.0,0.0,0,(),0.0,0.0
2760,Mechanics Alley,0.0,0.0,0.0,0,(),0.0,0.0
2765,Mechanics Alley,0.0,0.0,0.0,0,(),0.0,0.0
2770,Mechanics Alley,0.0,0.0,0.0,0,(),0.0,0.0
2775,Mechanics Alley,0.0,0.0,0.0,0,(),0.0,0.0
2780,Mechanics Alley,0.0,0.0,0.0,0,(),0.0,0.0
2785,Mechanics Alley,0.0,0.0,0.0,0,(),0.0,0.0
2790,Mechanics Alley,0.0,0.0,0.0,0,(),0.0,0.0
2795,Mechanics Alley,0.0,0.0,0.0,0,(),0.0,0.0
2800,Mechanics Alley,0.0,0.0,0.0,0,(),0.0,0.0
2805,Mechanics Alley,0.0,0.0,0.0,0,(),0.0,0.0
2810,Mechanics Alley,0.0,0.0,0.0,0,(),0.0,0.0
2815,Mechanics Alley,0.0,0.0,0.0,0,(),0.0,0.0
2820,Mechanics Alley,0.0,0.0,0.0,0,(),0.0,0.0
2825,Mechanics Alley,0.0,0.0,0.0,0,(),0.0,0.0
2830,Mechanics Alley,0.0,0.0,0.0,0,(),0.0,0.0
2835,Mechanics Alley,0.0,0.0,0.0,0,(),0.0,0.0
2840,Mechanics Alley,0.0,0.0,0.0,0,(),0.0,0.0
2845,Mechanics Alley,0.0,0.0,0.0,0,(),0.0,0.0
2850,Mechanics Alley,0.0,0.0,0.0,0,(),0.0,0.0
2855,Mechanics Alley,0.0,0.0,0.0,0,(),0.0,0.0
2860,Mechanics Alley,0.0,0.0,0.0,0,(),0.0,0.0
2865,Mechanics Alley,0.0,0.0,0.0,0,(),0.0,0.0
2870,Mechanics Alley,0.0,0.0,0.0,0,(),0.0,0.0
2875,Mechanics Alley,0.0,0.0,0.0,0,(),0.0,0.0
2880,Mechanics Alley,0.0,0.0,0.0,0,(),0.0,0.0
2885,Mechanics Alley,0.0,0.0,0.0,0,(),0.0,0.0
2890,Mechanics Alley,0.0,0.0,0.0,0,(),0.0,0.0
2895,Mechanics Alley,0.0,0.0,0.0,0,(),0.0,0.0
2900,Mechanics Alley,0.0,0.0,0.0,0,(),0.0,0.0
2905,Mechanics Alley,0.0,0.0,0.0,0,(),0.0,0.0
2910,Mechanics Alley,0.0,0.0,0.0,0,(),0.0,0.0
2915,Mechanics Alley,0.0,0.0,0.0,0,(),0.0,0.0
2920,Mechanics Alley,0.0,0.0,0.0,0,(),0.0,0.0
2925,Mechanics Alley,0.0,0.0,0.0,0,(),0.0,0.0
2930,Mechanics Alley,0.0,0.0,0.0,0,(),0.0,0.0
2935,Mechanics Alley,0.0,0.0,0.0,0,(),0.0,0.0
2940,Mechanics Alley,0.0,0.0,0.0,0,(),0.0,0.0
2945,Mechanics Alley,0.0,0.0,0.0,0,(),0.0,0.0
2950,Mechanics Alley,0.0,0.0,0.0,0,(),0.0,0.0
2955,Mechanics Alley,0.0,0.0,0.0,0,(),0.0,0.0
2960,Mechanics Alley,0.0,0.0,0.0,0,(),0.0,0.0
2965,Mechanics Alley,0.0,0.0,0.0,0,(),0.0,0.0
2970,Mechanics Alley,0.0,0.0,0.0,0,(),0.0,0.0
2975,Mechanics Alley,0.0,0.0,0.0,0,(),0.0,0.0
2980,Mechanics Alley,0.0,0.0,0.0,0,(),0.0,0.0
2985,Mechanics Alley,0.0,0.0,0.0,0,(),0.0,0.0
2990,Mechanics Alley,0.0,0.0,0.0,0,(),0.0,0.0
2995,Mechanics Alley,0.0,0.0,0.0,0,(),0.0,0.0
3000,Mechanics Alley,0.0,0.0,0.0,0,(),0.0,0.0
3005,Mechanics Alley,0.0,0.0,0.0,0,"('ped8478',)",0.0,0.0
3010,Mechanics Alley,0.0,0.0,0.0,0,"('ped8478',)",0.0,0.0
3015,Mechanics Alley,0.0,0.0,0.0,0,"('ped8478',)",0.0,0.0
3020,Mechanics Alley,0.0,0.0,0.0,0,"('ped8478',)",0.0,0.0
3025,Mechanics Alley,0.0,0.0,0.0,0,"('ped8478',)",0.0,0.0
3030,Mechanics Alley,0.0,0.0,0.0,0,"('ped8478',)",0.0,0.0
3035,Mechanics Alley,0.0,0.0,0.0,0,"('ped8478',)",0.0,0.0
3040,Mechanics Alley,0.0,0.0,0.0,0,"('ped8478',)",0.0,0.0
3045,Mechanics Alley,0.0,0.0,0.0,0,"('ped8478',)",0.0,0.0
3050,Mechanics Alley,0.0,0.0,0.0,0,"('ped8478',)",0.0,0.0
3055,Mechanics Alley,0.0,0.0,0.0,0,"('ped8478',)",0.0,0.0
3060,Mechanics Alley,0.0,0.0,0.0,0,(),0.0,0.0
3065,Mechanics Alley,0.0,0.0,0.0,0,(),0.0,0.0
3070,Mechanics Alley,0.0,0.0,0.0,0,(),0.0,0.0
3075,Mechanics Alley,0.0,0.0,0.0,0,(),0.0,0.0
3080,Mechanics Alley,0.0,0.0,0.0,0,(),0.0,0.0
3085,Mechanics Alley,0.0,0.0,0.0,0,(),0.0,0.0
3090,Mechanics Alley,0.0,0.0,0.0,0,(),0.0,0.0
3095,Mechanics Alley,0.0,0.0,0.0,0,(),0.0,0.0
3100,Mechanics Alley,0.0,0.0,0.0,0,(),0.0,0.0
3105,Mechanics Alley,0.0,0.0,0.0,0,(),0.0,0.0
3110,Mechanics Alley,0.0,0.0,0.0,0,(),0.0,0.0
3115,Mechanics Alley,0.0,0.0,0.0,0,(),0.0,0.0
3120,Mechanics Alley,0.0,0.0,0.0,0,(),0.0,0.0
3125,Mechanics Alley,0.0,0.0,0.0,0,(),0.0,0.0
3130,Mechanics Alley,0.0,0.0,0.0,0,(),0.0,0.0
3135,Mechanics Alley,0.0,0.0,0.0,0,(),0.0,0.0
3140,Mechanics Alley,0.0,0.0,0.0,0,(),0.0,0.0
3145,Mechanics Alley,0.0,0.0,0.0,0,(),0.0,0.0
3150,Mechanics Alley,0.0,0.0,0.0,0,(),0.0,0.0
3155,Mechanics Alley,0.0,0.0,0.0,0,(),0.0,0.0
3160,Mechanics Alley,0.0,0.0,0.0,0,(),0.0,0.0
3165,Mechanics Alley,0.0,0.0,0.0,0,(),0.0,0.0
3170,Mechanics Alley,0.0,0.0,0.0,0,(),0.0,0.0
3175,Mechanics Alley,0.0,0.0,0.0,0,(),0.0,0.0
3180,Mechanics Alley,0.0,0.0,0.0,0,(),0.0,0.0
3185,Mechanics Alley,0.0,0.0,0.0,0,(),0.0,0.0
3190,Mechanics Alley,0.0,0.0,0.0,0,(),0.0,0.0
3195,Mechanics Alley,0.0,0.0,0.0,0,(),0.0,0.0
3200,Mechanics Alley,0.0,0.0,0.0,0,(),0.0,0.0
3205,Mechanics Alley,0.0,0.0,0.0,0,(),0.0,0.0
3210,Mechanics Alley,0.0,0.0,0.0,0,(),0.0,0.0
3215,Mechanics Alley,0.0,0.0,0.0,0,(),0.0,0.0
3220,Mechanics Alley,0.0,0.0,0.0,0,(),0.0,0.0
3225,Mechanics Alley,0.0,0.0,0.0,0,(),0.0,0.0
3230,Mechanics Alley,0.0,0.0,0.0,0,(),0.0,0.0
3235,Mechanics Alley,0.0,0.0,0.0,0,(),0.0,0.0
3240,Mechanics Alley,0.0,0.0,0.0,0,"('ped6735',)",0.0,0.0
3245,Mechanics Alley,0.0,0.0,0.0,0,"('ped6735',)",0.0,0.0
3250,Mechanics Alley,0.0,0.0,0.0,0,"('ped6735',)",0.0,0.0
3255,Mechanics Alley,0.0,0.0,0.0,0,"('ped6735',)",0.0,0.0
3260,Mechanics Alley,0.0,0.0,0.0,0,"('ped6735',)",0.0,0.0
3265,Mechanics Alley,0.0,0.0,0.0,0,"('ped9277', 'ped6735')",0.0,0.0
3270,Mechanics Alley,0.0,0.0,0.0,0,"('ped9277', 'ped6735')",0.0,0.0
3275,Mechanics Alley,0.0,0.0,0.0,0,"('ped9277', 'ped6735')",0.0,0.0
3280,Mechanics Alley,0.0,0.0,0.0,0,"('ped9277', 'ped6735')",0.0,0.0
3285,Mechanics Alley,0.0,0.0,0.0,0,"('ped9277', 'ped6735')",0.0,0.0
3290,Mechanics Alley,0.0,0.0,0.0,0,"('ped9277', 'ped6735')",0.0,0.0
3295,Mechanics Alley,0.0,0.0,0.0,0,"('ped9277',)",0.0,0.0
3300,Mechanics Alley,0.0,0.0,0.0,0,"('ped9277',)",0.0,0.0
3305,Mechanics Alley,0.0,0.0,0.0,0,"('ped9277',)",0.0,0.0
3310,Mechanics Alley,0.0,0.0,0.0,0,"('ped9277',)",0.0,0.0
3315,Mechanics Alley,0.0,0.0,0.0,0,(),0.0,0.0
3320,Mechanics Alley,0.0,0.0,0.0,0,(),0.0,0.0
3325,Mechanics Alley,0.0,0.0,0.0,0,(),0.0,0.0
3330,Mechanics Alley,0.0,0.0,0.0,0,"('ped8320',)",0.0,0.0
3335,Mechanics Alley,0.0,0.0,0.0,0,"('ped8320',)",0.0,0.0
3340,Mechanics Alley,0.0,0.0,0.0,0,"('ped8320',)",0.0,0.0
3345,Mechanics Alley,0.0,0.0,0.0,0,"('ped8320',)",0.0,0.0
3350,Mechanics Alley,0.0,0.0,0.0,0,"('ped8320',)",0.0,0.0
3355,Mechanics Alley,0.0,0.0,0.0,0,"('ped8320',)",0.0,0.0
3360,Mechanics Alley,0.0,0.0,0.0,0,"('ped8320',)",0.0,0.0
3365,Mechanics Alley,0.0,0.0,0.0,0,"('ped8320',)",0.0,0.0
3370,Mechanics Alley,0.0,0.0,0.0,0,"('ped8320',)",0.0,0.0
3375,Mechanics Alley,0.0,0.0,0.0,0,"('ped8320',)",0.0,0.0
3380,Mechanics Alley,0.0,0.0,0.0,0,"('ped8320',)",0.0,0.0
3385,Mechanics Alley,0.0,0.0,0.0,0,(),0.0,0.0
3390,Mechanics Alley,0.0,0.0,0.0,0,(),0.0,0.0
3395,Mechanics Alley,0.0,0.0,0.0,0,(),0.0,0.0
3400,Mechanics Alley,0.0,0.0,0.0,0,(),0.0,0.0
3405,Mechanics Alley,0.0,0.0,0.0,0,(),0.0,0.0
3410,Mechanics Alley,0.0,0.0,0.0,0,(),0.0,0.0
3415,Mechanics Alley,0.0,0.0,0.0,0,(),0.0,0.0
3420,Mechanics Alley,0.0,0.0,0.0,0,(),0.0,0.0
3425,Mechanics Alley,0.0,0.0,0.0,0,(),0.0,0.0
3430,Mechanics Alley,0.0,0.0,0.0,0,(),0.0,0.0
3435,Mechanics Alley,0.0,0.0,0.0,0,"('ped7554',)",0.0,0.0
3440,Mechanics Alley,0.0,0.0,0.0,0,"('ped7554',)",0.0,0.0
3445,Mechanics Alley,0.0,0.0,0.0,0,"('ped7554', 'ped6748')",0.0,0.0
3450,Mechanics Alley,0.0,0.0,0.0,0,"('ped7554', 'ped6748')",0.0,0.0
3455,Mechanics Alley,0.0,0.0,0.0,0,"('ped7554', 'ped6748')",0.0,0.0
3460,Mechanics Alley,0.0,0.0,0.0,0,"('ped7554', 'ped6748')",0.0,0.0
3465,Mechanics Alley,0.0,0.0,0.0,0,"('ped7554', 'ped6748')",0.0,0.0
3470,Mechanics Alley,0.0,0.0,0.0,0,"('ped7554', 'ped6748')",0.0,0.0
3475,Mechanics Alley,0.0,0.0,0.0,0,"('ped7554', 'ped6748')",0.0,0.0
3480,Mechanics Alley,0.0,0.0,0.0,0,"('ped7554', 'ped6748')",0.0,0.0
3485,Mechanics Alley,0.0,0.0,0.0,0,"('ped7554', 'ped6748')",0.0,0.0
3490,Mechanics Alley,0.0,0.0,0.0,0,"('ped7554', 'ped6748')",0.0,0.0
3495,Mechanics Alley,0.0,0.0,0.0,0,"('ped6748',)",0.0,0.0
3500,Mechanics Alley,0.0,0.0,0.0,0,(),0.0,0.0
3505,Mechanics Alley,0.0,0.0,0.0,0,(),0.0,0.0
3510,Mechanics Alley,0.0,0.0,0.0,0,(),0.0,0.0
3515,Mechanics Alley,0.0,0.0,0.0,0,(),0.0,0.0
3520,Mechanics Alley,0.0,0.0,0.0,0,(),0.0,0.0
3525,Mechanics Alley,0.0,0.0,0.0,0,(),0.0,0.0
3530,Mechanics Alley,0.0,0.0,0.0,0,(),0.0,0.0
3535,Mechanics Alley,0.0,0.0,0.0,0,(),0.0,0.0
3540,Mechanics Alley,0.0,0.0,0.0,0,(),0.0,0.0
3545,Mechanics Alley,0.0,0.0,0.0,0,(),0.0,0.0
3550,Mechanics Alley,0.0,0.0,0.0,0,"('ped10095',)",0.0,0.0
3555,Mechanics Alley,0.0,0.0,0.0,0,"('ped10095',)",0.0,0.0
3560,Mechanics Alley,0.0,0.0,0.0,0,"('ped10095',)",0.0,0.0
3565,Mechanics Alley,0.0,0.0,0.0,0,"('ped10095',)",0.0,0.0
3570,Mechanics Alley,0.0,0.0,0.0,0,"('ped10095',)",0.0,0.0
3575,Mechanics Alley,0.0,0.0,0.0,0,"('ped10095',)",0.0,0.0
3580,Mechanics Alley,0.0,0.0,0.0,0,"('ped10095',)",0.0,0.0
3585,Mechanics Alley,0.0,0.0,0.0,0,"('ped10095',)",0.0,0.0
3590,Mechanics Alley,0.0,0.0,0.0,0,"('ped10095',)",0.0,0.0
3595,Mechanics Alley,0.0,0.0,0.0,0,"('ped10095',)",0.0,0.0
3600,Mechanics Alley,0.0,0.0,0.0,0,(),0.0,0.0
3605,Mechanics Alley,0.0,0.0,0.0,0,(),0.0,0.0
3610,Mechanics Alley,0.0,0.0,0.0,0,(),0.0,0.0
3615,Mechanics Alley,0.0,0.0,0.0,0,(),0.0,0.0
3620,Mechanics Alley,0.0,0.0,0.0,0,(),0.0,0.0
3625,Mechanics Alley,0.0,0.0,0.0,0,(),0.0,0.0
3630,Mechanics Alley,0.0,0.0,0.0,0,(),0.0,0.0
3635,Mechanics Alley,0.0,0.0,0.0,0,(),0.0,0.0
3640,Mechanics Alley,0.0,0.0,0.0,0,(),0.0,0.0
3645,Mechanics Alley,0.0,0.0,0.0,0,(),0.0,0.0
3650,Mechanics Alley,0.0,0.0,0.0,0,(),0.0,0.0
3655,Mechanics Alley,0.0,0.0,0.0,0,(),0.0,0.0
3660,Mechanics Alley,0.0,0.0,0.0,0,(),0.0,0.0
3665,Mechanics Alley,0.0,0.0,0.0,0,(),0.0,0.0
3670,Mechanics Alley,0.0,0.0,0.0,0,(),0.0,0.0
3675,Mechanics Alley,0.0,0.0,0.0,0,(),0.0,0.0
3680,Mechanics Alley,0.0,0.0,0.0,0,(),0.0,0.0
3685,Mechanics Alley,0.0,0.0,0.0,0,(),0.0,0.0
3690,Mechanics Alley,0.0,0.0,0.0,0,(),0.0,0.0
3695,Mechanics Alley,0.0,0.0,0.0,0,(),0.0,0.0
3700,Mechanics Alley,0.0,0.0,0.0,0,(),0.0,0.0
3705,Mechanics Alley,0.0,0.0,0.0,0,(),0.0,0.0
3710,Mechanics Alley,0.0,0.0,0.0,0,(),0.0,0.0
3715,Mechanics Alley,0.0,0.0,0.0,0,(),0.0,0.0
3720,Mechanics Alley,0.0,0.0,0.0,0,(),0.0,0.0
3725,Mechanics Alley,0.0,0.0,0.0,0,(),0.0,0.0
3730,Mechanics Alley,0.0,0.0,0.0,0,(),0.0,0.0
3735,Mechanics Alley,0.0,0.0,0.0,0,(),0.0,0.0
3740,Mechanics Alley,0.0,0.0,0.0,0,(),0.0,0.0
3745,Mechanics Alley,0.0,0.0,0.0,0,(),0.0,0.0
3750,Mechanics Alley,0.0,0.0,0.0,0,(),0.0,0.0
3755,Mechanics Alley,0.0,0.0,0.0,0,(),0.0,0.0
3760,Mechanics Alley,0.0,0.0,0.0,0,(),0.0,0.0
3765,Mechanics Alley,0.0,0.0,0.0,0,(),0.0,0.0
3770,Mechanics Alley,0.0,0.0,0.0,0,(),0.0,0.0
3775,Mechanics Alley,0.0,0.0,0.0,0,(),0.0,0.0
3780,Mechanics Alley,0.0,0.0,0.0,0,(),0.0,0.0
3785,Mechanics Alley,0.0,0.0,0.0,0,(),0.0,0.0
3790,Mechanics Alley,0.0,0.0,0.0,0,(),0.0,0.0
3795,Mechanics Alley,0.0,0.0,0.0,0,(),0.0,0.0
3800,Mechanics Alley,0.0,0.0,0.0,0,"('ped8766', 'ped8836')",0.0,0.0
3805,Mechanics Alley,0.0,0.0,0.0,0,"('ped8766', 'ped8836')",0.0,0.0
3810,Mechanics Alley,0.0,0.0,0.0,0,"('ped8766', 'ped8836')",0.0,0.0
3815,Mechanics Alley,0.0,0.0,0.0,0,"('ped8766', 'ped8836')",0.0,0.0
3820,Mechanics Alley,0.0,0.0,0.0,0,"('ped8766', 'ped8836')",0.0,0.0
3825,Mechanics Alley,0.0,0.0,0.0,0,"('ped8766', 'ped8836')",0.0,0.0
3830,Mechanics Alley,0.0,0.0,0.0,0,"('ped8766', 'ped8836')",0.0,0.0
3835,Mechanics Alley,0.0,0.0,0.0,0,"('ped8766', 'ped8836')",0.0,0.0
3840,Mechanics Alley,0.0,0.0,0.0,0,"('ped8766', 'ped8836')",0.0,0.0
3845,Mechanics Alley,0.0,0.0,0.0,0,"('ped8766',)",0.0,0.0
3850,Mechanics Alley,0.0,0.0,0.0,0,(),0.0,0.0
3855,Mechanics Alley,0.0,0.0,0.0,0,(),0.0,0.0
3860,Mechanics Alley,0.0,0.0,0.0,0,(),0.0,0.0
3865,Mechanics Alley,0.0,0.0,0.0,0,(),0.0,0.0
3870,Mechanics Alley,0.0,0.0,0.0,0,(),0.0,0.0
3875,Mechanics Alley,0.0,0.0,0.0,0,(),0.0,0.0
3880,Mechanics Alley,0.0,0.0,0.0,0,(),0.0,0.0
3885,Mechanics Alley,0.0,0.0,0.0,0,(),0.0,0.0
3890,Mechanics Alley,0.0,0.0,0.0,0,(),0.0,0.0
3895,Mechanics Alley,0.0,0.0,0.0,0,(),0.0,0.0
3900,Mechanics Alley,0.0,0.0,0.0,0,(),0.0,0.0
3905,Mechanics Alley,0.0,0.0,0.0,0,(),0.0,0.0
3910,Mechanics Alley,0.0,0.0,0.0,0,(),0.0,0.0
3915,Mechanics Alley,0.0,0.0,0.0,0,(),0.0,0.0
3920,Mechanics Alley,0.0,0.0,0.0,0,(),0.0,0.0
3925,Mechanics Alley,0.0,0.0,0.0,0,(),0.0,0.0
3930,Mechanics Alley,0.0,0.0,0.0,0,"('ped10220',)",0.0,0.0
3935,Mechanics Alley,0.0,0.0,0.0,0,"('ped10220',)",0.0,0.0
3940,Mechanics Alley,0.0,0.0,0.0,0,"('ped10220',)",0.0,0.0
3945,Mechanics Alley,0.0,0.0,0.0,0,"('ped10220',)",0.0,0.0
3950,Mechanics Alley,0.0,0.0,0.0,0,"('ped10220',)",0.0,0.0
3955,Mechanics Alley,0.0,0.0,0.0,0,"('ped10220',)",0.0,0.0
3960,Mechanics Alley,0.0,0.0,0.0,0,"('ped10220',)",0.0,0.0
3965,Mechanics Alley,0.0,0.0,0.0,0,"('ped10220',)",0.0,0.0
3970,Mechanics Alley,0.0,0.0,0.0,0,"('ped10220',)",0.0,0.0
3975,Mechanics Alley,0.0,0.0,0.0,0,"('ped10220',)",0.0,0.0
3980,Mechanics Alley,0.0,0.0,0.0,0,(),0.0,0.0
3985,Mechanics Alley,0.0,0.0,0.0,0,(),0.0,0.0
3990,Mechanics Alley,0.0,0.0,0.0,0,(),0.0,0.0
3995,Mechanics Alley,0.0,0.0,0.0,0,(),0.0,0.0
4000,Mechanics Alley,0.0,0.0,0.0,0,(),0.0,0.0
4005,Mechanics Alley,0.0,0.0,0.0,0,(),0.0,0.0
4010,Mechanics Alley,0.0,0.0,0.0,0,(),0.0,0.0
4015,Mechanics Alley,0.0,0.0,0.0,0,(),0.0,0.0
4020,Mechanics Alley,0.0,0.0,0.0,0,(),0.0,0.0
4025,Mechanics Alley,0.0,0.0,0.0,0,(),0.0,0.0
4030,Mechanics Alley,0.0,0.0,0.0,0,(),0.0,0.0
4035,Mechanics Alley,0.0,0.0,0.0,0,(),0.0,0.0
4040,Mechanics Alley,0.0,0.0,0.0,0,(),0.0,0.0
4045,Mechanics Alley,0.0,0.0,0.0,0,(),0.0,0.0
4050,Mechanics Alley,0.0,0.0,0.0,0,(),0.0,0.0
4055,Mechanics Alley,0.0,0.0,0.0,0,(),0.0,0.0
4060,Mechanics Alley,0.0,0.0,0.0,0,(),0.0,0.0
4065,Mechanics Alley,0.0,0.0,0.0,0,(),0.0,0.0
4070,Mechanics Alley,0.0,0.0,0.0,0,(),0.0,0.0
4075,Mechanics Alley,0.0,0.0,0.0,0,(),0.0,0.0
4080,Mechanics Alley,0.0,0.0,0.0,0,(),0.0,0.0
4085,Mechanics Alley,0.0,0.0,0.0,0,(),0.0,0.0
4090,Mechanics Alley,0.0,0.0,0.0,0,(),0.0,0.0
4095,Mechanics Alley,0.0,0.0,0.0,0,(),0.0,0.0
4100,Mechanics Alley,0.0,0.0,0.0,0,(),0.0,0.0
4105,Mechanics Alley,0.0,0.0,0.0,0,(),0.0,0.0
4110,Mechanics Alley,0.0,0.0,0.0,0,(),0.0,0.0
4115,Mechanics Alley,0.0,0.0,0.0,0,(),0.0,0.0
4120,Mechanics Alley,0.0,0.0,0.0,0,(),0.0,0.0
4125,Mechanics Alley,0.0,0.0,0.0,0,(),0.0,0.0
4130,Mechanics Alley,0.0,0.0,0.0,0,(),0.0,0.0
4135,Mechanics Alley,0.0,0.0,0.0,0,(),0.0,0.0
4140,Mechanics Alley,0.0,0.0,0.0,0,(),0.0,0.0
4145,Mechanics Alley,0.0,0.0,0.0,0,(),0.0,0.0
4150,Mechanics Alley,0.0,0.0,0.0,0,(),0.0,0.0
4155,Mechanics Alley,0.0,0.0,0.0,0,(),0.0,0.0
4160,Mechanics Alley,0.0,0.0,0.0,0,(),0.0,0.0
4165,Mechanics Alley,0.0,0.0,0.0,0,(),0.0,0.0
4170,Mechanics Alley,0.0,0.0,0.0,0,(),0.0,0.0
4175,Mechanics Alley,0.0,0.0,0.0,0,(),0.0,0.0
4180,Mechanics Alley,0.0,0.0,0.0,0,(),0.0,0.0
4185,Mechanics Alley,0.0,0.0,0.0,0,(),0.0,0.0
4190,Mechanics Alley,0.0,0.0,0.0,0,(),0.0,0.0
4195,Mechanics Alley,0.0,0.0,0.0,0,(),0.0,0.0
4200,Mechanics Alley,0.0,0.0,0.0,0,(),0.0,0.0
4205,Mechanics Alley,0.0,0.0,0.0,0,(),0.0,0.0
4210,Mechanics Alley,0.0,0.0,0.0,0,(),0.0,0.0
4215,Mechanics Alley,0.0,0.0,0.0,0,(),0.0,0.0
4220,Mechanics Alley,0.0,0.0,0.0,0,(),0.0,0.0
4225,Mechanics Alley,0.0,0.0,0.0,0,(),0.0,0.0
4230,Mechanics Alley,0.0,0.0,0.0,0,(),0.0,0.0
4235,Mechanics Alley,0.0,0.0,0.0,0,(),0.0,0.0
4240,Mechanics Alley,0.0,0.0,0.0,0,(),0.0,0.0
4245,Mechanics Alley,0.0,0.0,0.0,0,(),0.0,0.0
4250,Mechanics Alley,0.0,0.0,0.0,0,(),0.0,0.0
4255,Mechanics Alley,0.0,0.0,0.0,0,(),0.0,0.0
4260,Mechanics Alley,0.0,0.0,0.0,0,(),0.0,0.0
4265,Mechanics Alley,0.0,0.0,0.0,0,(),0.0,0.0
4270,Mechanics Alley,0.0,0.0,0.0,0,(),0.0,0.0
4275,Mechanics Alley,0.0,0.0,0.0,0,(),0.0,0.0
4280,Mechanics Alley,0.0,0.0,0.0,0,(),0.0,0.0
4285,Mechanics Alley,0.0,0.0,0.0,0,(),0.0,0.0
4290,Mechanics Alley,0.0,0.0,0.0,0,(),0.0,0.0
4295,Mechanics Alley,0.0,0.0,0.0,0,(),0.0,0.0
4300,Mechanics Alley,0.0,0.0,0.0,0,(),0.0,0.0
4305,Mechanics Alley,0.0,0.0,0.0,0,(),0.0,0.0
4310,Mechanics Alley,0.0,0.0,0.0,0,(),0.0,0.0
4315,Mechanics Alley,0.0,0.0,0.0,0,(),0.0,0.0
4320,Mechanics Alley,0.0,0.0,0.0,0,(),0.0,0.0
4325,Mechanics Alley,0.0,0.0,0.0,0,(),0.0,0.0
4330,Mechanics Alley,0.0,0.0,0.0,0,(),0.0,0.0
4335,Mechanics Alley,0.0,0.0,0.0,0,(),0.0,0.0
4340,Mechanics Alley,0.0,0.0,0.0,0,(),0.0,0.0
4345,Mechanics Alley,0.0,0.0,0.0,0,(),0.0,0.0
4350,Mechanics Alley,0.0,0.0,0.0,0,(),0.0,0.0
4355,Mechanics Alley,0.0,0.0,0.0,0,(),0.0,0.0
4360,Mechanics Alley,0.0,0.0,0.0,0,"('ped9892',)",0.0,0.0
4365,Mechanics Alley,0.0,0.0,0.0,0,"('ped9892',)",0.0,0.0
4370,Mechanics Alley,0.0,0.0,0.0,0,"('ped9892',)",0.0,0.0
4375,Mechanics Alley,0.0,0.0,0.0,0,"('ped9892',)",0.0,0.0
4380,Mechanics Alley,0.0,0.0,0.0,0,"('ped9892',)",0.0,0.0
4385,Mechanics Alley,0.0,0.0,0.0,0,"('ped9892',)",0.0,0.0
4390,Mechanics Alley,0.0,0.0,0.0,0,"('ped9892',)",0.0,0.0
4395,Mechanics Alley,0.0,0.0,0.0,0,"('ped9892',)",0.0,0.0
4400,Mechanics Alley,0.0,0.0,0.0,0,"('ped9892',)",0.0,0.0
4405,Mechanics Alley,0.0,0.0,0.0,0,"('ped9892',)",0.0,0.0
4410,Mechanics Alley,0.0,0.0,0.0,0,"('ped9892',)",0.0,0.0
4415,Mechanics Alley,0.0,0.0,0.0,0,(),0.0,0.0
4420,Mechanics Alley,0.0,0.0,0.0,0,(),0.0,0.0
4425,Mechanics Alley,0.0,0.0,0.0,0,(),0.0,0.0
4430,Mechanics Alley,0.0,0.0,0.0,0,(),0.0,0.0
4435,Mechanics Alley,0.0,0.0,0.0,0,(),0.0,0.0
4440,Mechanics Alley,0.0,0.0,0.0,0,(),0.0,0.0
4445,Mechanics Alley,0.0,0.0,0.0,0,(),0.0,0.0
4450,Mechanics Alley,0.0,0.0,0.0,0,(),0.0,0.0
4455,Mechanics Alley,0.0,0.0,0.0,0,(),0.0,0.0
4460,Mechanics Alley,0.0,0.0,0.0,0,(),0.0,0.0
4465,Mechanics Alley,0.0,0.0,0.0,0,(),0.0,0.0
4470,Mechanics Alley,0.0,0.0,0.0,0,(),0.0,0.0
4475,Mechanics Alley,0.0,0.0,0.0,0,(),0.0,0.0
4480,Mechanics Alley,0.0,0.0,0.0,0,(),0.0,0.0
4485,Mechanics Alley,0.0,0.0,0.0,0,(),0.0,0.0
4490,Mechanics Alley,0.0,0.0,0.0,0,(),0.0,0.0
4495,Mechanics Alley,0.0,0.0,0.0,0,(),0.0,0.0
4500,Mechanics Alley,0.0,0.0,0.0,0,(),0.0,0.0
4505,Mechanics Alley,0.0,0.0,0.0,0,(),0.0,0.0
4510,Mechanics Alley,0.0,0.0,0.0,0,(),0.0,0.0
4515,Mechanics Alley,0.0,0.0,0.0,0,(),0.0,0.0
4520,Mechanics Alley,0.0,0.0,0.0,0,(),0.0,0.0
4525,Mechanics Alley,0.0,0.0,0.0,0,(),0.0,0.0
4530,Mechanics Alley,0.0,0.0,0.0,0,(),0.0,0.0
4535,Mechanics Alley,0.0,0.0,0.0,0,(),0.0,0.0
4540,Mechanics Alley,0.0,0.0,0.0,0,(),0.0,0.0
4545,Mechanics Alley,0.0,0.0,0.0,0,(),0.0,0.0
4550,Mechanics Alley,0.0,0.0,0.0,0,(),0.0,0.0
4555,Mechanics Alley,0.0,0.0,0.0,0,(),0.0,0.0
4560,Mechanics Alley,0.0,0.0,0.0,0,"('ped9786',)",0.0,0.0
4565,Mechanics Alley,0.0,0.0,0.0,0,"('ped9786',)",0.0,0.0
4570,Mechanics Alley,0.0,0.0,0.0,0,"('ped9786',)",0.0,0.0
4575,Mechanics Alley,0.0,0.0,0.0,0,"('ped9786',)",0.0,0.0
4580,Mechanics Alley,0.0,0.0,0.0,0,"('ped9786',)",0.0,0.0
4585,Mechanics Alley,0.0,0.0,0.0,0,"('ped9786',)",0.0,0.0
4590,Mechanics Alley,0.0,0.0,0.0,0,"('ped9786',)",0.0,0.0
4595,Mechanics Alley,0.0,0.0,0.0,0,"('ped9786',)",0.0,0.0
4600,Mechanics Alley,0.0,0.0,0.0,0,"('ped9786',)",0.0,0.0
4605,Mechanics Alley,0.0,0.0,0.0,0,(),0.0,0.0
4610,Mechanics Alley,0.0,0.0,0.0,0,(),0.0,0.0
4615,Mechanics Alley,0.0,0.0,0.0,0,(),0.0,0.0
4620,Mechanics Alley,0.0,0.0,0.0,0,(),0.0,0.0
4625,Mechanics Alley,0.0,0.0,0.0,0,(),0.0,0.0
4630,Mechanics Alley,0.0,0.0,0.0,0,(),0.0,0.0
4635,Mechanics Alley,0.0,0.0,0.0,0,(),0.0,0.0
4640,Mechanics Alley,0.0,0.0,0.0,0,(),0.0,0.0
4645,Mechanics Alley,0.0,0.0,0.0,0,(),0.0,0.0
4650,Mechanics Alley,0.0,0.0,0.0,0,(),0.0,0.0
4655,Mechanics Alley,0.0,0.0,0.0,0,(),0.0,0.0
4660,Mechanics Alley,0.0,0.0,0.0,0,(),0.0,0.0
4665,Mechanics Alley,0.0,0.0,0.0,0,(),0.0,0.0
4670,Mechanics Alley,0.0,0.0,0.0,0,(),0.0,0.0
4675,Mechanics Alley,0.0,0.0,0.0,0,(),0.0,0.0
4680,Mechanics Alley,0.0,0.0,0.0,0,(),0.0,0.0
4685,Mechanics Alley,0.0,0.0,0.0,0,(),0.0,0.0
4690,Mechanics Alley,0.0,0.0,0.0,0,(),0.0,0.0
4695,Mechanics Alley,0.0,0.0,0.0,0,(),0.0,0.0
4700,Mechanics Alley,0.0,0.0,0.0,0,(),0.0,0.0
4705,Mechanics Alley,0.0,0.0,0.0,0,(),0.0,0.0
4710,Mechanics Alley,0.0,0.0,0.0,0,(),0.0,0.0
4715,Mechanics Alley,0.0,0.0,0.0,0,(),0.0,0.0
4720,Mechanics Alley,0.0,0.0,0.0,0,(),0.0,0.0
4725,Mechanics Alley,0.0,0.0,0.0,0,(),0.0,0.0
4730,Mechanics Alley,0.0,0.0,0.0,0,(),0.0,0.0
4735,Mechanics Alley,0.0,0.0,0.0,0,(),0.0,0.0
4740,Mechanics Alley,0.0,0.0,0.0,0,(),0.0,0.0
4745,Mechanics Alley,0.0,0.0,0.0,0,(),0.0,0.0
4750,Mechanics Alley,0.0,0.0,0.0,0,(),0.0,0.0
4755,Mechanics Alley,0.0,0.0,0.0,0,(),0.0,0.0
4760,Mechanics Alley,0.0,0.0,0.0,0,(),0.0,0.0
4765,Mechanics Alley,0.0,0.0,0.0,0,(),0.0,0.0
4770,Mechanics Alley,0.0,0.0,0.0,0,(),0.0,0.0
4775,Mechanics Alley,0.0,0.0,0.0,0,(),0.0,0.0
4780,Mechanics Alley,0.0,0.0,0.0,0,(),0.0,0.0
4785,Mechanics Alley,0.0,0.0,0.0,0,(),0.0,0.0
4790,Mechanics Alley,0.0,0.0,0.0,0,(),0.0,0.0
4795,Mechanics Alley,0.0,0.0,0.0,0,(),0.0,0.0
4800,Mechanics Alley,0.0,0.0,0.0,0,(),0.0,0.0
4805,Mechanics Alley,0.0,0.0,0.0,0,(),0.0,0.0
4810,Mechanics Alley,0.0,0.0,0.0,0,(),0.0,0.0
4815,Mechanics Alley,0.0,0.0,0.0,0,(),0.0,0.0
4820,Mechanics Alley,0.0,0.0,0.0,0,(),0.0,0.0
4825,Mechanics Alley,0.0,0.0,0.0,0,(),0.0,0.0
4830,Mechanics Alley,0.0,0.0,0.0,0,(),0.0,0.0
4835,Mechanics Alley,0.0,0.0,0.0,0,(),0.0,0.0
4840,Mechanics Alley,0.0,0.0,0.0,0,(),0.0,0.0
4845,Mechanics Alley,0.0,0.0,0.0,0,(),0.0,0.0
4850,Mechanics Alley,0.0,0.0,0.0,0,(),0.0,0.0
4855,Mechanics Alley,0.0,0.0,0.0,0,(),0.0,0.0
4860,Mechanics Alley,0.0,0.0,0.0,0,(),0.0,0.0
4865,Mechanics Alley,0.0,0.0,0.0,0,(),0.0,0.0
4870,Mechanics Alley,0.0,0.0,0.0,0,(),0.0,0.0
4875,Mechanics Alley,0.0,0.0,0.0,0,(),0.0,0.0
4880,Mechanics Alley,0.0,0.0,0.0,0,(),0.0,0.0
4885,Mechanics Alley,0.0,0.0,0.0,0,(),0.0,0.0
4890,Mechanics Alley,0.0,0.0,0.0,0,(),0.0,0.0
4895,Mechanics Alley,0.0,0.0,0.0,0,(),0.0,0.0
4900,Mechanics Alley,0.0,0.0,0.0,0,(),0.0,0.0
4905,Mechanics Alley,0.0,0.0,0.0,0,(),0.0,0.0
4910,Mechanics Alley,0.0,0.0,0.0,0,(),0.0,0.0
4915,Mechanics Alley,0.0,0.0,0.0,0,(),0.0,0.0
4920,Mechanics Alley,0.0,0.0,0.0,0,(),0.0,0.0
4925,Mechanics Alley,0.0,0.0,0.0,0,(),0.0,0.0
4930,Mechanics Alley,0.0,0.0,0.0,0,(),0.0,0.0
4935,Mechanics Alley,0.0,0.0,0.0,0,(),0.0,0.0
4940,Mechanics Alley,0.0,0.0,0.0,0,(),0.0,0.0
4945,Mechanics Alley,0.0,0.0,0.0,0,(),0.0,0.0
4950,Mechanics Alley,0.0,0.0,0.0,0,(),0.0,0.0
4955,Mechanics Alley,0.0,0.0,0.0,0,(),0.0,0.0
4960,Mechanics Alley,0.0,0.0,0.0,0,(),0.0,0.0
4965,Mechanics Alley,0.0,0.0,0.0,0,(),0.0,0.0
4970,Mechanics Alley,0.0,0.0,0.0,0,(),0.0,0.0
4975,Mechanics Alley,0.0,0.0,0.0,0,(),0.0,0.0
4980,Mechanics Alley,0.0,0.0,0.0,0,(),0.0,0.0
4985,Mechanics Alley,0.0,0.0,0.0,0,(),0.0,0.0
4990,Mechanics Alley,0.0,0.0,0.0,0,(),0.0,0.0
4995,Mechanics Alley,0.0,0.0,0.0,0,(),0.0,0.0
5000,Mechanics Alley,0.0,0.0,0.0,0,(),0.0,0.0
5005,Mechanics Alley,0.0,0.0,0.0,0,(),0.0,0.0
5010,Mechanics Alley,0.0,0.0,0.0,0,(),0.0,0.0
5015,Mechanics Alley,0.0,0.0,0.0,0,(),0.0,0.0
5020,Mechanics Alley,0.0,0.0,0.0,0,(),0.0,0.0
5025,Mechanics Alley,0.0,0.0,0.0,0,(),0.0,0.0
5030,Mechanics Alley,0.0,0.0,0.0,0,(),0.0,0.0
5035,Mechanics Alley,0.0,0.0,0.0,0,(),0.0,0.0
5040,Mechanics Alley,0.0,0.0,0.0,0,(),0.0,0.0
5045,Mechanics Alley,0.0,0.0,0.0,0,(),0.0,0.0
5050,Mechanics Alley,0.0,0.0,0.0,0,(),0.0,0.0
5055,Mechanics Alley,0.0,0.0,0.0,0,(),0.0,0.0
5060,Mechanics Alley,0.0,0.0,0.0,0,(),0.0,0.0
5065,Mechanics Alley,0.0,0.0,0.0,0,(),0.0,0.0
5070,Mechanics Alley,0.0,0.0,0.0,0,(),0.0,0.0
5075,Mechanics Alley,0.0,0.0,0.0,0,(),0.0,0.0
5080,Mechanics Alley,0.0,0.0,0.0,0,(),0.0,0.0
5085,Mechanics Alley,0.0,0.0,0.0,0,(),0.0,0.0
5090,Mechanics Alley,0.0,0.0,0.0,0,(),0.0,0.0
5095,Mechanics Alley,0.0,0.0,0.0,0,(),0.0,0.0
5100,Mechanics Alley,0.0,0.0,0.0,0,(),0.0,0.0
5105,Mechanics Alley,0.0,0.0,0.0,0,(),0.0,0.0
5110,Mechanics Alley,0.0,0.0,0.0,0,(),0.0,0.0
5115,Mechanics Alley,0.0,0.0,0.0,0,(),0.0,0.0
5120,Mechanics Alley,0.0,0.0,0.0,0,(),0.0,0.0
5125,Mechanics Alley,0.0,0.0,0.0,0,(),0.0,0.0
5130,Mechanics Alley,0.0,0.0,0.0,0,(),0.0,0.0
5135,Mechanics Alley,0.0,0.0,0.0,0,(),0.0,0.0
5140,Mechanics Alley,0.0,0.0,0.0,0,(),0.0,0.0
5145,Mechanics Alley,0.0,0.0,0.0,0,(),0.0,0.0
5150,Mechanics Alley,0.0,0.0,0.0,0,(),0.0,0.0
5155,Mechanics Alley,0.0,0.0,0.0,0,(),0.0,0.0
5160,Mechanics Alley,0.0,0.0,0.0,0,(),0.0,0.0
5165,Mechanics Alley,0.0,0.0,0.0,0,(),0.0,0.0
5170,Mechanics Alley,0.0,0.0,0.0,0,(),0.0,0.0
5175,Mechanics Alley,0.0,0.0,0.0,0,(),0.0,0.0
5180,Mechanics Alley,0.0,0.0,0.0,0,(),0.0,0.0
5185,Mechanics Alley,0.0,0.0,0.0,0,(),0.0,0.0
5190,Mechanics Alley,0.0,0.0,0.0,0,(),0.0,0.0
5195,Mechanics Alley,0.0,0.0,0.0,0,(),0.0,0.0
5200,Mechanics Alley,0.0,0.0,0.0,0,(),0.0,0.0
5205,Mechanics Alley,0.0,0.0,0.0,0,(),0.0,0.0
5210,Mechanics Alley,0.0,0.0,0.0,0,(),0.0,0.0
5215,Mechanics Alley,0.0,0.0,0.0,0,(),0.0,0.0
5220,Mechanics Alley,0.0,0.0,0.0,0,(),0.0,0.0
5225,Mechanics Alley,0.0,0.0,0.0,0,(),0.0,0.0
5230,Mechanics Alley,0.0,0.0,0.0,0,(),0.0,0.0
5235,Mechanics Alley,0.0,0.0,0.0,0,(),0.0,0.0
5240,Mechanics Alley,0.0,0.0,0.0,0,(),0.0,0.0
5245,Mechanics Alley,0.0,0.0,0.0,0,(),0.0,0.0
5250,Mechanics Alley,0.0,0.0,0.0,0,(),0.0,0.0
5255,Mechanics Alley,0.0,0.0,0.0,0,(),0.0,0.0
5260,Mechanics Alley,0.0,0.0,0.0,0,(),0.0,0.0
5265,Mechanics Alley,0.0,0.0,0.0,0,(),0.0,0.0
5270,Mechanics Alley,0.0,0.0,0.0,0,(),0.0,0.0
5275,Mechanics Alley,0.0,0.0,0.0,0,(),0.0,0.0
5280,Mechanics Alley,0.0,0.0,0.0,0,(),0.0,0.0
5285,Mechanics Alley,0.0,0.0,0.0,0,(),0.0,0.0
5290,Mechanics Alley,0.0,0.0,0.0,0,(),0.0,0.0
5295,Mechanics Alley,0.0,0.0,0.0,0,(),0.0,0.0
5300,Mechanics Alley,0.0,0.0,0.0,0,(),0.0,0.0
5305,Mechanics Alley,0.0,0.0,0.0,0,(),0.0,0.0
5310,Mechanics Alley,0.0,0.0,0.0,0,(),0.0,0.0
5315,Mechanics Alley,0.0,0.0,0.0,0,(),0.0,0.0
5320,Mechanics Alley,0.0,0.0,0.0,0,(),0.0,0.0
5325,Mechanics Alley,0.0,0.0,0.0,0,(),0.0,0.0
5330,Mechanics Alley,0.0,0.0,0.0,0,(),0.0,0.0
5335,Mechanics Alley,0.0,0.0,0.0,0,(),0.0,0.0
5340,Mechanics Alley,0.0,0.0,0.0,0,(),0.0,0.0
5345,Mechanics Alley,0.0,0.0,0.0,0,(),0.0,0.0
5350,Mechanics Alley,0.0,0.0,0.0,0,(),0.0,0.0
5355,Mechanics Alley,0.0,0.0,0.0,0,(),0.0,0.0
5360,Mechanics Alley,0.0,0.0,0.0,0,(),0.0,0.0
5365,Mechanics Alley,0.0,0.0,0.0,0,(),0.0,0.0
5370,Mechanics Alley,0.0,0.0,0.0,0,(),0.0,0.0
5375,Mechanics Alley,0.0,0.0,0.0,0,(),0.0,0.0
5380,Mechanics Alley,0.0,0.0,0.0,0,(),0.0,0.0
5385,Mechanics Alley,0.0,0.0,0.0,0,(),0.0,0.0
5390,Mechanics Alley,0.0,0.0,0.0,0,(),0.0,0.0
5395,Mechanics Alley,0.0,0.0,0.0,0,(),0.0,0.0
5400,Mechanics Alley,0.0,0.0,0.0,0,(),0.0,0.0
5405,Mechanics Alley,0.0,0.0,0.0,0,(),0.0,0.0
5410,Mechanics Alley,0.0,0.0,0.0,0,(),0.0,0.0
5415,Mechanics Alley,0.0,0.0,0.0,0,(),0.0,0.0
5420,Mechanics Alley,0.0,0.0,0.0,0,(),0.0,0.0
5425,Mechanics Alley,0.0,0.0,0.0,0,(),0.0,0.0
5430,Mechanics Alley,0.0,0.0,0.0,0,(),0.0,0.0
5435,Mechanics Alley,0.0,0.0,0.0,0,(),0.0,0.0
5440,Mechanics Alley,0.0,0.0,0.0,0,(),0.0,0.0
5445,Mechanics Alley,0.0,0.0,0.0,0,(),0.0,0.0
5450,Mechanics Alley,0.0,0.0,0.0,0,(),0.0,0.0
5455,Mechanics Alley,0.0,0.0,0.0,0,(),0.0,0.0
5460,Mechanics Alley,0.0,0.0,0.0,0,(),0.0,0.0
5465,Mechanics Alley,0.0,0.0,0.0,0,(),0.0,0.0
5470,Mechanics Alley,0.0,0.0,0.0,0,(),0.0,0.0
5475,Mechanics Alley,0.0,0.0,0.0,0,(),0.0,0.0
5480,Mechanics Alley,0.0,0.0,0.0,0,(),0.0,0.0
5485,Mechanics Alley,0.0,0.0,0.0,0,(),0.0,0.0
5490,Mechanics Alley,0.0,0.0,0.0,0,(),0.0,0.0
5495,Mechanics Alley,0.0,0.0,0.0,0,(),0.0,0.0
5500,Mechanics Alley,0.0,0.0,0.0,0,(),0.0,0.0
5505,Mechanics Alley,0.0,0.0,0.0,0,(),0.0,0.0
5510,Mechanics Alley,0.0,0.0,0.0,0,(),0.0,0.0
5515,Mechanics Alley,0.0,0.0,0.0,0,(),0.0,0.0
5520,Mechanics Alley,0.0,0.0,0.0,0,(),0.0,0.0
5525,Mechanics Alley,0.0,0.0,0.0,0,(),0.0,0.0
5530,Mechanics Alley,0.0,0.0,0.0,0,(),0.0,0.0
5535,Mechanics Alley,0.0,0.0,0.0,0,(),0.0,0.0
5540,Mechanics Alley,0.0,0.0,0.0,0,(),0.0,0.0
5545,Mechanics Alley,0.0,0.0,0.0,0,(),0.0,0.0
5550,Mechanics Alley,0.0,0.0,0.0,0,(),0.0,0.0
5555,Mechanics Alley,0.0,0.0,0.0,0,(),0.0,0.0
5560,Mechanics Alley,0.0,0.0,0.0,0,(),0.0,0.0
5565,Mechanics Alley,0.0,0.0,0.0,0,(),0.0,0.0
5570,Mechanics Alley,0.0,0.0,0.0,0,(),0.0,0.0
5575,Mechanics Alley,0.0,0.0,0.0,0,(),0.0,0.0
5580,Mechanics Alley,0.0,0.0,0.0,0,(),0.0,0.0
5585,Mechanics Alley,0.0,0.0,0.0,0,(),0.0,0.0
5590,Mechanics Alley,0.0,0.0,0.0,0,(),0.0,0.0
5595,Mechanics Alley,0.0,0.0,0.0,0,(),0.0,0.0
5600,Mechanics Alley,0.0,0.0,0.0,0,(),0.0,0.0
5605,Mechanics Alley,0.0,0.0,0.0,0,(),0.0,0.0
5610,Mechanics Alley,0.0,0.0,0.0,0,(),0.0,0.0
5615,Mechanics Alley,0.0,0.0,0.0,0,(),0.0,0.0
5620,Mechanics Alley,0.0,0.0,0.0,0,(),0.0,0.0
5625,Mechanics Alley,0.0,0.0,0.0,0,(),0.0,0.0
5630,Mechanics Alley,0.0,0.0,0.0,0,(),0.0,0.0
5635,Mechanics Alley,0.0,0.0,0.0,0,(),0.0,0.0
5640,Mechanics Alley,0.0,0.0,0.0,0,(),0.0,0.0
5645,Mechanics Alley,0.0,0.0,0.0,0,(),0.0,0.0
5650,Mechanics Alley,0.0,0.0,0.0,0,(),0.0,0.0
5655,Mechanics Alley,0.0,0.0,0.0,0,(),0.0,0.0
5660,Mechanics Alley,0.0,0.0,0.0,0,(),0.0,0.0
5665,Mechanics Alley,0.0,0.0,0.0,0,(),0.0,0.0
5670,Mechanics Alley,0.0,0.0,0.0,0,(),0.0,0.0
5675,Mechanics Alley,0.0,0.0,0.0,0,(),0.0,0.0
5680,Mechanics Alley,0.0,0.0,0.0,0,(),0.0,0.0
5685,Mechanics Alley,0.0,0.0,0.0,0,(),0.0,0.0
5690,Mechanics Alley,0.0,0.0,0.0,0,(),0.0,0.0
5695,Mechanics Alley,0.0,0.0,0.0,0,(),0.0,0.0
5700,Mechanics Alley,0.0,0.0,0.0,0,(),0.0,0.0
5705,Mechanics Alley,0.0,0.0,0.0,0,(),0.0,0.0
5710,Mechanics Alley,0.0,0.0,0.0,0,(),0.0,0.0
5715,Mechanics Alley,0.0,0.0,0.0,0,(),0.0,0.0
5720,Mechanics Alley,0.0,0.0,0.0,0,(),0.0,0.0
5725,Mechanics Alley,0.0,0.0,0.0,0,(),0.0,0.0
5730,Mechanics Alley,0.0,0.0,0.0,0,(),0.0,0.0
5735,Mechanics Alley,0.0,0.0,0.0,0,(),0.0,0.0
5740,Mechanics Alley,0.0,0.0,0.0,0,(),0.0,0.0
5745,Mechanics Alley,0.0,0.0,0.0,0,(),0.0,0.0
5750,Mechanics Alley,0.0,0.0,0.0,0,(),0.0,0.0
5755,Mechanics Alley,0.0,0.0,0.0,0,(),0.0,0.0
5760,Mechanics Alley,0.0,0.0,0.0,0,(),0.0,0.0
5765,Mechanics Alley,0.0,0.0,0.0,0,(),0.0,0.0
5770,Mechanics Alley,0.0,0.0,0.0,0,(),0.0,0.0
5775,Mechanics Alley,0.0,0.0,0.0,0,(),0.0,0.0
5780,Mechanics Alley,0.0,0.0,0.0,0,(),0.0,0.0
5785,Mechanics Alley,0.0,0.0,0.0,0,(),0.0,0.0
5790,Mechanics Alley,0.0,0.0,0.0,0,(),0.0,0.0
5795,Mechanics Alley,0.0,0.0,0.0,0,(),0.0,0.0
5800,Mechanics Alley,0.0,0.0,0.0,0,(),0.0,0.0
5805,Mechanics Alley,0.0,0.0,0.0,0,(),0.0,0.0
5810,Mechanics Alley,0.0,0.0,0.0,0,(),0.0,0.0
5815,Mechanics Alley,0.0,0.0,0.0,0,(),0.0,0.0
5820,Mechanics Alley,0.0,0.0,0.0,0,(),0.0,0.0
5825,Mechanics Alley,0.0,0.0,0.0,0,(),0.0,0.0
5830,Mechanics Alley,0.0,0.0,0.0,0,(),0.0,0.0
5835,Mechanics Alley,0.0,0.0,0.0,0,(),0.0,0.0
5840,Mechanics Alley,0.0,0.0,0.0,0,(),0.0,0.0
5845,Mechanics Alley,0.0,0.0,0.0,0,(),0.0,0.0
5850,Mechanics Alley,0.0,0.0,0.0,0,(),0.0,0.0
5855,Mechanics Alley,0.0,0.0,0.0,0,(),0.0,0.0
5860,Mechanics Alley,0.0,0.0,0.0,0,(),0.0,0.0
5865,Mechanics Alley,0.0,0.0,0.0,0,(),0.0,0.0
5870,Mechanics Alley,0.0,0.0,0.0,0,(),0.0,0.0
5875,Mechanics Alley,0.0,0.0,0.0,0,(),0.0,0.0
5880,Mechanics Alley,0.0,0.0,0.0,0,(),0.0,0.0
5885,Mechanics Alley,0.0,0.0,0.0,0,(),0.0,0.0
5890,Mechanics Alley,0.0,0.0,0.0,0,(),0.0,0.0
5895,Mechanics Alley,0.0,0.0,0.0,0,(),0.0,0.0
5900,Mechanics Alley,0.0,0.0,0.0,0,(),0.0,0.0
5905,Mechanics Alley,0.0,0.0,0.0,0,(),0.0,0.0
5910,Mechanics Alley,0.0,0.0,0.0,0,(),0.0,0.0
5915,Mechanics Alley,0.0,0.0,0.0,0,(),0.0,0.0
5920,Mechanics Alley,0.0,0.0,0.0,0,(),0.0,0.0
5925,Mechanics Alley,0.0,0.0,0.0,0,(),0.0,0.0
5930,Mechanics Alley,0.0,0.0,0.0,0,(),0.0,0.0
5935,Mechanics Alley,0.0,0.0,0.0,0,(),0.0,0.0
5940,Mechanics Alley,0.0,0.0,0.0,0,(),0.0,0.0
5945,Mechanics Alley,0.0,0.0,0.0,0,(),0.0,0.0
5950,Mechanics Alley,0.0,0.0,0.0,0,(),0.0,0.0
5955,Mechanics Alley,0.0,0.0,0.0,0,(),0.0,0.0
5960,Mechanics Alley,0.0,0.0,0.0,0,(),0.0,0.0
5965,Mechanics Alley,0.0,0.0,0.0,0,(),0.0,0.0
5970,Mechanics Alley,0.0,0.0,0.0,0,(),0.0,0.0
5975,Mechanics Alley,0.0,0.0,0.0,0,(),0.0,0.0
5980,Mechanics Alley,0.0,0.0,0.0,0,(),0.0,0.0
5985,Mechanics Alley,0.0,0.0,0.0,0,(),0.0,0.0
5990,Mechanics Alley,0.0,0.0,0.0,0,(),0.0,0.0
5995,Mechanics Alley,0.0,0.0,0.0,0,(),0.0,0.0
6000,Mechanics Alley,0.0,0.0,0.0,0,(),0.0,0.0
6005,Mechanics Alley,0.0,0.0,0.0,0,(),0.0,0.0
6010,Mechanics Alley,0.0,0.0,0.0,0,(),0.0,0.0
6015,Mechanics Alley,0.0,0.0,0.0,0,(),0.0,0.0
6020,Mechanics Alley,0.0,0.0,0.0,0,(),0.0,0.0
6025,Mechanics Alley,0.0,0.0,0.0,0,(),0.0,0.0
6030,Mechanics Alley,0.0,0.0,0.0,0,(),0.0,0.0
6035,Mechanics Alley,0.0,0.0,0.0,0,(),0.0,0.0
6040,Mechanics Alley,0.0,0.0,0.0,0,(),0.0,0.0
6045,Mechanics Alley,0.0,0.0,0.0,0,(),0.0,0.0
6050,Mechanics Alley,0.0,0.0,0.0,0,(),0.0,0.0
6055,Mechanics Alley,0.0,0.0,0.0,0,(),0.0,0.0
6060,Mechanics Alley,0.0,0.0,0.0,0,(),0.0,0.0
6065,Mechanics Alley,0.0,0.0,0.0,0,(),0.0,0.0
6070,Mechanics Alley,0.0,0.0,0.0,0,(),0.0,0.0
6075,Mechanics Alley,0.0,0.0,0.0,0,(),0.0,0.0
6080,Mechanics Alley,0.0,0.0,0.0,0,(),0.0,0.0
6085,Mechanics Alley,0.0,0.0,0.0,0,(),0.0,0.0
6090,Mechanics Alley,0.0,0.0,0.0,0,(),0.0,0.0
6095,Mechanics Alley,0.0,0.0,0.0,0,(),0.0,0.0
6100,Mechanics Alley,0.0,0.0,0.0,0,(),0.0,0.0
6105,Mechanics Alley,0.0,0.0,0.0,0,(),0.0,0.0
6110,Mechanics Alley,0.0,0.0,0.0,0,(),0.0,0.0
6115,Mechanics Alley,0.0,0.0,0.0,0,(),0.0,0.0
6120,Mechanics Alley,0.0,0.0,0.0,0,(),0.0,0.0
6125,Mechanics Alley,0.0,0.0,0.0,0,(),0.0,0.0
6130,Mechanics Alley,0.0,0.0,0.0,0,(),0.0,0.0
6135,Mechanics Alley,0.0,0.0,0.0,0,(),0.0,0.0
6140,Mechanics Alley,0.0,0.0,0.0,0,(),0.0,0.0
6145,Mechanics Alley,0.0,0.0,0.0,0,(),0.0,0.0
6150,Mechanics Alley,0.0,0.0,0.0,0,(),0.0,0.0
6155,Mechanics Alley,0.0,0.0,0.0,0,(),0.0,0.0
6160,Mechanics Alley,0.0,0.0,0.0,0,(),0.0,0.0
6165,Mechanics Alley,0.0,0.0,0.0,0,(),0.0,0.0
6170,Mechanics Alley,0.0,0.0,0.0,0,(),0.0,0.0
6175,Mechanics Alley,0.0,0.0,0.0,0,(),0.0,0.0
6180,Mechanics Alley,0.0,0.0,0.0,0,(),0.0,0.0
6185,Mechanics Alley,0.0,0.0,0.0,0,(),0.0,0.0
6190,Mechanics Alley,0.0,0.0,0.0,0,(),0.0,0.0
6195,Mechanics Alley,0.0,0.0,0.0,0,(),0.0,0.0
6200,Mechanics Alley,0.0,0.0,0.0,0,(),0.0,0.0
6205,Mechanics Alley,0.0,0.0,0.0,0,(),0.0,0.0
6210,Mechanics Alley,0.0,0.0,0.0,0,(),0.0,0.0
6215,Mechanics Alley,0.0,0.0,0.0,0,(),0.0,0.0
6220,Mechanics Alley,0.0,0.0,0.0,0,(),0.0,0.0
6225,Mechanics Alley,0.0,0.0,0.0,0,(),0.0,0.0
6230,Mechanics Alley,0.0,0.0,0.0,0,(),0.0,0.0
6235,Mechanics Alley,0.0,0.0,0.0,0,(),0.0,0.0
6240,Mechanics Alley,0.0,0.0,0.0,0,(),0.0,0.0
6245,Mechanics Alley,0.0,0.0,0.0,0,(),0.0,0.0
6250,Mechanics Alley,0.0,0.0,0.0,0,(),0.0,0.0
6255,Mechanics Alley,0.0,0.0,0.0,0,(),0.0,0.0
6260,Mechanics Alley,0.0,0.0,0.0,0,(),0.0,0.0
6265,Mechanics Alley,0.0,0.0,0.0,0,(),0.0,0.0
6270,Mechanics Alley,0.0,0.0,0.0,0,(),0.0,0.0
6275,Mechanics Alley,0.0,0.0,0.0,0,(),0.0,0.0
6280,Mechanics Alley,0.0,0.0,0.0,0,(),0.0,0.0
6285,Mechanics Alley,0.0,0.0,0.0,0,(),0.0,0.0
6290,Mechanics Alley,0.0,0.0,0.0,0,(),0.0,0.0
6295,Mechanics Alley,0.0,0.0,0.0,0,(),0.0,0.0
6300,Mechanics Alley,0.0,0.0,0.0,0,(),0.0,0.0
6305,Mechanics Alley,0.0,0.0,0.0,0,(),0.0,0.0
6310,Mechanics Alley,0.0,0.0,0.0,0,(),0.0,0.0
6315,Mechanics Alley,0.0,0.0,0.0,0,(),0.0,0.0
6320,Mechanics Alley,0.0,0.0,0.0,0,(),0.0,0.0
6325,Mechanics Alley,0.0,0.0,0.0,0,(),0.0,0.0
6330,Mechanics Alley,0.0,0.0,0.0,0,(),0.0,0.0
6335,Mechanics Alley,0.0,0.0,0.0,0,(),0.0,0.0
6340,Mechanics Alley,0.0,0.0,0.0,0,(),0.0,0.0
6345,Mechanics Alley,0.0,0.0,0.0,0,(),0.0,0.0
6350,Mechanics Alley,0.0,0.0,0.0,0,(),0.0,0.0
6355,Mechanics Alley,0.0,0.0,0.0,0,(),0.0,0.0
6360,Mechanics Alley,0.0,0.0,0.0,0,(),0.0,0.0
6365,Mechanics Alley,0.0,0.0,0.0,0,(),0.0,0.0
6370,Mechanics Alley,0.0,0.0,0.0,0,(),0.0,0.0
6375,Mechanics Alley,0.0,0.0,0.0,0,(),0.0,0.0
6380,Mechanics Alley,0.0,0.0,0.0,0,(),0.0,0.0
6385,Mechanics Alley,0.0,0.0,0.0,0,(),0.0,0.0
6390,Mechanics Alley,0.0,0.0,0.0,0,(),0.0,0.0
6395,Mechanics Alley,0.0,0.0,0.0,0,(),0.0,0.0
6400,Mechanics Alley,0.0,0.0,0.0,0,(),0.0,0.0
6405,Mechanics Alley,0.0,0.0,0.0,0,(),0.0,0.0
6410,Mechanics Alley,0.0,0.0,0.0,0,(),0.0,0.0
6415,Mechanics Alley,0.0,0.0,0.0,0,(),0.0,0.0
6420,Mechanics Alley,0.0,0.0,0.0,0,(),0.0,0.0
6425,Mechanics Alley,0.0,0.0,0.0,0,(),0.0,0.0
6430,Mechanics Alley,0.0,0.0,0.0,0,(),0.0,0.0
6435,Mechanics Alley,0.0,0.0,0.0,0,(),0.0,0.0
6440,Mechanics Alley,0.0,0.0,0.0,0,(),0.0,0.0
6445,Mechanics Alley,0.0,0.0,0.0,0,(),0.0,0.0
6450,Mechanics Alley,0.0,0.0,0.0,0,(),0.0,0.0
6455,Mechanics Alley,0.0,0.0,0.0,0,(),0.0,0.0
6460,Mechanics Alley,0.0,0.0,0.0,0,(),0.0,0.0
6465,Mechanics Alley,0.0,0.0,0.0,0,(),0.0,0.0
6470,Mechanics Alley,0.0,0.0,0.0,0,(),0.0,0.0
6475,Mechanics Alley,0.0,0.0,0.0,0,(),0.0,0.0
6480,Mechanics Alley,0.0,0.0,0.0,0,(),0.0,0.0
6485,Mechanics Alley,0.0,0.0,0.0,0,(),0.0,0.0
6490,Mechanics Alley,0.0,0.0,0.0,0,(),0.0,0.0
6495,Mechanics Alley,0.0,0.0,0.0,0,(),0.0,0.0
6500,Mechanics Alley,0.0,0.0,0.0,0,(),0.0,0.0
6505,Mechanics Alley,0.0,0.0,0.0,0,(),0.0,0.0
6510,Mechanics Alley,0.0,0.0,0.0,0,(),0.0,0.0
6515,Mechanics Alley,0.0,0.0,0.0,0,(),0.0,0.0
6520,Mechanics Alley,0.0,0.0,0.0,0,(),0.0,0.0
6525,Mechanics Alley,0.0,0.0,0.0,0,(),0.0,0.0
6530,Mechanics Alley,0.0,0.0,0.0,0,(),0.0,0.0
6535,Mechanics Alley,0.0,0.0,0.0,0,(),0.0,0.0
6540,Mechanics Alley,0.0,0.0,0.0,0,(),0.0,0.0
6545,Mechanics Alley,0.0,0.0,0.0,0,(),0.0,0.0
6550,Mechanics Alley,0.0,0.0,0.0,0,(),0.0,0.0
6555,Mechanics Alley,0.0,0.0,0.0,0,(),0.0,0.0
6560,Mechanics Alley,0.0,0.0,0.0,0,(),0.0,0.0
6565,Mechanics Alley,0.0,0.0,0.0,0,(),0.0,0.0
6570,Mechanics Alley,0.0,0.0,0.0,0,(),0.0,0.0
6575,Mechanics Alley,0.0,0.0,0.0,0,(),0.0,0.0
6580,Mechanics Alley,0.0,0.0,0.0,0,(),0.0,0.0
6585,Mechanics Alley,0.0,0.0,0.0,0,(),0.0,0.0
6590,Mechanics Alley,0.0,0.0,0.0,0,(),0.0,0.0
6595,Mechanics Alley,0.0,0.0,0.0,0,(),0.0,0.0
6600,Mechanics Alley,0.0,0.0,0.0,0,(),0.0,0.0
6605,Mechanics Alley,0.0,0.0,0.0,0,(),0.0,0.0
6610,Mechanics Alley,0.0,0.0,0.0,0,(),0.0,0.0
6615,Mechanics Alley,0.0,0.0,0.0,0,(),0.0,0.0
6620,Mechanics Alley,0.0,0.0,0.0,0,(),0.0,0.0
6625,Mechanics Alley,0.0,0.0,0.0,0,(),0.0,0.0
6630,Mechanics Alley,0.0,0.0,0.0,0,(),0.0,0.0
6635,Mechanics Alley,0.0,0.0,0.0,0,(),0.0,0.0
6640,Mechanics Alley,0.0,0.0,0.0,0,(),0.0,0.0
6645,Mechanics Alley,0.0,0.0,0.0,0,(),0.0,0.0
6650,Mechanics Alley,0.0,0.0,0.0,0,(),0.0,0.0
6655,Mechanics Alley,0.0,0.0,0.0,0,(),0.0,0.0
6660,Mechanics Alley,0.0,0.0,0.0,0,(),0.0,0.0
6665,Mechanics Alley,0.0,0.0,0.0,0,(),0.0,0.0
6670,Mechanics Alley,0.0,0.0,0.0,0,(),0.0,0.0
6675,Mechanics Alley,0.0,0.0,0.0,0,(),0.0,0.0
6680,Mechanics Alley,0.0,0.0,0.0,0,(),0.0,0.0
6685,Mechanics Alley,0.0,0.0,0.0,0,(),0.0,0.0
6690,Mechanics Alley,0.0,0.0,0.0,0,(),0.0,0.0
6695,Mechanics Alley,0.0,0.0,0.0,0,(),0.0,0.0
6700,Mechanics Alley,0.0,0.0,0.0,0,(),0.0,0.0
6705,Mechanics Alley,0.0,0.0,0.0,0,(),0.0,0.0
6710,Mechanics Alley,0.0,0.0,0.0,0,(),0.0,0.0
6715,Mechanics Alley,0.0,0.0,0.0,0,(),0.0,0.0
6720,Mechanics Alley,0.0,0.0,0.0,0,(),0.0,0.0
6725,Mechanics Alley,0.0,0.0,0.0,0,(),0.0,0.0
6730,Mechanics Alley,0.0,0.0,0.0,0,(),0.0,0.0
6735,Mechanics Alley,0.0,0.0,0.0,0,(),0.0,0.0
6740,Mechanics Alley,0.0,0.0,0.0,0,(),0.0,0.0
6745,Mechanics Alley,0.0,0.0,0.0,0,(),0.0,0.0
6750,Mechanics Alley,0.0,0.0,0.0,0,(),0.0,0.0
6755,Mechanics Alley,0.0,0.0,0.0,0,(),0.0,0.0
6760,Mechanics Alley,0.0,0.0,0.0,0,(),0.0,0.0
6765,Mechanics Alley,0.0,0.0,0.0,0,(),0.0,0.0
6770,Mechanics Alley,0.0,0.0,0.0,0,(),0.0,0.0
6775,Mechanics Alley,0.0,0.0,0.0,0,(),0.0,0.0
6780,Mechanics Alley,0.0,0.0,0.0,0,(),0.0,0.0
6785,Mechanics Alley,0.0,0.0,0.0,0,(),0.0,0.0
6790,Mechanics Alley,0.0,0.0,0.0,0,(),0.0,0.0
6795,Mechanics Alley,0.0,0.0,0.0,0,(),0.0,0.0
6800,Mechanics Alley,0.0,0.0,0.0,0,(),0.0,0.0
6805,Mechanics Alley,0.0,0.0,0.0,0,(),0.0,0.0
6810,Mechanics Alley,0.0,0.0,0.0,0,(),0.0,0.0
6815,Mechanics Alley,0.0,0.0,0.0,0,(),0.0,0.0
6820,Mechanics Alley,0.0,0.0,0.0,0,(),0.0,0.0
6825,Mechanics Alley,0.0,0.0,0.0,0,(),0.0,0.0
6830,Mechanics Alley,0.0,0.0,0.0,0,(),0.0,0.0
6835,Mechanics Alley,0.0,0.0,0.0,0,(),0.0,0.0
6840,Mechanics Alley,0.0,0.0,0.0,0,(),0.0,0.0
6845,Mechanics Alley,0.0,0.0,0.0,0,(),0.0,0.0
6850,Mechanics Alley,0.0,0.0,0.0,0,(),0.0,0.0
6855,Mechanics Alley,0.0,0.0,0.0,0,(),0.0,0.0
6860,Mechanics Alley,0.0,0.0,0.0,0,(),0.0,0.0
6865,Mechanics Alley,0.0,0.0,0.0,0,(),0.0,0.0
6870,Mechanics Alley,0.0,0.0,0.0,0,(),0.0,0.0
6875,Mechanics Alley,0.0,0.0,0.0,0,(),0.0,0.0
6880,Mechanics Alley,0.0,0.0,0.0,0,(),0.0,0.0
6885,Mechanics Alley,0.0,0.0,0.0,0,(),0.0,0.0
6890,Mechanics Alley,0.0,0.0,0.0,0,(),0.0,0.0
6895,Mechanics Alley,0.0,0.0,0.0,0,(),0.0,0.0
6900,Mechanics Alley,0.0,0.0,0.0,0,(),0.0,0.0
6905,Mechanics Alley,0.0,0.0,0.0,0,(),0.0,0.0
6910,Mechanics Alley,0.0,0.0,0.0,0,(),0.0,0.0
6915,Mechanics Alley,0.0,0.0,0.0,0,(),0.0,0.0
6920,Mechanics Alley,0.0,0.0,0.0,0,(),0.0,0.0
6925,Mechanics Alley,0.0,0.0,0.0,0,(),0.0,0.0
6930,Mechanics Alley,0.0,0.0,0.0,0,(),0.0,0.0
6935,Mechanics Alley,0.0,0.0,0.0,0,(),0.0,0.0
6940,Mechanics Alley,0.0,0.0,0.0,0,(),0.0,0.0
6945,Mechanics Alley,0.0,0.0,0.0,0,(),0.0,0.0
6950,Mechanics Alley,0.0,0.0,0.0,0,(),0.0,0.0
6955,Mechanics Alley,0.0,0.0,0.0,0,(),0.0,0.0
6960,Mechanics Alley,0.0,0.0,0.0,0,(),0.0,0.0
6965,Mechanics Alley,0.0,0.0,0.0,0,(),0.0,0.0
6970,Mechanics Alley,0.0,0.0,0.0,0,(),0.0,0.0
6975,Mechanics Alley,0.0,0.0,0.0,0,(),0.0,0.0
6980,Mechanics Alley,0.0,0.0,0.0,0,(),0.0,0.0
6985,Mechanics Alley,0.0,0.0,0.0,0,(),0.0,0.0
6990,Mechanics Alley,0.0,0.0,0.0,0,(),0.0,0.0
6995,Mechanics Alley,0.0,0.0,0.0,0,(),0.0,0.0
7000,Mechanics Alley,0.0,0.0,0.0,0,(),0.0,0.0
7005,Mechanics Alley,0.0,0.0,0.0,0,(),0.0,0.0
7010,Mechanics Alley,0.0,0.0,0.0,0,(),0.0,0.0
7015,Mechanics Alley,0.0,0.0,0.0,0,(),0.0,0.0
7020,Mechanics Alley,0.0,0.0,0.0,0,(),0.0,0.0
7025,Mechanics Alley,0.0,0.0,0.0,0,(),0.0,0.0
7030,Mechanics Alley,0.0,0.0,0.0,0,(),0.0,0.0
7035,Mechanics Alley,0.0,0.0,0.0,0,(),0.0,0.0
7040,Mechanics Alley,0.0,0.0,0.0,0,(),0.0,0.0
7045,Mechanics Alley,0.0,0.0,0.0,0,(),0.0,0.0
7050,Mechanics Alley,0.0,0.0,0.0,0,(),0.0,0.0
7055,Mechanics Alley,0.0,0.0,0.0,0,(),0.0,0.0
7060,Mechanics Alley,0.0,0.0,0.0,0,(),0.0,0.0
7065,Mechanics Alley,0.0,0.0,0.0,0,(),0.0,0.0
7070,Mechanics Alley,0.0,0.0,0.0,0,(),0.0,0.0
7075,Mechanics Alley,0.0,0.0,0.0,0,(),0.0,0.0
7080,Mechanics Alley,0.0,0.0,0.0,0,(),0.0,0.0
7085,Mechanics Alley,0.0,0.0,0.0,0,(),0.0,0.0
7090,Mechanics Alley,0.0,0.0,0.0,0,(),0.0,0.0
7095,Mechanics Alley,0.0,0.0,0.0,0,(),0.0,0.0
7100,Mechanics Alley,0.0,0.0,0.0,0,(),0.0,0.0
7105,Mechanics Alley,0.0,0.0,0.0,0,(),0.0,0.0
7110,Mechanics Alley,0.0,0.0,0.0,0,(),0.0,0.0
7115,Mechanics Alley,0.0,0.0,0.0,0,(),0.0,0.0
7120,Mechanics Alley,0.0,0.0,0.0,0,(),0.0,0.0
7125,Mechanics Alley,0.0,0.0,0.0,0,(),0.0,0.0
7130,Mechanics Alley,0.0,0.0,0.0,0,(),0.0,0.0
7135,Mechanics Alley,0.0,0.0,0.0,0,(),0.0,0.0
7140,Mechanics Alley,0.0,0.0,0.0,0,(),0.0,0.0
7145,Mechanics Alley,0.0,0.0,0.0,0,(),0.0,0.0
7150,Mechanics Alley,0.0,0.0,0.0,0,(),0.0,0.0
7155,Mechanics Alley,0.0,0.0,0.0,0,(),0.0,0.0
7160,Mechanics Alley,0.0,0.0,0.0,0,(),0.0,0.0
7165,Mechanics Alley,0.0,0.0,0.0,0,(),0.0,0.0
7170,Mechanics Alley,0.0,0.0,0.0,0,(),0.0,0.0
7175,Mechanics Alley,0.0,0.0,0.0,0,(),0.0,0.0
7180,Mechanics Alley,0.0,0.0,0.0,0,(),0.0,0.0
7185,Mechanics Alley,0.0,0.0,0.0,0,(),0.0,0.0
7190,Mechanics Alley,0.0,0.0,0.0,0,(),0.0,0.0
7195,Mechanics Alley,0.0,0.0,0.0,0,(),0.0,0.0
7200,Mechanics Alley,0.0,0.0,0.0,0,(),0.0,0.0
7205,Mechanics Alley,0.0,0.0,0.0,0,(),0.0,0.0
7210,Mechanics Alley,0.0,0.0,0.0,0,(),0.0,0.0
7215,Mechanics Alley,0.0,0.0,0.0,0,(),0.0,0.0
7220,Mechanics Alley,0.0,0.0,0.0,0,(),0.0,0.0
7225,Mechanics Alley,0.0,0.0,0.0,0,(),0.0,0.0
7230,Mechanics Alley,0.0,0.0,0.0,0,(),0.0,0.0
7235,Mechanics Alley,0.0,0.0,0.0,0,(),0.0,0.0
7240,Mechanics Alley,0.0,0.0,0.0,0,(),0.0,0.0
7245,Mechanics Alley,0.0,0.0,0.0,0,(),0.0,0.0
7250,Mechanics Alley,0.0,0.0,0.0,0,(),0.0,0.0
7255,Mechanics Alley,0.0,0.0,0.0,0,(),0.0,0.0
7260,Mechanics Alley,0.0,0.0,0.0,0,(),0.0,0.0
7265,Mechanics Alley,0.0,0.0,0.0,0,(),0.0,0.0
7270,Mechanics Alley,0.0,0.0,0.0,0,(),0.0,0.0
7275,Mechanics Alley,0.0,0.0,0.0,0,(),0.0,0.0
7280,Mechanics Alley,0.0,0.0,0.0,0,(),0.0,0.0
7285,Mechanics Alley,0.0,0.0,0.0,0,(),0.0,0.0
7290,Mechanics Alley,0.0,0.0,0.0,0,(),0.0,0.0
7295,Mechanics Alley,0.0,0.0,0.0,0,(),0.0,0.0
7300,Mechanics Alley,0.0,0.0,0.0,0,(),0.0,0.0
7305,Mechanics Alley,0.0,0.0,0.0,0,(),0.0,0.0
7310,Mechanics Alley,0.0,0.0,0.0,0,(),0.0,0.0
7315,Mechanics Alley,0.0,0.0,0.0,0,(),0.0,0.0
7320,Mechanics Alley,0.0,0.0,0.0,0,(),0.0,0.0
7325,Mechanics Alley,0.0,0.0,0.0,0,(),0.0,0.0
7330,Mechanics Alley,0.0,0.0,0.0,0,(),0.0,0.0
7335,Mechanics Alley,0.0,0.0,0.0,0,(),0.0,0.0
7340,Mechanics Alley,0.0,0.0,0.0,0,(),0.0,0.0
7345,Mechanics Alley,0.0,0.0,0.0,0,(),0.0,0.0
7350,Mechanics Alley,0.0,0.0,0.0,0,(),0.0,0.0
7355,Mechanics Alley,0.0,0.0,0.0,0,(),0.0,0.0
7360,Mechanics Alley,0.0,0.0,0.0,0,(),0.0,0.0
7365,Mechanics Alley,0.0,0.0,0.0,0,(),0.0,0.0
7370,Mechanics Alley,0.0,0.0,0.0,0,(),0.0,0.0
7375,Mechanics Alley,0.0,0.0,0.0,0,(),0.0,0.0
7380,Mechanics Alley,0.0,0.0,0.0,0,(),0.0,0.0
7385,Mechanics Alley,0.0,0.0,0.0,0,(),0.0,0.0
7390,Mechanics Alley,0.0,0.0,0.0,0,(),0.0,0.0
7395,Mechanics Alley,0.0,0.0,0.0,0,(),0.0,0.0
7400,Mechanics Alley,0.0,0.0,0.0,0,(),0.0,0.0
7405,Mechanics Alley,0.0,0.0,0.0,0,(),0.0,0.0
7410,Mechanics Alley,0.0,0.0,0.0,0,(),0.0,0.0
7415,Mechanics Alley,0.0,0.0,0.0,0,(),0.0,0.0
7420,Mechanics Alley,0.0,0.0,0.0,0,(),0.0,0.0
7425,Mechanics Alley,0.0,0.0,0.0,0,(),0.0,0.0
7430,Mechanics Alley,0.0,0.0,0.0,0,(),0.0,0.0
7435,Mechanics Alley,0.0,0.0,0.0,0,(),0.0,0.0
7440,Mechanics Alley,0.0,0.0,0.0,0,(),0.0,0.0
7445,Mechanics Alley,0.0,0.0,0.0,0,(),0.0,0.0
7450,Mechanics Alley,0.0,0.0,0.0,0,(),0.0,0.0
7455,Mechanics Alley,0.0,0.0,0.0,0,(),0.0,0.0
7460,Mechanics Alley,0.0,0.0,0.0,0,(),0.0,0.0
7465,Mechanics Alley,0.0,0.0,0.0,0,(),0.0,0.0
7470,Mechanics Alley,0.0,0.0,0.0,0,(),0.0,0.0
7475,Mechanics Alley,0.0,0.0,0.0,0,(),0.0,0.0
7480,Mechanics Alley,0.0,0.0,0.0,0,(),0.0,0.0
7485,Mechanics Alley,0.0,0.0,0.0,0,(),0.0,0.0
7490,Mechanics Alley,0.0,0.0,0.0,0,(),0.0,0.0
7495,Mechanics Alley,0.0,0.0,0.0,0,(),0.0,0.0
7500,Mechanics Alley,0.0,0.0,0.0,0,(),0.0,0.0
7505,Mechanics Alley,0.0,0.0,0.0,0,(),0.0,0.0
7510,Mechanics Alley,0.0,0.0,0.0,0,(),0.0,0.0
7515,Mechanics Alley,0.0,0.0,0.0,0,(),0.0,0.0
7520,Mechanics Alley,0.0,0.0,0.0,0,(),0.0,0.0
7525,Mechanics Alley,0.0,0.0,0.0,0,(),0.0,0.0
7530,Mechanics Alley,0.0,0.0,0.0,0,(),0.0,0.0
7535,Mechanics Alley,0.0,0.0,0.0,0,(),0.0,0.0
7540,Mechanics Alley,0.0,0.0,0.0,0,(),0.0,0.0
7545,Mechanics Alley,0.0,0.0,0.0,0,(),0.0,0.0
7550,Mechanics Alley,0.0,0.0,0.0,0,(),0.0,0.0
7555,Mechanics Alley,0.0,0.0,0.0,0,(),0.0,0.0
7560,Mechanics Alley,0.0,0.0,0.0,0,(),0.0,0.0
7565,Mechanics Alley,0.0,0.0,0.0,0,(),0.0,0.0
7570,Mechanics Alley,0.0,0.0,0.0,0,(),0.0,0.0
7575,Mechanics Alley,0.0,0.0,0.0,0,(),0.0,0.0
7580,Mechanics Alley,0.0,0.0,0.0,0,(),0.0,0.0
7585,Mechanics Alley,0.0,0.0,0.0,0,(),0.0,0.0
7590,Mechanics Alley,0.0,0.0,0.0,0,(),0.0,0.0
7595,Mechanics Alley,0.0,0.0,0.0,0,(),0.0,0.0
7600,Mechanics Alley,0.0,0.0,0.0,0,(),0.0,0.0
7605,Mechanics Alley,0.0,0.0,0.0,0,(),0.0,0.0
7610,Mechanics Alley,0.0,0.0,0.0,0,(),0.0,0.0
7615,Mechanics Alley,0.0,0.0,0.0,0,(),0.0,0.0
7620,Mechanics Alley,0.0,0.0,0.0,0,(),0.0,0.0
7625,Mechanics Alley,0.0,0.0,0.0,0,(),0.0,0.0
7630,Mechanics Alley,0.0,0.0,0.0,0,(),0.0,0.0
7635,Mechanics Alley,0.0,0.0,0.0,0,(),0.0,0.0
7640,Mechanics Alley,0.0,0.0,0.0,0,(),0.0,0.0
7645,Mechanics Alley,0.0,0.0,0.0,0,(),0.0,0.0
7650,Mechanics Alley,0.0,0.0,0.0,0,(),0.0,0.0
7655,Mechanics Alley,0.0,0.0,0.0,0,(),0.0,0.0
7660,Mechanics Alley,0.0,0.0,0.0,0,(),0.0,0.0
7665,Mechanics Alley,0.0,0.0,0.0,0,(),0.0,0.0
7670,Mechanics Alley,0.0,0.0,0.0,0,(),0.0,0.0
7675,Mechanics Alley,0.0,0.0,0.0,0,(),0.0,0.0
7680,Mechanics Alley,0.0,0.0,0.0,0,(),0.0,0.0
7685,Mechanics Alley,0.0,0.0,0.0,0,(),0.0,0.0
7690,Mechanics Alley,0.0,0.0,0.0,0,(),0.0,0.0
7695,Mechanics Alley,0.0,0.0,0.0,0,(),0.0,0.0
7700,Mechanics Alley,0.0,0.0,0.0,0,(),0.0,0.0
7705,Mechanics Alley,0.0,0.0,0.0,0,(),0.0,0.0
7710,Mechanics Alley,0.0,0.0,0.0,0,(),0.0,0.0
7715,Mechanics Alley,0.0,0.0,0.0,0,(),0.0,0.0
7720,Mechanics Alley,0.0,0.0,0.0,0,(),0.0,0.0
7725,Mechanics Alley,0.0,0.0,0.0,0,(),0.0,0.0
7730,Mechanics Alley,0.0,0.0,0.0,0,(),0.0,0.0
7735,Mechanics Alley,0.0,0.0,0.0,0,(),0.0,0.0
7740,Mechanics Alley,0.0,0.0,0.0,0,(),0.0,0.0
7745,Mechanics Alley,0.0,0.0,0.0,0,(),0.0,0.0
7750,Mechanics Alley,0.0,0.0,0.0,0,(),0.0,0.0
7755,Mechanics Alley,0.0,0.0,0.0,0,(),0.0,0.0
7760,Mechanics Alley,0.0,0.0,0.0,0,(),0.0,0.0
7765,Mechanics Alley,0.0,0.0,0.0,0,(),0.0,0.0
7770,Mechanics Alley,0.0,0.0,0.0,0,(),0.0,0.0
7775,Mechanics Alley,0.0,0.0,0.0,0,(),0.0,0.0
7780,Mechanics Alley,0.0,0.0,0.0,0,(),0.0,0.0
7785,Mechanics Alley,0.0,0.0,0.0,0,(),0.0,0.0
7790,Mechanics Alley,0.0,0.0,0.0,0,(),0.0,0.0
7795,Mechanics Alley,0.0,0.0,0.0,0,(),0.0,0.0
7800,Mechanics Alley,0.0,0.0,0.0,0,(),0.0,0.0
7805,Mechanics Alley,0.0,0.0,0.0,0,(),0.0,0.0
7810,Mechanics Alley,0.0,0.0,0.0,0,(),0.0,0.0
7815,Mechanics Alley,0.0,0.0,0.0,0,(),0.0,0.0
7820,Mechanics Alley,0.0,0.0,0.0,0,(),0.0,0.0
7825,Mechanics Alley,0.0,0.0,0.0,0,(),0.0,0.0
7830,Mechanics Alley,0.0,0.0,0.0,0,(),0.0,0.0
7835,Mechanics Alley,0.0,0.0,0.0,0,(),0.0,0.0
7840,Mechanics Alley,0.0,0.0,0.0,0,(),0.0,0.0
7845,Mechanics Alley,0.0,0.0,0.0,0,(),0.0,0.0
7850,Mechanics Alley,0.0,0.0,0.0,0,(),0.0,0.0
7855,Mechanics Alley,0.0,0.0,0.0,0,(),0.0,0.0
7860,Mechanics Alley,0.0,0.0,0.0,0,(),0.0,0.0
7865,Mechanics Alley,0.0,0.0,0.0,0,(),0.0,0.0
7870,Mechanics Alley,0.0,0.0,0.0,0,(),0.0,0.0
7875,Mechanics Alley,0.0,0.0,0.0,0,(),0.0,0.0
7880,Mechanics Alley,0.0,0.0,0.0,0,(),0.0,0.0
7885,Mechanics Alley,0.0,0.0,0.0,0,(),0.0,0.0
7890,Mechanics Alley,0.0,0.0,0.0,0,(),0.0,0.0
7895,Mechanics Alley,0.0,0.0,0.0,0,(),0.0,0.0
7900,Mechanics Alley,0.0,0.0,0.0,0,(),0.0,0.0
7905,Mechanics Alley,0.0,0.0,0.0,0,(),0.0,0.0
7910,Mechanics Alley,0.0,0.0,0.0,0,(),0.0,0.0
7915,Mechanics Alley,0.0,0.0,0.0,0,(),0.0,0.0
7920,Mechanics Alley,0.0,0.0,0.0,0,(),0.0,0.0
7925,Mechanics Alley,0.0,0.0,0.0,0,(),0.0,0.0
7930,Mechanics Alley,0.0,0.0,0.0,0,(),0.0,0.0
7935,Mechanics Alley,0.0,0.0,0.0,0,(),0.0,0.0
7940,Mechanics Alley,0.0,0.0,0.0,0,(),0.0,0.0
7945,Mechanics Alley,0.0,0.0,0.0,0,(),0.0,0.0
7950,Mechanics Alley,0.0,0.0,0.0,0,(),0.0,0.0
7955,Mechanics Alley,0.0,0.0,0.0,0,(),0.0,0.0
7960,Mechanics Alley,0.0,0.0,0.0,0,(),0.0,0.0
7965,Mechanics Alley,0.0,0.0,0.0,0,(),0.0,0.0
7970,Mechanics Alley,0.0,0.0,0.0,0,(),0.0,0.0
7975,Mechanics Alley,0.0,0.0,0.0,0,(),0.0,0.0
7980,Mechanics Alley,0.0,0.0,0.0,0,(),0.0,0.0
7985,Mechanics Alley,0.0,0.0,0.0,0,(),0.0,0.0
7990,Mechanics Alley,0.0,0.0,0.0,0,(),0.0,0.0
7995,Mechanics Alley,0.0,0.0,0.0,0,(),0.0,0.0
8000,Mechanics Alley,0.0,0.0,0.0,0,(),0.0,0.0
8005,Mechanics Alley,0.0,0.0,0.0,0,(),0.0,0.0
8010,Mechanics Alley,0.0,0.0,0.0,0,(),0.0,0.0
8015,Mechanics Alley,0.0,0.0,0.0,0,(),0.0,0.0
8020,Mechanics Alley,0.0,0.0,0.0,0,(),0.0,0.0
8025,Mechanics Alley,0.0,0.0,0.0,0,(),0.0,0.0
8030,Mechanics Alley,0.0,0.0,0.0,0,(),0.0,0.0
8035,Mechanics Alley,0.0,0.0,0.0,0,(),0.0,0.0
8040,Mechanics Alley,0.0,0.0,0.0,0,(),0.0,0.0
8045,Mechanics Alley,0.0,0.0,0.0,0,(),0.0,0.0
8050,Mechanics Alley,0.0,0.0,0.0,0,(),0.0,0.0
8055,Mechanics Alley,0.0,0.0,0.0,0,(),0.0,0.0
8060,Mechanics Alley,0.0,0.0,0.0,0,(),0.0,0.0
8065,Mechanics Alley,0.0,0.0,0.0,0,(),0.0,0.0
8070,Mechanics Alley,0.0,0.0,0.0,0,(),0.0,0.0
8075,Mechanics Alley,0.0,0.0,0.0,0,(),0.0,0.0
8080,Mechanics Alley,0.0,0.0,0.0,0,(),0.0,0.0
8085,Mechanics Alley,0.0,0.0,0.0,0,(),0.0,0.0
8090,Mechanics Alley,0.0,0.0,0.0,0,(),0.0,0.0
8095,Mechanics Alley,0.0,0.0,0.0,0,(),0.0,0.0
8100,Mechanics Alley,0.0,0.0,0.0,0,(),0.0,0.0
8105,Mechanics Alley,0.0,0.0,0.0,0,(),0.0,0.0
8110,Mechanics Alley,0.0,0.0,0.0,0,(),0.0,0.0
8115,Mechanics Alley,0.0,0.0,0.0,0,(),0.0,0.0
8120,Mechanics Alley,0.0,0.0,0.0,0,(),0.0,0.0
8125,Mechanics Alley,0.0,0.0,0.0,0,(),0.0,0.0
8130,Mechanics Alley,0.0,0.0,0.0,0,(),0.0,0.0
8135,Mechanics Alley,0.0,0.0,0.0,0,(),0.0,0.0
8140,Mechanics Alley,0.0,0.0,0.0,0,(),0.0,0.0
8145,Mechanics Alley,0.0,0.0,0.0,0,(),0.0,0.0
8150,Mechanics Alley,0.0,0.0,0.0,0,(),0.0,0.0
8155,Mechanics Alley,0.0,0.0,0.0,0,(),0.0,0.0
8160,Mechanics Alley,0.0,0.0,0.0,0,(),0.0,0.0
8165,Mechanics Alley,0.0,0.0,0.0,0,(),0.0,0.0
8170,Mechanics Alley,0.0,0.0,0.0,0,(),0.0,0.0
8175,Mechanics Alley,0.0,0.0,0.0,0,(),0.0,0.0
8180,Mechanics Alley,0.0,0.0,0.0,0,(),0.0,0.0
8185,Mechanics Alley,0.0,0.0,0.0,0,(),0.0,0.0
8190,Mechanics Alley,0.0,0.0,0.0,0,(),0.0,0.0
8195,Mechanics Alley,0.0,0.0,0.0,0,(),0.0,0.0
8200,Mechanics Alley,0.0,0.0,0.0,0,(),0.0,0.0
8205,Mechanics Alley,0.0,0.0,0.0,0,(),0.0,0.0
8210,Mechanics Alley,0.0,0.0,0.0,0,(),0.0,0.0
8215,Mechanics Alley,0.0,0.0,0.0,0,(),0.0,0.0
8220,Mechanics Alley,0.0,0.0,0.0,0,(),0.0,0.0
8225,Mechanics Alley,0.0,0.0,0.0,0,(),0.0,0.0
8230,Mechanics Alley,0.0,0.0,0.0,0,(),0.0,0.0
8235,Mechanics Alley,0.0,0.0,0.0,0,(),0.0,0.0
8240,Mechanics Alley,0.0,0.0,0.0,0,(),0.0,0.0
8245,Mechanics Alley,0.0,0.0,0.0,0,(),0.0,0.0
8250,Mechanics Alley,0.0,0.0,0.0,0,(),0.0,0.0
8255,Mechanics Alley,0.0,0.0,0.0,0,(),0.0,0.0
8260,Mechanics Alley,0.0,0.0,0.0,0,(),0.0,0.0
8265,Mechanics Alley,0.0,0.0,0.0,0,(),0.0,0.0
8270,Mechanics Alley,0.0,0.0,0.0,0,(),0.0,0.0
8275,Mechanics Alley,0.0,0.0,0.0,0,(),0.0,0.0
8280,Mechanics Alley,0.0,0.0,0.0,0,(),0.0,0.0
8285,Mechanics Alley,0.0,0.0,0.0,0,(),0.0,0.0
8290,Mechanics Alley,0.0,0.0,0.0,0,(),0.0,0.0
8295,Mechanics Alley,0.0,0.0,0.0,0,(),0.0,0.0
8300,Mechanics Alley,0.0,0.0,0.0,0,(),0.0,0.0
8305,Mechanics Alley,0.0,0.0,0.0,0,(),0.0,0.0
8310,Mechanics Alley,0.0,0.0,0.0,0,(),0.0,0.0
8315,Mechanics Alley,0.0,0.0,0.0,0,(),0.0,0.0
8320,Mechanics Alley,0.0,0.0,0.0,0,(),0.0,0.0
8325,Mechanics Alley,0.0,0.0,0.0,0,(),0.0,0.0
8330,Mechanics Alley,0.0,0.0,0.0,0,(),0.0,0.0
8335,Mechanics Alley,0.0,0.0,0.0,0,(),0.0,0.0
8340,Mechanics Alley,0.0,0.0,0.0,0,(),0.0,0.0
8345,Mechanics Alley,0.0,0.0,0.0,0,(),0.0,0.0
8350,Mechanics Alley,0.0,0.0,0.0,0,(),0.0,0.0
8355,Mechanics Alley,0.0,0.0,0.0,0,(),0.0,0.0
8360,Mechanics Alley,0.0,0.0,0.0,0,(),0.0,0.0
8365,Mechanics Alley,0.0,0.0,0.0,0,(),0.0,0.0
8370,Mechanics Alley,0.0,0.0,0.0,0,(),0.0,0.0
8375,Mechanics Alley,0.0,0.0,0.0,0,(),0.0,0.0
8380,Mechanics Alley,0.0,0.0,0.0,0,(),0.0,0.0
8385,Mechanics Alley,0.0,0.0,0.0,0,(),0.0,0.0
8390,Mechanics Alley,0.0,0.0,0.0,0,(),0.0,0.0
8395,Mechanics Alley,0.0,0.0,0.0,0,(),0.0,0.0
8400,Mechanics Alley,0.0,0.0,0.0,0,(),0.0,0.0
8405,Mechanics Alley,0.0,0.0,0.0,0,(),0.0,0.0
8410,Mechanics Alley,0.0,0.0,0.0,0,(),0.0,0.0
8415,Mechanics Alley,0.0,0.0,0.0,0,(),0.0,0.0
8420,Mechanics Alley,0.0,0.0,0.0,0,(),0.0,0.0
8425,Mechanics Alley,0.0,0.0,0.0,0,(),0.0,0.0
8430,Mechanics Alley,0.0,0.0,0.0,0,(),0.0,0.0
8435,Mechanics Alley,0.0,0.0,0.0,0,(),0.0,0.0
8440,Mechanics Alley,0.0,0.0,0.0,0,(),0.0,0.0
8445,Mechanics Alley,0.0,0.0,0.0,0,(),0.0,0.0
8450,Mechanics Alley,0.0,0.0,0.0,0,(),0.0,0.0
8455,Mechanics Alley,0.0,0.0,0.0,0,(),0.0,0.0
8460,Mechanics Alley,0.0,0.0,0.0,0,(),0.0,0.0
8465,Mechanics Alley,0.0,0.0,0.0,0,(),0.0,0.0
8470,Mechanics Alley,0.0,0.0,0.0,0,(),0.0,0.0
8475,Mechanics Alley,0.0,0.0,0.0,0,(),0.0,0.0
8480,Mechanics Alley,0.0,0.0,0.0,0,(),0.0,0.0
8485,Mechanics Alley,0.0,0.0,0.0,0,(),0.0,0.0
8490,Mechanics Alley,0.0,0.0,0.0,0,(),0.0,0.0
8495,Mechanics Alley,0.0,0.0,0.0,0,(),0.0,0.0
8500,Mechanics Alley,0.0,0.0,0.0,0,(),0.0,0.0
8505,Mechanics Alley,0.0,0.0,0.0,0,(),0.0,0.0
8510,Mechanics Alley,0.0,0.0,0.0,0,(),0.0,0.0
8515,Mechanics Alley,0.0,0.0,0.0,0,(),0.0,0.0
8520,Mechanics Alley,0.0,0.0,0.0,0,(),0.0,0.0
8525,Mechanics Alley,0.0,0.0,0.0,0,(),0.0,0.0
8530,Mechanics Alley,0.0,0.0,0.0,0,(),0.0,0.0
8535,Mechanics Alley,0.0,0.0,0.0,0,(),0.0,0.0
8540,Mechanics Alley,0.0,0.0,0.0,0,(),0.0,0.0
8545,Mechanics Alley,0.0,0.0,0.0,0,(),0.0,0.0
8550,Mechanics Alley,0.0,0.0,0.0,0,(),0.0,0.0
8555,Mechanics Alley,0.0,0.0,0.0,0,(),0.0,0.0
8560,Mechanics Alley,0.0,0.0,0.0,0,(),0.0,0.0
8565,Mechanics Alley,0.0,0.0,0.0,0,(),0.0,0.0
8570,Mechanics Alley,0.0,0.0,0.0,0,(),0.0,0.0
8575,Mechanics Alley,0.0,0.0,0.0,0,(),0.0,0.0
8580,Mechanics Alley,0.0,0.0,0.0,0,(),0.0,0.0
8585,Mechanics Alley,0.0,0.0,0.0,0,(),0.0,0.0
8590,Mechanics Alley,0.0,0.0,0.0,0,(),0.0,0.0
8595,Mechanics Alley,0.0,0.0,0.0,0,(),0.0,0.0
8600,Mechanics Alley,0.0,0.0,0.0,0,(),0.0,0.0
8605,Mechanics Alley,0.0,0.0,0.0,0,(),0.0,0.0
8610,Mechanics Alley,0.0,0.0,0.0,0,(),0.0,0.0
8615,Mechanics Alley,0.0,0.0,0.0,0,(),0.0,0.0
8620,Mechanics Alley,0.0,0.0,0.0,0,(),0.0,0.0
8625,Mechanics Alley,0.0,0.0,0.0,0,(),0.0,0.0
8630,Mechanics Alley,0.0,0.0,0.0,0,(),0.0,0.0
8635,Mechanics Alley,0.0,0.0,0.0,0,(),0.0,0.0
8640,Mechanics Alley,0.0,0.0,0.0,0,(),0.0,0.0
8645,Mechanics Alley,0.0,0.0,0.0,0,(),0.0,0.0
8650,Mechanics Alley,0.0,0.0,0.0,0,(),0.0,0.0
8655,Mechanics Alley,0.0,0.0,0.0,0,(),0.0,0.0
8660,Mechanics Alley,0.0,0.0,0.0,0,(),0.0,0.0
8665,Mechanics Alley,0.0,0.0,0.0,0,(),0.0,0.0
8670,Mechanics Alley,0.0,0.0,0.0,0,(),0.0,0.0
8675,Mechanics Alley,0.0,0.0,0.0,0,(),0.0,0.0
8680,Mechanics Alley,0.0,0.0,0.0,0,(),0.0,0.0
8685,Mechanics Alley,0.0,0.0,0.0,0,(),0.0,0.0
8690,Mechanics Alley,0.0,0.0,0.0,0,(),0.0,0.0
8695,Mechanics Alley,0.0,0.0,0.0,0,(),0.0,0.0
8700,Mechanics Alley,0.0,0.0,0.0,0,(),0.0,0.0
8705,Mechanics Alley,0.0,0.0,0.0,0,(),0.0,0.0
8710,Mechanics Alley,0.0,0.0,0.0,0,(),0.0,0.0
8715,Mechanics Alley,0.0,0.0,0.0,0,(),0.0,0.0
8720,Mechanics Alley,0.0,0.0,0.0,0,(),0.0,0.0
8725,Mechanics Alley,0.0,0.0,0.0,0,(),0.0,0.0
8730,Mechanics Alley,0.0,0.0,0.0,0,(),0.0,0.0
8735,Mechanics Alley,0.0,0.0,0.0,0,(),0.0,0.0
8740,Mechanics Alley,0.0,0.0,0.0,0,(),0.0,0.0
8745,Mechanics Alley,0.0,0.0,0.0,0,(),0.0,0.0
8750,Mechanics Alley,0.0,0.0,0.0,0,(),0.0,0.0
8755,Mechanics Alley,0.0,0.0,0.0,0,(),0.0,0.0
8760,Mechanics Alley,0.0,0.0,0.0,0,(),0.0,0.0
8765,Mechanics Alley,0.0,0.0,0.0,0,(),0.0,0.0
8770,Mechanics Alley,0.0,0.0,0.0,0,(),0.0,0.0
8775,Mechanics Alley,0.0,0.0,0.0,0,(),0.0,0.0
8780,Mechanics Alley,0.0,0.0,0.0,0,(),0.0,0.0
8785,Mechanics Alley,0.0,0.0,0.0,0,(),0.0,0.0
8790,Mechanics Alley,0.0,0.0,0.0,0,(),0.0,0.0
8795,Mechanics Alley,0.0,0.0,0.0,0,(),0.0,0.0
8800,Mechanics Alley,0.0,0.0,0.0,0,(),0.0,0.0
8805,Mechanics Alley,0.0,0.0,0.0,0,(),0.0,0.0
8810,Mechanics Alley,0.0,0.0,0.0,0,(),0.0,0.0
8815,Mechanics Alley,0.0,0.0,0.0,0,(),0.0,0.0
8820,Mechanics Alley,0.0,0.0,0.0,0,(),0.0,0.0
8825,Mechanics Alley,0.0,0.0,0.0,0,(),0.0,0.0
8830,Mechanics Alley,0.0,0.0,0.0,0,(),0.0,0.0
8835,Mechanics Alley,0.0,0.0,0.0,0,(),0.0,0.0
8840,Mechanics Alley,0.0,0.0,0.0,0,(),0.0,0.0
8845,Mechanics Alley,0.0,0.0,0.0,0,(),0.0,0.0
8850,Mechanics Alley,0.0,0.0,0.0,0,(),0.0,0.0
8855,Mechanics Alley,0.0,0.0,0.0,0,(),0.0,0.0
8860,Mechanics Alley,0.0,0.0,0.0,0,(),0.0,0.0
8865,Mechanics Alley,0.0,0.0,0.0,0,(),0.0,0.0
8870,Mechanics Alley,0.0,0.0,0.0,0,(),0.0,0.0
8875,Mechanics Alley,0.0,0.0,0.0,0,(),0.0,0.0
8880,Mechanics Alley,0.0,0.0,0.0,0,(),0.0,0.0
8885,Mechanics Alley,0.0,0.0,0.0,0,(),0.0,0.0
8890,Mechanics Alley,0.0,0.0,0.0,0,(),0.0,0.0
8895,Mechanics Alley,0.0,0.0,0.0,0,(),0.0,0.0
8900,Mechanics Alley,0.0,0.0,0.0,0,(),0.0,0.0
8905,Mechanics Alley,0.0,0.0,0.0,0,(),0.0,0.0
8910,Mechanics Alley,0.0,0.0,0.0,0,(),0.0,0.0
8915,Mechanics Alley,0.0,0.0,0.0,0,(),0.0,0.0
8920,Mechanics Alley,0.0,0.0,0.0,0,(),0.0,0.0
8925,Mechanics Alley,0.0,0.0,0.0,0,(),0.0,0.0
8930,Mechanics Alley,0.0,0.0,0.0,0,(),0.0,0.0
8935,Mechanics Alley,0.0,0.0,0.0,0,(),0.0,0.0
8940,Mechanics Alley,0.0,0.0,0.0,0,(),0.0,0.0
8945,Mechanics Alley,0.0,0.0,0.0,0,(),0.0,0.0
8950,Mechanics Alley,0.0,0.0,0.0,0,(),0.0,0.0
8955,Mechanics Alley,0.0,0.0,0.0,0,(),0.0,0.0
8960,Mechanics Alley,0.0,0.0,0.0,0,(),0.0,0.0
8965,Mechanics Alley,0.0,0.0,0.0,0,(),0.0,0.0
8970,Mechanics Alley,0.0,0.0,0.0,0,(),0.0,0.0
8975,Mechanics Alley,0.0,0.0,0.0,0,(),0.0,0.0
8980,Mechanics Alley,0.0,0.0,0.0,0,(),0.0,0.0
8985,Mechanics Alley,0.0,0.0,0.0,0,(),0.0,0.0
8990,Mechanics Alley,0.0,0.0,0.0,0,(),0.0,0.0
8995,Mechanics Alley,0.0,0.0,0.0,0,(),0.0,0.0
9000,Mechanics Alley,0.0,0.0,0.0,0,(),0.0,0.0
9005,Mechanics Alley,0.0,0.0,0.0,0,(),0.0,0.0
9010,Mechanics Alley,0.0,0.0,0.0,0,(),0.0,0.0
9015,Mechanics Alley,0.0,0.0,0.0,0,(),0.0,0.0
9020,Mechanics Alley,0.0,0.0,0.0,0,(),0.0,0.0
9025,Mechanics Alley,0.0,0.0,0.0,0,(),0.0,0.0
9030,Mechanics Alley,0.0,0.0,0.0,0,(),0.0,0.0
9035,Mechanics Alley,0.0,0.0,0.0,0,(),0.0,0.0
9040,Mechanics Alley,0.0,0.0,0.0,0,(),0.0,0.0
9045,Mechanics Alley,0.0,0.0,0.0,0,(),0.0,0.0
9050,Mechanics Alley,0.0,0.0,0.0,0,(),0.0,0.0
9055,Mechanics Alley,0.0,0.0,0.0,0,(),0.0,0.0
9060,Mechanics Alley,0.0,0.0,0.0,0,(),0.0,0.0
9065,Mechanics Alley,0.0,0.0,0.0,0,(),0.0,0.0
9070,Mechanics Alley,0.0,0.0,0.0,0,(),0.0,0.0
9075,Mechanics Alley,0.0,0.0,0.0,0,(),0.0,0.0
9080,Mechanics Alley,0.0,0.0,0.0,0,(),0.0,0.0
9085,Mechanics Alley,0.0,0.0,0.0,0,(),0.0,0.0
9090,Mechanics Alley,0.0,0.0,0.0,0,(),0.0,0.0
9095,Mechanics Alley,0.0,0.0,0.0,0,(),0.0,0.0
9100,Mechanics Alley,0.0,0.0,0.0,0,(),0.0,0.0
9105,Mechanics Alley,0.0,0.0,0.0,0,(),0.0,0.0
9110,Mechanics Alley,0.0,0.0,0.0,0,(),0.0,0.0
9115,Mechanics Alley,0.0,0.0,0.0,0,(),0.0,0.0
9120,Mechanics Alley,0.0,0.0,0.0,0,(),0.0,0.0
9125,Mechanics Alley,0.0,0.0,0.0,0,(),0.0,0.0
9130,Mechanics Alley,0.0,0.0,0.0,0,(),0.0,0.0
9135,Mechanics Alley,0.0,0.0,0.0,0,(),0.0,0.0
9140,Mechanics Alley,0.0,0.0,0.0,0,(),0.0,0.0
9145,Mechanics Alley,0.0,0.0,0.0,0,(),0.0,0.0
9150,Mechanics Alley,0.0,0.0,0.0,0,(),0.0,0.0
9155,Mechanics Alley,0.0,0.0,0.0,0,(),0.0,0.0
9160,Mechanics Alley,0.0,0.0,0.0,0,(),0.0,0.0
9165,Mechanics Alley,0.0,0.0,0.0,0,(),0.0,0.0
9170,Mechanics Alley,0.0,0.0,0.0,0,(),0.0,0.0
9175,Mechanics Alley,0.0,0.0,0.0,0,(),0.0,0.0
9180,Mechanics Alley,0.0,0.0,0.0,0,(),0.0,0.0
9185,Mechanics Alley,0.0,0.0,0.0,0,(),0.0,0.0
9190,Mechanics Alley,0.0,0.0,0.0,0,(),0.0,0.0
9195,Mechanics Alley,0.0,0.0,0.0,0,(),0.0,0.0
9200,Mechanics Alley,0.0,0.0,0.0,0,(),0.0,0.0
9205,Mechanics Alley,0.0,0.0,0.0,0,(),0.0,0.0
9210,Mechanics Alley,0.0,0.0,0.0,0,(),0.0,0.0
9215,Mechanics Alley,0.0,0.0,0.0,0,(),0.0,0.0
9220,Mechanics Alley,0.0,0.0,0.0,0,(),0.0,0.0
9225,Mechanics Alley,0.0,0.0,0.0,0,(),0.0,0.0
9230,Mechanics Alley,0.0,0.0,0.0,0,(),0.0,0.0
9235,Mechanics Alley,0.0,0.0,0.0,0,(),0.0,0.0
9240,Mechanics Alley,0.0,0.0,0.0,0,(),0.0,0.0
9245,Mechanics Alley,0.0,0.0,0.0,0,(),0.0,0.0
9250,Mechanics Alley,0.0,0.0,0.0,0,(),0.0,0.0
9255,Mechanics Alley,0.0,0.0,0.0,0,(),0.0,0.0
9260,Mechanics Alley,0.0,0.0,0.0,0,(),0.0,0.0
9265,Mechanics Alley,0.0,0.0,0.0,0,(),0.0,0.0
9270,Mechanics Alley,0.0,0.0,0.0,0,(),0.0,0.0
9275,Mechanics Alley,0.0,0.0,0.0,0,(),0.0,0.0
9280,Mechanics Alley,0.0,0.0,0.0,0,(),0.0,0.0
9285,Mechanics Alley,0.0,0.0,0.0,0,(),0.0,0.0
9290,Mechanics Alley,0.0,0.0,0.0,0,(),0.0,0.0
9295,Mechanics Alley,0.0,0.0,0.0,0,(),0.0,0.0
9300,Mechanics Alley,0.0,0.0,0.0,0,(),0.0,0.0
9305,Mechanics Alley,0.0,0.0,0.0,0,(),0.0,0.0
9310,Mechanics Alley,0.0,0.0,0.0,0,(),0.0,0.0
9315,Mechanics Alley,0.0,0.0,0.0,0,(),0.0,0.0
9320,Mechanics Alley,0.0,0.0,0.0,0,(),0.0,0.0
9325,Mechanics Alley,0.0,0.0,0.0,0,(),0.0,0.0
9330,Mechanics Alley,0.0,0.0,0.0,0,(),0.0,0.0
9335,Mechanics Alley,0.0,0.0,0.0,0,(),0.0,0.0
9340,Mechanics Alley,0.0,0.0,0.0,0,(),0.0,0.0
9345,Mechanics Alley,0.0,0.0,0.0,0,(),0.0,0.0
9350,Mechanics Alley,0.0,0.0,0.0,0,(),0.0,0.0
9355,Mechanics Alley,0.0,0.0,0.0,0,(),0.0,0.0
9360,Mechanics Alley,0.0,0.0,0.0,0,(),0.0,0.0
9365,Mechanics Alley,0.0,0.0,0.0,0,(),0.0,0.0
9370,Mechanics Alley,0.0,0.0,0.0,0,(),0.0,0.0
9375,Mechanics Alley,0.0,0.0,0.0,0,(),0.0,0.0
9380,Mechanics Alley,0.0,0.0,0.0,0,(),0.0,0.0
9385,Mechanics Alley,0.0,0.0,0.0,0,(),0.0,0.0
9390,Mechanics Alley,0.0,0.0,0.0,0,(),0.0,0.0
9395,Mechanics Alley,0.0,0.0,0.0,0,(),0.0,0.0
9400,Mechanics Alley,0.0,0.0,0.0,0,(),0.0,0.0
9405,Mechanics Alley,0.0,0.0,0.0,0,(),0.0,0.0
9410,Mechanics Alley,0.0,0.0,0.0,0,(),0.0,0.0
9415,Mechanics Alley,0.0,0.0,0.0,0,(),0.0,0.0
9420,Mechanics Alley,0.0,0.0,0.0,0,(),0.0,0.0
9425,Mechanics Alley,0.0,0.0,0.0,0,(),0.0,0.0
9430,Mechanics Alley,0.0,0.0,0.0,0,(),0.0,0.0
9435,Mechanics Alley,0.0,0.0,0.0,0,(),0.0,0.0
9440,Mechanics Alley,0.0,0.0,0.0,0,(),0.0,0.0
9445,Mechanics Alley,0.0,0.0,0.0,0,(),0.0,0.0
9450,Mechanics Alley,0.0,0.0,0.0,0,(),0.0,0.0
9455,Mechanics Alley,0.0,0.0,0.0,0,(),0.0,0.0
9460,Mechanics Alley,0.0,0.0,0.0,0,(),0.0,0.0
9465,Mechanics Alley,0.0,0.0,0.0,0,(),0.0,0.0
9470,Mechanics Alley,0.0,0.0,0.0,0,(),0.0,0.0
9475,Mechanics Alley,0.0,0.0,0.0,0,(),0.0,0.0
9480,Mechanics Alley,0.0,0.0,0.0,0,(),0.0,0.0
9485,Mechanics Alley,0.0,0.0,0.0,0,(),0.0,0.0
9490,Mechanics Alley,0.0,0.0,0.0,0,(),0.0,0.0
9495,Mechanics Alley,0.0,0.0,0.0,0,(),0.0,0.0
9500,Mechanics Alley,0.0,0.0,0.0,0,(),0.0,0.0
9505,Mechanics Alley,0.0,0.0,0.0,0,(),0.0,0.0
9510,Mechanics Alley,0.0,0.0,0.0,0,(),0.0,0.0
9515,Mechanics Alley,0.0,0.0,0.0,0,(),0.0,0.0
9520,Mechanics Alley,0.0,0.0,0.0,0,(),0.0,0.0
9525,Mechanics Alley,0.0,0.0,0.0,0,(),0.0,0.0
9530,Mechanics Alley,0.0,0.0,0.0,0,(),0.0,0.0
9535,Mechanics Alley,0.0,0.0,0.0,0,(),0.0,0.0
9540,Mechanics Alley,0.0,0.0,0.0,0,(),0.0,0.0
9545,Mechanics Alley,0.0,0.0,0.0,0,(),0.0,0.0
9550,Mechanics Alley,0.0,0.0,0.0,0,(),0.0,0.0
9555,Mechanics Alley,0.0,0.0,0.0,0,(),0.0,0.0
9560,Mechanics Alley,0.0,0.0,0.0,0,(),0.0,0.0
9565,Mechanics Alley,0.0,0.0,0.0,0,(),0.0,0.0
9570,Mechanics Alley,0.0,0.0,0.0,0,(),0.0,0.0
9575,Mechanics Alley,0.0,0.0,0.0,0,(),0.0,0.0
9580,Mechanics Alley,0.0,0.0,0.0,0,(),0.0,0.0
9585,Mechanics Alley,0.0,0.0,0.0,0,(),0.0,0.0
9590,Mechanics Alley,0.0,0.0,0.0,0,(),0.0,0.0
9595,Mechanics Alley,0.0,0.0,0.0,0,(),0.0,0.0
9600,Mechanics Alley,0.0,0.0,0.0,0,(),0.0,0.0
9605,Mechanics Alley,0.0,0.0,0.0,0,(),0.0,0.0
9610,Mechanics Alley,0.0,0.0,0.0,0,(),0.0,0.0
9615,Mechanics Alley,0.0,0.0,0.0,0,(),0.0,0.0
9620,Mechanics Alley,0.0,0.0,0.0,0,(),0.0,0.0
9625,Mechanics Alley,0.0,0.0,0.0,0,(),0.0,0.0
9630,Mechanics Alley,0.0,0.0,0.0,0,(),0.0,0.0
9635,Mechanics Alley,0.0,0.0,0.0,0,(),0.0,0.0
9640,Mechanics Alley,0.0,0.0,0.0,0,(),0.0,0.0
9645,Mechanics Alley,0.0,0.0,0.0,0,(),0.0,0.0
9650,Mechanics Alley,0.0,0.0,0.0,0,(),0.0,0.0
9655,Mechanics Alley,0.0,0.0,0.0,0,(),0.0,0.0
9660,Mechanics Alley,0.0,0.0,0.0,0,(),0.0,0.0
9665,Mechanics Alley,0.0,0.0,0.0,0,(),0.0,0.0
9670,Mechanics Alley,0.0,0.0,0.0,0,(),0.0,0.0
9675,Mechanics Alley,0.0,0.0,0.0,0,(),0.0,0.0
9680,Mechanics Alley,0.0,0.0,0.0,0,(),0.0,0.0
9685,Mechanics Alley,0.0,0.0,0.0,0,(),0.0,0.0
9690,Mechanics Alley,0.0,0.0,0.0,0,(),0.0,0.0
9695,Mechanics Alley,0.0,0.0,0.0,0,(),0.0,0.0
9700,Mechanics Alley,0.0,0.0,0.0,0,(),0.0,0.0
9705,Mechanics Alley,0.0,0.0,0.0,0,(),0.0,0.0
9710,Mechanics Alley,0.0,0.0,0.0,0,(),0.0,0.0
9715,Mechanics Alley,0.0,0.0,0.0,0,(),0.0,0.0
9720,Mechanics Alley,0.0,0.0,0.0,0,(),0.0,0.0
9725,Mechanics Alley,0.0,0.0,0.0,0,(),0.0,0.0
9730,Mechanics Alley,0.0,0.0,0.0,0,(),0.0,0.0
9735,Mechanics Alley,0.0,0.0,0.0,0,(),0.0,0.0
9740,Mechanics Alley,0.0,0.0,0.0,0,(),0.0,0.0
9745,Mechanics Alley,0.0,0.0,0.0,0,(),0.0,0.0
9750,Mechanics Alley,0.0,0.0,0.0,0,(),0.0,0.0
9755,Mechanics Alley,0.0,0.0,0.0,0,(),0.0,0.0
9760,Mechanics Alley,0.0,0.0,0.0,0,(),0.0,0.0
9765,Mechanics Alley,0.0,0.0,0.0,0,(),0.0,0.0
9770,Mechanics Alley,0.0,0.0,0.0,0,(),0.0,0.0
9775,Mechanics Alley,0.0,0.0,0.0,0,(),0.0,0.0
9780,Mechanics Alley,0.0,0.0,0.0,0,(),0.0,0.0
9785,Mechanics Alley,0.0,0.0,0.0,0,(),0.0,0.0
9790,Mechanics Alley,0.0,0.0,0.0,0,(),0.0,0.0
9795,Mechanics Alley,0.0,0.0,0.0,0,(),0.0,0.0
9800,Mechanics Alley,0.0,0.0,0.0,0,(),0.0,0.0
9805,Mechanics Alley,0.0,0.0,0.0,0,(),0.0,0.0
9810,Mechanics Alley,0.0,0.0,0.0,0,(),0.0,0.0
9815,Mechanics Alley,0.0,0.0,0.0,0,(),0.0,0.0
9820,Mechanics Alley,0.0,0.0,0.0,0,(),0.0,0.0
9825,Mechanics Alley,0.0,0.0,0.0,0,(),0.0,0.0
9830,Mechanics Alley,0.0,0.0,0.0,0,(),0.0,0.0
9835,Mechanics Alley,0.0,0.0,0.0,0,(),0.0,0.0
9840,Mechanics Alley,0.0,0.0,0.0,0,(),0.0,0.0
9845,Mechanics Alley,0.0,0.0,0.0,0,(),0.0,0.0
9850,Mechanics Alley,0.0,0.0,0.0,0,(),0.0,0.0
9855,Mechanics Alley,0.0,0.0,0.0,0,(),0.0,0.0
9860,Mechanics Alley,0.0,0.0,0.0,0,(),0.0,0.0
9865,Mechanics Alley,0.0,0.0,0.0,0,(),0.0,0.0
9870,Mechanics Alley,0.0,0.0,0.0,0,(),0.0,0.0
9875,Mechanics Alley,0.0,0.0,0.0,0,(),0.0,0.0
9880,Mechanics Alley,0.0,0.0,0.0,0,(),0.0,0.0
9885,Mechanics Alley,0.0,0.0,0.0,0,(),0.0,0.0
9890,Mechanics Alley,0.0,0.0,0.0,0,(),0.0,0.0
9895,Mechanics Alley,0.0,0.0,0.0,0,(),0.0,0.0
9900,Mechanics Alley,0.0,0.0,0.0,0,(),0.0,0.0
9905,Mechanics Alley,0.0,0.0,0.0,0,(),0.0,0.0
9910,Mechanics Alley,0.0,0.0,0.0,0,(),0.0,0.0
9915,Mechanics Alley,0.0,0.0,0.0,0,(),0.0,0.0
9920,Mechanics Alley,0.0,0.0,0.0,0,(),0.0,0.0
9925,Mechanics Alley,0.0,0.0,0.0,0,(),0.0,0.0
9930,Mechanics Alley,0.0,0.0,0.0,0,(),0.0,0.0
9935,Mechanics Alley,0.0,0.0,0.0,0,(),0.0,0.0
9940,Mechanics Alley,0.0,0.0,0.0,0,(),0.0,0.0
9945,Mechanics Alley,0.0,0.0,0.0,0,(),0.0,0.0
9950,Mechanics Alley,0.0,0.0,0.0,0,(),0.0,0.0
9955,Mechanics Alley,0.0,0.0,0.0,0,(),0.0,0.0
9960,Mechanics Alley,0.0,0.0,0.0,0,(),0.0,0.0
9965,Mechanics Alley,0.0,0.0,0.0,0,(),0.0,0.0
9970,Mechanics Alley,0.0,0.0,0.0,0,(),0.0,0.0
9975,Mechanics Alley,0.0,0.0,0.0,0,(),0.0,0.0
9980,Mechanics Alley,0.0,0.0,0.0,0,(),0.0,0.0
9985,Mechanics Alley,0.0,0.0,0.0,0,(),0.0,0.0
9990,Mechanics Alley,0.0,0.0,0.0,0,(),0.0,0.0
9995,Mechanics Alley,0.0,0.0,0.0,0,(),0.0,0.0
