0,0,gGGGrrrrG,5.0
5,1,gGGGrrrrr,10.0
10,2,yyyyrrrrr,13.0
15,3,rrrrGGGGr,18.0
20,4,rrrrGGGrr,23.0
25,5,rrrryyyrr,26.0
30,0,gGGGrrrrG,31.0
35,1,gGGGrrrrr,36.0
40,3,rrrrGGGGr,44.0
45,4,rrrrGGGrr,49.0
50,5,rrrryyyrr,52.0
55,0,gGGGrrrrG,57.0
60,1,gGGGrrrrr,64.0
65,2,yyyyrrrrr,67.0
70,3,rrrrGGGGr,72.0
75,4,rrrrGGGrr,77.0
80,0,gGGGrrrrG,85.0
85,0,gGGGrrrrG,87.0
90,0,gGGGrrrrG,91.0
95,1,gGGGrrrrr,99.0
100,2,yyyyrrrrr,102.0
105,3,rrrrGGGGr,107.0
110,4,rrrrGGGrr,112.0
115,0,gGGGrrrrG,120.0
120,1,gGGGrrrrr,125.0
125,2,yyyyrrrrr,128.0
130,3,rrrrGGGGr,133.0
135,4,rrrrGGGrr,138.0
140,5,rrrryyyrr,141.0
145,0,gGGGrrrrG,146.0
150,1,gGGGrrrrr,151.0
155,3,rrrrGGGGr,159.0
160,4,rrrrGGGrr,164.0
165,5,rrrryyyrr,167.0
170,0,gGGGrrrrG,172.0
175,1,gGGGrrrrr,178.0
180,2,yyyyrrrrr,181.0
185,3,rrrrGGGGr,186.0
190,4,rrrrGGGrr,191.0
195,0,gGGGrrrrG,199.0
200,1,gGGGrrrrr,204.0
205,2,yyyyrrrrr,207.0
210,3,rrrrGGGGr,212.0
215,4,rrrrGGGrr,217.0
220,0,gGGGrrrrG,225.0
225,1,gGGGrrrrr,230.0
230,2,yyyyrrrrr,233.0
235,3,rrrrGGGGr,238.0
240,4,rrrrGGGrr,243.0
245,5,rrrryyyrr,246.0
250,0,gGGGrrrrG,251.0
255,1,gGGGrrrrr,256.0
260,3,rrrrGGGGr,264.0
265,4,rrrrGGGrr,269.0
270,5,rrrryyyrr,272.0
275,0,gGGGrrrrG,277.0
280,1,gGGGrrrrr,282.0
285,3,rrrrGGGGr,290.0
290,4,rrrrGGGrr,295.0
295,5,rrrryyyrr,298.0
300,0,gGGGrrrrG,303.0
305,1,gGGGrrrrr,308.0
310,2,yyyyrrrrr,311.0
315,3,rrrrGGGGr,316.0
320,4,rrrrGGGrr,321.0
325,0,gGGGrrrrG,329.0
330,1,gGGGrrrrr,334.0
335,2,yyyyrrrrr,337.0
340,3,rrrrGGGGr,342.0
345,4,rrrrGGGrr,347.0
350,0,gGGGrrrrG,355.0
355,1,gGGGrrrrr,360.0
360,2,yyyyrrrrr,363.0
365,3,rrrrGGGGr,368.0
370,4,rrrrGGGrr,373.0
375,5,rrrryyyrr,376.0
380,0,gGGGrrrrG,381.0
385,1,gGGGrrrrr,386.0
390,3,rrrrGGGGr,394.0
395,4,rrrrGGGrr,399.0
400,5,rrrryyyrr,402.0
405,0,gGGGrrrrG,407.0
410,1,gGGGrrrrr,412.0
415,3,rrrrGGGGr,420.0
420,4,rrrrGGGrr,425.0
425,5,rrrryyyrr,428.0
430,0,gGGGrrrrG,433.0
435,1,gGGGrrrrr,438.0
440,2,yyyyrrrrr,441.0
445,3,rrrrGGGGr,446.0
450,4,rrrrGGGrr,451.0
455,0,gGGGrrrrG,459.0
460,1,gGGGrrrrr,465.0
465,2,yyyyrrrrr,468.0
470,3,rrrrGGGGr,473.0
475,4,rrrrGGGrr,478.0
480,5,rrrryyyrr,481.0
485,0,gGGGrrrrG,486.0
490,1,gGGGrrrrr,491.0
495,3,rrrrGGGGr,499.0
500,4,rrrrGGGrr,504.0
505,5,rrrryyyrr,507.0
510,0,gGGGrrrrG,512.0
515,1,gGGGrrrrr,517.0
520,3,rrrrGGGGr,525.0
525,4,rrrrGGGrr,530.0
530,5,rrrryyyrr,533.0
535,0,gGGGrrrrG,538.0
540,1,gGGGrrrrr,543.0
545,2,yyyyrrrrr,546.0
550,3,rrrrGGGGr,551.0
555,4,rrrrGGGrr,556.0
560,0,gGGGrrrrG,564.0
565,1,gGGGrrrrr,569.0
570,2,yyyyrrrrr,572.0
575,3,rrrrGGGGr,577.0
580,4,rrrrGGGrr,582.0
585,0,gGGGrrrrG,590.0
590,1,gGGGrrrrr,595.0
595,2,yyyyrrrrr,598.0
600,3,rrrrGGGGr,603.0
605,4,rrrrGGGrr,608.0
610,5,rrrryyyrr,611.0
615,0,gGGGrrrrG,616.0
620,1,gGGGrrrrr,621.0
625,3,rrrrGGGGr,629.0
630,4,rrrrGGGrr,634.0
635,5,rrrryyyrr,637.0
640,0,gGGGrrrrG,642.0
645,1,gGGGrrrrr,647.0
650,3,rrrrGGGGr,655.0
655,4,rrrrGGGrr,660.0
660,5,rrrryyyrr,663.0
665,0,gGGGrrrrG,668.0
670,1,gGGGrrrrr,673.0
675,2,yyyyrrrrr,676.0
680,3,rrrrGGGGr,681.0
685,4,rrrrGGGrr,686.0
690,0,gGGGrrrrG,694.0
695,1,gGGGrrrrr,699.0
700,2,yyyyrrrrr,702.0
705,3,rrrrGGGGr,707.0
710,4,rrrrGGGrr,714.0
715,5,rrrryyyrr,717.0
720,0,gGGGrrrrG,722.0
725,1,gGGGrrrrr,727.0
730,3,rrrrGGGGr,735.0
735,3,rrrrGGGGr,736.0
740,4,rrrrGGGrr,741.0
745,0,gGGGrrrrG,749.0
750,1,gGGGrrrrr,755.0
755,2,yyyyrrrrr,758.0
760,3,rrrrGGGGr,763.0
765,4,rrrrGGGrr,768.0
770,5,rrrryyyrr,771.0
775,0,gGGGrrrrG,776.0
780,1,gGGGrrrrr,781.0
785,3,rrrrGGGGr,789.0
790,4,rrrrGGGrr,794.0
795,5,rrrryyyrr,797.0
800,0,gGGGrrrrG,802.0
805,1,gGGGrrrrr,807.0
810,3,rrrrGGGGr,815.0
815,4,rrrrGGGrr,820.0
820,5,rrrryyyrr,823.0
825,0,gGGGrrrrG,828.0
830,1,gGGGrrrrr,833.0
835,2,yyyyrrrrr,836.0
840,3,rrrrGGGGr,841.0
845,4,rrrrGGGrr,846.0
850,0,gGGGrrrrG,854.0
855,1,gGGGrrrrr,859.0
860,2,yyyyrrrrr,862.0
865,3,rrrrGGGGr,867.0
870,4,rrrrGGGrr,872.0
875,0,gGGGrrrrG,880.0
880,1,gGGGrrrrr,885.0
885,2,yyyyrrrrr,888.0
890,3,rrrrGGGGr,893.0
895,4,rrrrGGGrr,898.0
900,5,rrrryyyrr,901.0
905,0,gGGGrrrrG,906.0
910,1,gGGGrrrrr,915.0
915,2,yyyyrrrrr,918.0
920,3,rrrrGGGGr,923.0
925,4,rrrrGGGrr,928.0
930,5,rrrryyyrr,931.0
935,0,gGGGrrrrG,936.0
940,1,gGGGrrrrr,941.0
945,3,rrrrGGGGr,949.0
950,4,rrrrGGGrr,954.0
955,5,rrrryyyrr,957.0
960,0,gGGGrrrrG,962.0
965,1,gGGGrrrrr,967.0
970,3,rrrrGGGGr,975.0
975,4,rrrrGGGrr,980.0
980,5,rrrryyyrr,983.0
985,0,gGGGrrrrG,988.0
990,1,gGGGrrrrr,993.0
995,2,yyyyrrrrr,996.0
1000,3,rrrrGGGGr,1001.0
1005,4,rrrrGGGrr,1006.0
1010,0,gGGGrrrrG,1014.0
1015,1,gGGGrrrrr,1019.0
1020,2,yyyyrrrrr,1022.0
1025,3,rrrrGGGGr,1027.0
1030,4,rrrrGGGrr,1032.0
1035,0,gGGGrrrrG,1040.0
1040,1,gGGGrrrrr,1045.0
1045,2,yyyyrrrrr,1048.0
1050,3,rrrrGGGGr,1053.0
1055,4,rrrrGGGrr,1058.0
1060,5,rrrryyyrr,1061.0
1065,0,gGGGrrrrG,1066.0
1070,1,gGGGrrrrr,1071.0
1075,3,rrrrGGGGr,1079.0
1080,4,rrrrGGGrr,1084.0
1085,5,rrrryyyrr,1087.0
1090,0,gGGGrrrrG,1092.0
1095,1,gGGGrrrrr,1097.0
1100,3,rrrrGGGGr,1105.0
1105,4,rrrrGGGrr,1110.0
1110,5,rrrryyyrr,1113.0
1115,0,gGGGrrrrG,1118.0
1120,1,gGGGrrrrr,1123.0
1125,2,yyyyrrrrr,1126.0
1130,3,rrrrGGGGr,1131.0
1135,4,rrrrGGGrr,1136.0
1140,0,gGGGrrrrG,1144.0
1145,1,gGGGrrrrr,1149.0
1150,2,yyyyrrrrr,1152.0
1155,3,rrrrGGGGr,1157.0
1160,4,rrrrGGGrr,1162.0
1165,0,gGGGrrrrG,1170.0
1170,1,gGGGrrrrr,1175.0
1175,2,yyyyrrrrr,1178.0
1180,3,rrrrGGGGr,1183.0
1185,4,rrrrGGGrr,1188.0
1190,5,rrrryyyrr,1191.0
1195,0,gGGGrrrrG,1196.0
1200,1,gGGGrrrrr,1201.0
1205,3,rrrrGGGGr,1209.0
1210,4,rrrrGGGrr,1214.0
1215,5,rrrryyyrr,1217.0
1220,0,gGGGrrrrG,1222.0
1225,1,gGGGrrrrr,1228.0
1230,2,yyyyrrrrr,1231.0
1235,3,rrrrGGGGr,1236.0
1240,4,rrrrGGGrr,1241.0
1245,0,gGGGrrrrG,1249.0
1250,1,gGGGrrrrr,1254.0
1255,2,yyyyrrrrr,1257.0
1260,3,rrrrGGGGr,1262.0
1265,4,rrrrGGGrr,1267.0
1270,0,gGGGrrrrG,1275.0
1275,0,gGGGrrrrG,1276.0
1280,1,gGGGrrrrr,1281.0
1285,3,rrrrGGGGr,1289.0
1290,4,rrrrGGGrr,1294.0
1295,5,rrrryyyrr,1297.0
1300,0,gGGGrrrrG,1302.0
1305,1,gGGGrrrrr,1307.0
1310,3,rrrrGGGGr,1315.0
1315,4,rrrrGGGrr,1320.0
1320,5,rrrryyyrr,1323.0
1325,0,gGGGrrrrG,1328.0
1330,1,gGGGrrrrr,1333.0
1335,2,yyyyrrrrr,1336.0
1340,3,rrrrGGGGr,1341.0
1345,4,rrrrGGGrr,1346.0
1350,0,gGGGrrrrG,1354.0
1355,1,gGGGrrrrr,1359.0
1360,2,yyyyrrrrr,1362.0
1365,3,rrrrGGGGr,1367.0
1370,4,rrrrGGGrr,1372.0
1375,0,gGGGrrrrG,1380.0
1380,1,gGGGrrrrr,1385.0
1385,2,yyyyrrrrr,1388.0
1390,3,rrrrGGGGr,1393.0
1395,4,rrrrGGGrr,1398.0
1400,5,rrrryyyrr,1401.0
1405,0,gGGGrrrrG,1406.0
1410,1,gGGGrrrrr,1414.0
1415,2,yyyyrrrrr,1417.0
1420,3,rrrrGGGGr,1422.0
1425,4,rrrrGGGrr,1427.0
1430,0,gGGGrrrrG,1435.0
1435,1,gGGGrrrrr,1440.0
1440,2,yyyyrrrrr,1443.0
1445,3,rrrrGGGGr,1448.0
1450,4,rrrrGGGrr,1453.0
1455,5,rrrryyyrr,1456.0
1460,0,gGGGrrrrG,1461.0
1465,1,gGGGrrrrr,1466.0
1470,3,rrrrGGGGr,1474.0
1475,4,rrrrGGGrr,1479.0
1480,5,rrrryyyrr,1482.0
1485,0,gGGGrrrrG,1487.0
1490,1,gGGGrrrrr,1492.0
1495,3,rrrrGGGGr,1500.0
1500,4,rrrrGGGrr,1505.0
1505,5,rrrryyyrr,1508.0
1510,0,gGGGrrrrG,1513.0
1515,1,gGGGrrrrr,1518.0
1520,2,yyyyrrrrr,1521.0
1525,3,rrrrGGGGr,1526.0
1530,4,rrrrGGGrr,1531.0
1535,0,gGGGrrrrG,1539.0
1540,1,gGGGrrrrr,1544.0
1545,2,yyyyrrrrr,1547.0
1550,3,rrrrGGGGr,1552.0
1555,4,rrrrGGGrr,1557.0
1560,0,gGGGrrrrG,1565.0
1565,1,gGGGrrrrr,1570.0
1570,2,yyyyrrrrr,1573.0
1575,3,rrrrGGGGr,1578.0
1580,4,rrrrGGGrr,1583.0
1585,5,rrrryyyrr,1586.0
1590,0,gGGGrrrrG,1591.0
1595,1,gGGGrrrrr,1596.0
1600,3,rrrrGGGGr,1604.0
1605,4,rrrrGGGrr,1609.0
1610,5,rrrryyyrr,1612.0
1615,0,gGGGrrrrG,1617.0
1620,1,gGGGrrrrr,1622.0
1625,3,rrrrGGGGr,1630.0
1630,4,rrrrGGGrr,1635.0
1635,5,rrrryyyrr,1638.0
1640,0,gGGGrrrrG,1643.0
1645,1,gGGGrrrrr,1648.0
1650,2,yyyyrrrrr,1651.0
1655,3,rrrrGGGGr,1656.0
1660,4,rrrrGGGrr,1661.0
1665,0,gGGGrrrrG,1669.0
1670,0,gGGGrrrrG,1672.0
1675,1,gGGGrrrrr,1679.0
1680,2,yyyyrrrrr,1682.0
1685,3,rrrrGGGGr,1687.0
1690,4,rrrrGGGrr,1692.0
1695,0,gGGGrrrrG,1700.0
1700,1,gGGGrrrrr,1705.0
1705,2,yyyyrrrrr,1708.0
1710,3,rrrrGGGGr,1713.0
1715,4,rrrrGGGrr,1718.0
1720,5,rrrryyyrr,1721.0
1725,0,gGGGrrrrG,1726.0
1730,1,gGGGrrrrr,1731.0
1735,3,rrrrGGGGr,1739.0
1740,4,rrrrGGGrr,1744.0
1745,5,rrrryyyrr,1747.0
1750,0,gGGGrrrrG,1752.0
1755,1,gGGGrrrrr,1757.0
1760,3,rrrrGGGGr,1765.0
1765,4,rrrrGGGrr,1770.0
1770,5,rrrryyyrr,1773.0
1775,0,gGGGrrrrG,1778.0
1780,1,gGGGrrrrr,1785.0
1785,2,yyyyrrrrr,1788.0
1790,3,rrrrGGGGr,1793.0
1795,4,rrrrGGGrr,1798.0
1800,5,rrrryyyrr,1801.0
1805,0,gGGGrrrrG,1806.0
1810,1,gGGGrrrrr,1811.0
1815,3,rrrrGGGGr,1819.0
1820,4,rrrrGGGrr,1824.0
1825,5,rrrryyyrr,1827.0
1830,0,gGGGrrrrG,1832.0
1835,1,gGGGrrrrr,1837.0
1840,3,rrrrGGGGr,1845.0
1845,4,rrrrGGGrr,1850.0
1850,5,rrrryyyrr,1853.0
1855,0,gGGGrrrrG,1858.0
1860,1,gGGGrrrrr,1865.0
1865,2,yyyyrrrrr,1868.0
1870,3,rrrrGGGGr,1873.0
1875,4,rrrrGGGrr,1878.0
1880,5,rrrryyyrr,1881.0
1885,0,gGGGrrrrG,1886.0
1890,1,gGGGrrrrr,1891.0
1895,3,rrrrGGGGr,1899.0
1900,4,rrrrGGGrr,1904.0
1905,5,rrrryyyrr,1907.0
1910,0,gGGGrrrrG,1912.0
1915,1,gGGGrrrrr,1917.0
1920,3,rrrrGGGGr,1925.0
1925,4,rrrrGGGrr,1930.0
1930,5,rrrryyyrr,1933.0
1935,0,gGGGrrrrG,1938.0
1940,1,gGGGrrrrr,1943.0
1945,2,yyyyrrrrr,1946.0
1950,3,rrrrGGGGr,1951.0
1955,4,rrrrGGGrr,1956.0
1960,0,gGGGrrrrG,1964.0
1965,1,gGGGrrrrr,1969.0
1970,2,yyyyrrrrr,1972.0
1975,3,rrrrGGGGr,1977.0
1980,4,rrrrGGGrr,1982.0
1985,0,gGGGrrrrG,1990.0
1990,1,gGGGrrrrr,1995.0
1995,2,yyyyrrrrr,1998.0
2000,3,rrrrGGGGr,2003.0
2005,4,rrrrGGGrr,2008.0
2010,5,rrrryyyrr,2011.0
2015,0,gGGGrrrrG,2016.0
2020,1,gGGGrrrrr,2021.0
2025,3,rrrrGGGGr,2029.0
2030,4,rrrrGGGrr,2034.0
2035,5,rrrryyyrr,2037.0
2040,0,gGGGrrrrG,2042.0
2045,1,gGGGrrrrr,2047.0
2050,3,rrrrGGGGr,2055.0
2055,4,rrrrGGGrr,2060.0
2060,5,rrrryyyrr,2063.0
2065,0,gGGGrrrrG,2068.0
2070,1,gGGGrrrrr,2073.0
2075,2,yyyyrrrrr,2076.0
2080,3,rrrrGGGGr,2081.0
2085,4,rrrrGGGrr,2086.0
2090,0,gGGGrrrrG,2094.0
2095,1,gGGGrrrrr,2099.0
2100,2,yyyyrrrrr,2102.0
2105,3,rrrrGGGGr,2107.0
2110,4,rrrrGGGrr,2112.0
2115,0,gGGGrrrrG,2120.0
2120,1,gGGGrrrrr,2125.0
2125,2,yyyyrrrrr,2128.0
2130,3,rrrrGGGGr,2133.0
2135,4,rrrrGGGrr,2138.0
2140,5,rrrryyyrr,2141.0
2145,0,gGGGrrrrG,2146.0
2150,1,gGGGrrrrr,2151.0
2155,3,rrrrGGGGr,2159.0
2160,4,rrrrGGGrr,2164.0
2165,5,rrrryyyrr,2167.0
2170,0,gGGGrrrrG,2172.0
2175,1,gGGGrrrrr,2177.0
2180,3,rrrrGGGGr,2185.0
2185,4,rrrrGGGrr,2190.0
2190,5,rrrryyyrr,2193.0
2195,0,gGGGrrrrG,2198.0
2200,1,gGGGrrrrr,2203.0
2205,2,yyyyrrrrr,2206.0
2210,3,rrrrGGGGr,2211.0
2215,4,rrrrGGGrr,2216.0
2220,0,gGGGrrrrG,2224.0
2225,1,gGGGrrrrr,2229.0
2230,2,yyyyrrrrr,2232.0
2235,3,rrrrGGGGr,2237.0
2240,4,rrrrGGGrr,2242.0
2245,0,gGGGrrrrG,2250.0
2250,1,gGGGrrrrr,2255.0
2255,2,yyyyrrrrr,2258.0
2260,3,rrrrGGGGr,2263.0
2265,4,rrrrGGGrr,2268.0
2270,5,rrrryyyrr,2271.0
2275,0,gGGGrrrrG,2276.0
2280,1,gGGGrrrrr,2281.0
2285,3,rrrrGGGGr,2289.0
2290,4,rrrrGGGrr,2294.0
2295,5,rrrryyyrr,2297.0
2300,0,gGGGrrrrG,2302.0
2305,1,gGGGrrrrr,2307.0
2310,3,rrrrGGGGr,2315.0
2315,4,rrrrGGGrr,2320.0
2320,5,rrrryyyrr,2323.0
2325,0,gGGGrrrrG,2328.0
2330,1,gGGGrrrrr,2333.0
2335,2,yyyyrrrrr,2336.0
2340,3,rrrrGGGGr,2341.0
2345,4,rrrrGGGrr,2346.0
2350,0,gGGGrrrrG,2354.0
2355,1,gGGGrrrrr,2359.0
2360,2,yyyyrrrrr,2362.0
2365,3,rrrrGGGGr,2367.0
2370,4,rrrrGGGrr,2372.0
2375,0,gGGGrrrrG,2380.0
2380,1,gGGGrrrrr,2385.0
2385,2,yyyyrrrrr,2388.0
2390,3,rrrrGGGGr,2393.0
2395,4,rrrrGGGrr,2398.0
2400,5,rrrryyyrr,2401.0
2405,0,gGGGrrrrG,2406.0
2410,1,gGGGrrrrr,2411.0
2415,3,rrrrGGGGr,2419.0
2420,4,rrrrGGGrr,2424.0
2425,5,rrrryyyrr,2427.0
2430,0,gGGGrrrrG,2432.0
2435,1,gGGGrrrrr,2437.0
2440,3,rrrrGGGGr,2445.0
2445,4,rrrrGGGrr,2450.0
2450,5,rrrryyyrr,2453.0
2455,0,gGGGrrrrG,2458.0
2460,1,gGGGrrrrr,2463.0
2465,2,yyyyrrrrr,2466.0
2470,3,rrrrGGGGr,2471.0
2475,4,rrrrGGGrr,2476.0
2480,0,gGGGrrrrG,2484.0
2485,1,gGGGrrrrr,2489.0
2490,2,yyyyrrrrr,2492.0
2495,3,rrrrGGGGr,2497.0
2500,4,rrrrGGGrr,2502.0
2505,0,gGGGrrrrG,2510.0
2510,1,gGGGrrrrr,2515.0
2515,2,yyyyrrrrr,2518.0
2520,3,rrrrGGGGr,2523.0
2525,4,rrrrGGGrr,2528.0
2530,5,rrrryyyrr,2531.0
2535,0,gGGGrrrrG,2536.0
2540,1,gGGGrrrrr,2541.0
2545,3,rrrrGGGGr,2549.0
2550,4,rrrrGGGrr,2554.0
2555,5,rrrryyyrr,2557.0
2560,0,gGGGrrrrG,2562.0
2565,1,gGGGrrrrr,2567.0
2570,3,rrrrGGGGr,2575.0
2575,4,rrrrGGGrr,2580.0
2580,5,rrrryyyrr,2583.0
2585,0,gGGGrrrrG,2588.0
2590,1,gGGGrrrrr,2593.0
2595,2,yyyyrrrrr,2596.0
2600,3,rrrrGGGGr,2601.0
2605,4,rrrrGGGrr,2606.0
2610,0,gGGGrrrrG,2614.0
2615,1,gGGGrrrrr,2619.0
2620,2,yyyyrrrrr,2622.0
2625,3,rrrrGGGGr,2627.0
2630,4,rrrrGGGrr,2632.0
2635,0,gGGGrrrrG,2640.0
2640,0,gGGGrrrrG,2641.0
2645,1,gGGGrrrrr,2647.0
2650,3,rrrrGGGGr,2655.0
2655,4,rrrrGGGrr,2660.0
2660,5,rrrryyyrr,2663.0
2665,0,gGGGrrrrG,2668.0
2670,1,gGGGrrrrr,2673.0
2675,2,yyyyrrrrr,2676.0
2680,3,rrrrGGGGr,2681.0
2685,4,rrrrGGGrr,2686.0
2690,0,gGGGrrrrG,2694.0
2695,1,gGGGrrrrr,2699.0
2700,2,yyyyrrrrr,2702.0
2705,3,rrrrGGGGr,2707.0
2710,4,rrrrGGGrr,2712.0
2715,0,gGGGrrrrG,2720.0
2720,1,gGGGrrrrr,2725.0
2725,2,yyyyrrrrr,2728.0
2730,3,rrrrGGGGr,2733.0
2735,4,rrrrGGGrr,2738.0
2740,5,rrrryyyrr,2741.0
2745,0,gGGGrrrrG,2746.0
2750,1,gGGGrrrrr,2751.0
2755,3,rrrrGGGGr,2759.0
2760,4,rrrrGGGrr,2764.0
2765,5,rrrryyyrr,2767.0
2770,0,gGGGrrrrG,2772.0
2775,1,gGGGrrrrr,2777.0
2780,3,rrrrGGGGr,2785.0
2785,3,rrrrGGGGr,2786.0
2790,4,rrrrGGGrr,2791.0
2795,0,gGGGrrrrG,2799.0
2800,1,gGGGrrrrr,2804.0
2805,2,yyyyrrrrr,2807.0
2810,3,rrrrGGGGr,2812.0
2815,4,rrrrGGGrr,2817.0
2820,0,gGGGrrrrG,2825.0
2825,1,gGGGrrrrr,2830.0
2830,2,yyyyrrrrr,2833.0
2835,3,rrrrGGGGr,2838.0
2840,4,rrrrGGGrr,2843.0
2845,5,rrrryyyrr,2846.0
2850,0,gGGGrrrrG,2851.0
2855,1,gGGGrrrrr,2856.0
2860,3,rrrrGGGGr,2864.0
2865,4,rrrrGGGrr,2869.0
2870,5,rrrryyyrr,2872.0
2875,0,gGGGrrrrG,2877.0
2880,1,gGGGrrrrr,2882.0
2885,3,rrrrGGGGr,2890.0
2890,4,rrrrGGGrr,2895.0
2895,5,rrrryyyrr,2898.0
2900,0,gGGGrrrrG,2903.0
2905,1,gGGGrrrrr,2908.0
2910,2,yyyyrrrrr,2911.0
2915,3,rrrrGGGGr,2916.0
2920,4,rrrrGGGrr,2921.0
2925,0,gGGGrrrrG,2929.0
2930,0,gGGGrrrrG,2931.0
2935,0,gGGGrrrrG,2936.0
2940,1,gGGGrrrrr,2943.0
2945,2,yyyyrrrrr,2946.0
2950,3,rrrrGGGGr,2951.0
2955,4,rrrrGGGrr,2956.0
2960,0,gGGGrrrrG,2964.0
2965,0,gGGGrrrrG,2966.0
2970,1,gGGGrrrrr,2973.0
2975,2,yyyyrrrrr,2976.0
2980,3,rrrrGGGGr,2981.0
2985,4,rrrrGGGrr,2986.0
2990,0,gGGGrrrrG,2994.0
2995,1,gGGGrrrrr,2999.0
3000,2,yyyyrrrrr,3002.0
3005,3,rrrrGGGGr,3007.0
3010,4,rrrrGGGrr,3012.0
3015,0,gGGGrrrrG,3020.0
3020,1,gGGGrrrrr,3025.0
3025,2,yyyyrrrrr,3028.0
3030,3,rrrrGGGGr,3033.0
3035,4,rrrrGGGrr,3038.0
3040,5,rrrryyyrr,3041.0
3045,0,gGGGrrrrG,3046.0
3050,1,gGGGrrrrr,3051.0
3055,3,rrrrGGGGr,3059.0
3060,3,rrrrGGGGr,3061.0
3065,4,rrrrGGGrr,3067.0
3070,0,gGGGrrrrG,3075.0
3075,1,gGGGrrrrr,3080.0
3080,2,yyyyrrrrr,3083.0
3085,3,rrrrGGGGr,3088.0
3090,4,rrrrGGGrr,3093.0
3095,5,rrrryyyrr,3096.0
3100,0,gGGGrrrrG,3101.0
3105,1,gGGGrrrrr,3106.0
3110,3,rrrrGGGGr,3114.0
3115,4,rrrrGGGrr,3119.0
3120,5,rrrryyyrr,3122.0
3125,0,gGGGrrrrG,3127.0
3130,1,gGGGrrrrr,3132.0
3135,3,rrrrGGGGr,3140.0
3140,4,rrrrGGGrr,3145.0
3145,5,rrrryyyrr,3148.0
3150,0,gGGGrrrrG,3153.0
3155,1,gGGGrrrrr,3158.0
3160,2,yyyyrrrrr,3161.0
3165,3,rrrrGGGGr,3166.0
3170,4,rrrrGGGrr,3171.0
3175,0,gGGGrrrrG,3179.0
3180,1,gGGGrrrrr,3184.0
3185,2,yyyyrrrrr,3187.0
3190,3,rrrrGGGGr,3192.0
3195,4,rrrrGGGrr,3197.0
3200,0,gGGGrrrrG,3205.0
3205,1,gGGGrrrrr,3210.0
3210,2,yyyyrrrrr,3213.0
3215,3,rrrrGGGGr,3218.0
3220,4,rrrrGGGrr,3223.0
3225,5,rrrryyyrr,3226.0
3230,0,gGGGrrrrG,3231.0
3235,1,gGGGrrrrr,3236.0
3240,3,rrrrGGGGr,3244.0
3245,4,rrrrGGGrr,3249.0
3250,5,rrrryyyrr,3252.0
3255,0,gGGGrrrrG,3257.0
3260,1,gGGGrrrrr,3263.0
3265,2,yyyyrrrrr,3266.0
3270,3,rrrrGGGGr,3271.0
3275,4,rrrrGGGrr,3276.0
3280,0,gGGGrrrrG,3284.0
3285,1,gGGGrrrrr,3289.0
3290,2,yyyyrrrrr,3292.0
3295,3,rrrrGGGGr,3297.0
3300,4,rrrrGGGrr,3302.0
3305,0,gGGGrrrrG,3310.0
3310,0,gGGGrrrrG,3312.0
3315,1,gGGGrrrrr,3318.0
3320,2,yyyyrrrrr,3321.0
3325,3,rrrrGGGGr,3326.0
3330,4,rrrrGGGrr,3331.0
3335,0,gGGGrrrrG,3339.0
3340,1,gGGGrrrrr,3344.0
3345,2,yyyyrrrrr,3347.0
3350,3,rrrrGGGGr,3352.0
3355,4,rrrrGGGrr,3357.0
3360,0,gGGGrrrrG,3365.0
3365,1,gGGGrrrrr,3370.0
3370,2,yyyyrrrrr,3373.0
3375,3,rrrrGGGGr,3378.0
3380,4,rrrrGGGrr,3383.0
3385,5,rrrryyyrr,3386.0
3390,0,gGGGrrrrG,3391.0
3395,1,gGGGrrrrr,3399.0
3400,2,yyyyrrrrr,3402.0
3405,3,rrrrGGGGr,3407.0
3410,4,rrrrGGGrr,3412.0
3415,0,gGGGrrrrG,3420.0
3420,1,gGGGrrrrr,3425.0
3425,2,yyyyrrrrr,3428.0
3430,3,rrrrGGGGr,3433.0
3435,4,rrrrGGGrr,3438.0
3440,5,rrrryyyrr,3441.0
3445,0,gGGGrrrrG,3446.0
3450,1,gGGGrrrrr,3451.0
3455,3,rrrrGGGGr,3459.0
3460,4,rrrrGGGrr,3464.0
3465,5,rrrryyyrr,3467.0
3470,0,gGGGrrrrG,3472.0
3475,1,gGGGrrrrr,3477.0
3480,3,rrrrGGGGr,3485.0
3485,4,rrrrGGGrr,3490.0
3490,5,rrrryyyrr,3493.0
3495,0,gGGGrrrrG,3498.0
3500,1,gGGGrrrrr,3503.0
3505,2,yyyyrrrrr,3506.0
3510,3,rrrrGGGGr,3511.0
3515,4,rrrrGGGrr,3516.0
3520,0,gGGGrrrrG,3524.0
3525,1,gGGGrrrrr,3529.0
3530,2,yyyyrrrrr,3532.0
3535,3,rrrrGGGGr,3537.0
3540,4,rrrrGGGrr,3542.0
3545,0,gGGGrrrrG,3550.0
3550,1,gGGGrrrrr,3555.0
3555,2,yyyyrrrrr,3558.0
3560,3,rrrrGGGGr,3563.0
3565,4,rrrrGGGrr,3568.0
3570,5,rrrryyyrr,3571.0
3575,0,gGGGrrrrG,3576.0
3580,1,gGGGrrrrr,3581.0
3585,3,rrrrGGGGr,3589.0
3590,4,rrrrGGGrr,3594.0
3595,5,rrrryyyrr,3597.0
3600,0,gGGGrrrrG,3602.0
3605,0,gGGGrrrrG,3606.0
3610,1,gGGGrrrrr,3611.0
3615,3,rrrrGGGGr,3619.0
3620,4,rrrrGGGrr,3624.0
3625,5,rrrryyyrr,3627.0
3630,0,gGGGrrrrG,3632.0
3635,1,gGGGrrrrr,3637.0
3640,3,rrrrGGGGr,3645.0
3645,4,rrrrGGGrr,3650.0
3650,5,rrrryyyrr,3653.0
3655,0,gGGGrrrrG,3658.0
3660,1,gGGGrrrrr,3663.0
3665,2,yyyyrrrrr,3666.0
3670,3,rrrrGGGGr,3671.0
3675,4,rrrrGGGrr,3676.0
3680,0,gGGGrrrrG,3684.0
3685,1,gGGGrrrrr,3689.0
3690,2,yyyyrrrrr,3692.0
3695,3,rrrrGGGGr,3697.0
3700,4,rrrrGGGrr,3702.0
3705,0,gGGGrrrrG,3710.0
3710,1,gGGGrrrrr,3715.0
3715,2,yyyyrrrrr,3718.0
3720,3,rrrrGGGGr,3723.0
3725,4,rrrrGGGrr,3728.0
3730,5,rrrryyyrr,3731.0
3735,0,gGGGrrrrG,3736.0
3740,1,gGGGrrrrr,3741.0
3745,3,rrrrGGGGr,3749.0
3750,4,rrrrGGGrr,3754.0
3755,5,rrrryyyrr,3757.0
3760,0,gGGGrrrrG,3762.0
3765,1,gGGGrrrrr,3767.0
3770,3,rrrrGGGGr,3775.0
3775,4,rrrrGGGrr,3780.0
3780,5,rrrryyyrr,3783.0
3785,0,gGGGrrrrG,3788.0
3790,1,gGGGrrrrr,3793.0
3795,2,yyyyrrrrr,3796.0
3800,3,rrrrGGGGr,3801.0
3805,4,rrrrGGGrr,3806.0
3810,0,gGGGrrrrG,3814.0
3815,1,gGGGrrrrr,3819.0
3820,2,yyyyrrrrr,3822.0
3825,3,rrrrGGGGr,3827.0
3830,4,rrrrGGGrr,3832.0
3835,0,gGGGrrrrG,3840.0
3840,1,gGGGrrrrr,3845.0
3845,2,yyyyrrrrr,3848.0
3850,3,rrrrGGGGr,3853.0
3855,4,rrrrGGGrr,3858.0
3860,5,rrrryyyrr,3861.0
3865,0,gGGGrrrrG,3866.0
3870,1,gGGGrrrrr,3871.0
3875,3,rrrrGGGGr,3879.0
3880,4,rrrrGGGrr,3884.0
3885,5,rrrryyyrr,3887.0
3890,0,gGGGrrrrG,3892.0
3895,1,gGGGrrrrr,3897.0
3900,3,rrrrGGGGr,3905.0
3905,4,rrrrGGGrr,3910.0
3910,5,rrrryyyrr,3913.0
3915,0,gGGGrrrrG,3918.0
3920,1,gGGGrrrrr,3923.0
3925,2,yyyyrrrrr,3926.0
3930,3,rrrrGGGGr,3931.0
3935,4,rrrrGGGrr,3936.0
3940,0,gGGGrrrrG,3944.0
3945,1,gGGGrrrrr,3949.0
3950,2,yyyyrrrrr,3952.0
3955,3,rrrrGGGGr,3957.0
3960,4,rrrrGGGrr,3962.0
3965,0,gGGGrrrrG,3970.0
3970,1,gGGGrrrrr,3975.0
3975,2,yyyyrrrrr,3978.0
3980,3,rrrrGGGGr,3983.0
3985,4,rrrrGGGrr,3988.0
3990,5,rrrryyyrr,3991.0
3995,0,gGGGrrrrG,3996.0
4000,1,gGGGrrrrr,4001.0
4005,3,rrrrGGGGr,4009.0
4010,4,rrrrGGGrr,4014.0
4015,5,rrrryyyrr,4017.0
4020,0,gGGGrrrrG,4022.0
4025,1,gGGGrrrrr,4027.0
4030,3,rrrrGGGGr,4035.0
4035,4,rrrrGGGrr,4040.0
4040,5,rrrryyyrr,4043.0
4045,0,gGGGrrrrG,4048.0
4050,1,gGGGrrrrr,4053.0
4055,2,yyyyrrrrr,4056.0
4060,3,rrrrGGGGr,4061.0
4065,4,rrrrGGGrr,4066.0
4070,0,gGGGrrrrG,4074.0
4075,1,gGGGrrrrr,4079.0
4080,2,yyyyrrrrr,4082.0
4085,3,rrrrGGGGr,4087.0
4090,4,rrrrGGGrr,4092.0
4095,0,gGGGrrrrG,4100.0
4100,1,gGGGrrrrr,4105.0
4105,2,yyyyrrrrr,4108.0
4110,3,rrrrGGGGr,4113.0
4115,4,rrrrGGGrr,4118.0
4120,5,rrrryyyrr,4121.0
4125,0,gGGGrrrrG,4126.0
4130,1,gGGGrrrrr,4131.0
4135,3,rrrrGGGGr,4139.0
4140,4,rrrrGGGrr,4144.0
4145,5,rrrryyyrr,4147.0
4150,0,gGGGrrrrG,4152.0
4155,1,gGGGrrrrr,4157.0
4160,3,rrrrGGGGr,4165.0
4165,4,rrrrGGGrr,4170.0
4170,5,rrrryyyrr,4173.0
4175,0,gGGGrrrrG,4178.0
4180,1,gGGGrrrrr,4183.0
4185,2,yyyyrrrrr,4186.0
4190,3,rrrrGGGGr,4191.0
4195,4,rrrrGGGrr,4196.0
4200,0,gGGGrrrrG,4204.0
4205,1,gGGGrrrrr,4209.0
4210,2,yyyyrrrrr,4212.0
4215,3,rrrrGGGGr,4217.0
4220,4,rrrrGGGrr,4222.0
4225,0,gGGGrrrrG,4230.0
4230,1,gGGGrrrrr,4235.0
4235,2,yyyyrrrrr,4238.0
4240,3,rrrrGGGGr,4243.0
4245,4,rrrrGGGrr,4248.0
4250,5,rrrryyyrr,4251.0
4255,0,gGGGrrrrG,4256.0
4260,1,gGGGrrrrr,4261.0
4265,3,rrrrGGGGr,4269.0
4270,4,rrrrGGGrr,4274.0
4275,5,rrrryyyrr,4277.0
4280,0,gGGGrrrrG,4282.0
4285,1,gGGGrrrrr,4287.0
4290,3,rrrrGGGGr,4295.0
4295,4,rrrrGGGrr,4300.0
4300,5,rrrryyyrr,4303.0
4305,0,gGGGrrrrG,4308.0
4310,1,gGGGrrrrr,4313.0
4315,2,yyyyrrrrr,4316.0
4320,3,rrrrGGGGr,4321.0
4325,4,rrrrGGGrr,4326.0
4330,0,gGGGrrrrG,4334.0
4335,1,gGGGrrrrr,4339.0
4340,2,yyyyrrrrr,4342.0
4345,3,rrrrGGGGr,4347.0
4350,4,rrrrGGGrr,4352.0
4355,0,gGGGrrrrG,4360.0
4360,1,gGGGrrrrr,4365.0
4365,2,yyyyrrrrr,4368.0
4370,3,rrrrGGGGr,4373.0
4375,4,rrrrGGGrr,4378.0
4380,5,rrrryyyrr,4381.0
4385,0,gGGGrrrrG,4386.0
4390,1,gGGGrrrrr,4391.0
4395,3,rrrrGGGGr,4399.0
4400,4,rrrrGGGrr,4404.0
4405,5,rrrryyyrr,4407.0
4410,0,gGGGrrrrG,4412.0
4415,1,gGGGrrrrr,4417.0
4420,3,rrrrGGGGr,4425.0
4425,4,rrrrGGGrr,4430.0
4430,5,rrrryyyrr,4433.0
4435,0,gGGGrrrrG,4438.0
4440,1,gGGGrrrrr,4443.0
4445,2,yyyyrrrrr,4446.0
4450,3,rrrrGGGGr,4451.0
4455,4,rrrrGGGrr,4456.0
4460,0,gGGGrrrrG,4464.0
4465,1,gGGGrrrrr,4469.0
4470,2,yyyyrrrrr,4472.0
4475,3,rrrrGGGGr,4477.0
4480,4,rrrrGGGrr,4482.0
4485,0,gGGGrrrrG,4490.0
4490,1,gGGGrrrrr,4495.0
4495,2,yyyyrrrrr,4498.0
4500,3,rrrrGGGGr,4503.0
4505,4,rrrrGGGrr,4508.0
4510,5,rrrryyyrr,4511.0
4515,0,gGGGrrrrG,4516.0
4520,1,gGGGrrrrr,4521.0
4525,3,rrrrGGGGr,4529.0
4530,4,rrrrGGGrr,4534.0
4535,5,rrrryyyrr,4537.0
4540,0,gGGGrrrrG,4542.0
4545,1,gGGGrrrrr,4547.0
4550,3,rrrrGGGGr,4555.0
4555,4,rrrrGGGrr,4560.0
4560,5,rrrryyyrr,4563.0
4565,0,gGGGrrrrG,4568.0
4570,1,gGGGrrrrr,4573.0
4575,2,yyyyrrrrr,4576.0
4580,3,rrrrGGGGr,4581.0
4585,4,rrrrGGGrr,4586.0
4590,0,gGGGrrrrG,4594.0
4595,1,gGGGrrrrr,4599.0
4600,2,yyyyrrrrr,4602.0
4605,3,rrrrGGGGr,4607.0
4610,4,rrrrGGGrr,4612.0
4615,0,gGGGrrrrG,4620.0
4620,1,gGGGrrrrr,4625.0
4625,2,yyyyrrrrr,4628.0
4630,3,rrrrGGGGr,4633.0
4635,4,rrrrGGGrr,4638.0
4640,5,rrrryyyrr,4641.0
4645,0,gGGGrrrrG,4646.0
4650,1,gGGGrrrrr,4651.0
4655,3,rrrrGGGGr,4659.0
4660,4,rrrrGGGrr,4664.0
4665,5,rrrryyyrr,4667.0
4670,0,gGGGrrrrG,4672.0
4675,1,gGGGrrrrr,4677.0
4680,3,rrrrGGGGr,4685.0
4685,4,rrrrGGGrr,4690.0
4690,5,rrrryyyrr,4693.0
4695,0,gGGGrrrrG,4698.0
4700,1,gGGGrrrrr,4703.0
4705,2,yyyyrrrrr,4706.0
4710,3,rrrrGGGGr,4711.0
4715,4,rrrrGGGrr,4716.0
4720,0,gGGGrrrrG,4724.0
4725,1,gGGGrrrrr,4729.0
4730,2,yyyyrrrrr,4732.0
4735,3,rrrrGGGGr,4737.0
4740,4,rrrrGGGrr,4742.0
4745,0,gGGGrrrrG,4750.0
4750,1,gGGGrrrrr,4755.0
4755,2,yyyyrrrrr,4758.0
4760,3,rrrrGGGGr,4763.0
4765,4,rrrrGGGrr,4768.0
4770,5,rrrryyyrr,4771.0
4775,0,gGGGrrrrG,4776.0
4780,1,gGGGrrrrr,4781.0
4785,3,rrrrGGGGr,4789.0
4790,4,rrrrGGGrr,4794.0
4795,5,rrrryyyrr,4797.0
4800,0,gGGGrrrrG,4802.0
4805,1,gGGGrrrrr,4807.0
4810,3,rrrrGGGGr,4815.0
4815,4,rrrrGGGrr,4820.0
4820,5,rrrryyyrr,4823.0
4825,0,gGGGrrrrG,4828.0
4830,1,gGGGrrrrr,4833.0
4835,2,yyyyrrrrr,4836.0
4840,3,rrrrGGGGr,4841.0
4845,4,rrrrGGGrr,4846.0
4850,0,gGGGrrrrG,4854.0
4855,1,gGGGrrrrr,4859.0
4860,2,yyyyrrrrr,4862.0
4865,3,rrrrGGGGr,4867.0
4870,4,rrrrGGGrr,4872.0
4875,0,gGGGrrrrG,4880.0
4880,1,gGGGrrrrr,4885.0
4885,2,yyyyrrrrr,4888.0
4890,3,rrrrGGGGr,4893.0
4895,4,rrrrGGGrr,4898.0
4900,5,rrrryyyrr,4901.0
4905,0,gGGGrrrrG,4906.0
4910,1,gGGGrrrrr,4911.0
4915,3,rrrrGGGGr,4919.0
4920,4,rrrrGGGrr,4924.0
4925,5,rrrryyyrr,4927.0
4930,0,gGGGrrrrG,4932.0
4935,1,gGGGrrrrr,4937.0
4940,3,rrrrGGGGr,4945.0
4945,4,rrrrGGGrr,4950.0
4950,5,rrrryyyrr,4953.0
4955,0,gGGGrrrrG,4958.0
4960,1,gGGGrrrrr,4963.0
4965,2,yyyyrrrrr,4966.0
4970,3,rrrrGGGGr,4971.0
4975,4,rrrrGGGrr,4976.0
4980,0,gGGGrrrrG,4984.0
4985,1,gGGGrrrrr,4989.0
4990,2,yyyyrrrrr,4992.0
4995,3,rrrrGGGGr,4997.0
5000,4,rrrrGGGrr,5002.0
5005,0,gGGGrrrrG,5010.0
5010,1,gGGGrrrrr,5015.0
5015,2,yyyyrrrrr,5018.0
5020,3,rrrrGGGGr,5023.0
5025,3,rrrrGGGGr,5026.0
5030,4,rrrrGGGrr,5031.0
5035,0,gGGGrrrrG,5039.0
5040,1,gGGGrrrrr,5044.0
5045,2,yyyyrrrrr,5047.0
5050,3,rrrrGGGGr,5052.0
5055,4,rrrrGGGrr,5057.0
5060,0,gGGGrrrrG,5065.0
5065,1,gGGGrrrrr,5070.0
5070,2,yyyyrrrrr,5073.0
5075,3,rrrrGGGGr,5078.0
5080,4,rrrrGGGrr,5083.0
5085,5,rrrryyyrr,5086.0
5090,0,gGGGrrrrG,5091.0
5095,1,gGGGrrrrr,5096.0
5100,3,rrrrGGGGr,5104.0
5105,4,rrrrGGGrr,5109.0
5110,5,rrrryyyrr,5112.0
5115,0,gGGGrrrrG,5117.0
5120,1,gGGGrrrrr,5122.0
5125,3,rrrrGGGGr,5130.0
5130,4,rrrrGGGrr,5135.0
5135,5,rrrryyyrr,5138.0
5140,0,gGGGrrrrG,5143.0
5145,1,gGGGrrrrr,5148.0
5150,2,yyyyrrrrr,5151.0
5155,3,rrrrGGGGr,5156.0
5160,4,rrrrGGGrr,5161.0
5165,0,gGGGrrrrG,5169.0
5170,1,gGGGrrrrr,5174.0
5175,2,yyyyrrrrr,5177.0
5180,3,rrrrGGGGr,5182.0
5185,4,rrrrGGGrr,5187.0
5190,0,gGGGrrrrG,5195.0
5195,1,gGGGrrrrr,5200.0
5200,2,yyyyrrrrr,5203.0
5205,3,rrrrGGGGr,5208.0
5210,4,rrrrGGGrr,5213.0
5215,5,rrrryyyrr,5216.0
5220,0,gGGGrrrrG,5221.0
5225,1,gGGGrrrrr,5226.0
5230,3,rrrrGGGGr,5234.0
5235,4,rrrrGGGrr,5239.0
5240,5,rrrryyyrr,5242.0
5245,0,gGGGrrrrG,5247.0
5250,1,gGGGrrrrr,5252.0
5255,3,rrrrGGGGr,5260.0
5260,4,rrrrGGGrr,5265.0
5265,5,rrrryyyrr,5268.0
5270,0,gGGGrrrrG,5273.0
5275,1,gGGGrrrrr,5278.0
5280,2,yyyyrrrrr,5281.0
5285,3,rrrrGGGGr,5286.0
5290,4,rrrrGGGrr,5291.0
5295,0,gGGGrrrrG,5299.0
5300,1,gGGGrrrrr,5304.0
5305,2,yyyyrrrrr,5307.0
5310,3,rrrrGGGGr,5312.0
5315,4,rrrrGGGrr,5317.0
5320,0,gGGGrrrrG,5325.0
5325,1,gGGGrrrrr,5330.0
5330,2,yyyyrrrrr,5333.0
5335,3,rrrrGGGGr,5338.0
5340,4,rrrrGGGrr,5343.0
5345,5,rrrryyyrr,5346.0
5350,0,gGGGrrrrG,5351.0
5355,1,gGGGrrrrr,5356.0
5360,3,rrrrGGGGr,5364.0
5365,4,rrrrGGGrr,5369.0
5370,5,rrrryyyrr,5372.0
5375,0,gGGGrrrrG,5377.0
5380,1,gGGGrrrrr,5382.0
5385,3,rrrrGGGGr,5390.0
5390,4,rrrrGGGrr,5395.0
5395,5,rrrryyyrr,5398.0
5400,0,gGGGrrrrG,5403.0
5405,1,gGGGrrrrr,5408.0
5410,2,yyyyrrrrr,5411.0
5415,3,rrrrGGGGr,5416.0
5420,4,rrrrGGGrr,5421.0
5425,0,gGGGrrrrG,5429.0
5430,1,gGGGrrrrr,5434.0
5435,2,yyyyrrrrr,5437.0
5440,3,rrrrGGGGr,5442.0
5445,4,rrrrGGGrr,5447.0
5450,0,gGGGrrrrG,5455.0
5455,1,gGGGrrrrr,5460.0
5460,2,yyyyrrrrr,5463.0
5465,3,rrrrGGGGr,5468.0
5470,4,rrrrGGGrr,5473.0
5475,5,rrrryyyrr,5476.0
5480,0,gGGGrrrrG,5481.0
5485,1,gGGGrrrrr,5486.0
5490,3,rrrrGGGGr,5494.0
5495,4,rrrrGGGrr,5499.0
5500,5,rrrryyyrr,5502.0
5505,0,gGGGrrrrG,5507.0
5510,1,gGGGrrrrr,5512.0
5515,3,rrrrGGGGr,5520.0
5520,4,rrrrGGGrr,5525.0
5525,5,rrrryyyrr,5528.0
5530,0,gGGGrrrrG,5533.0
5535,1,gGGGrrrrr,5538.0
5540,2,yyyyrrrrr,5541.0
5545,3,rrrrGGGGr,5546.0
5550,4,rrrrGGGrr,5551.0
5555,0,gGGGrrrrG,5559.0
5560,1,gGGGrrrrr,5564.0
5565,2,yyyyrrrrr,5567.0
5570,3,rrrrGGGGr,5572.0
5575,4,rrrrGGGrr,5577.0
5580,0,gGGGrrrrG,5585.0
5585,1,gGGGrrrrr,5590.0
5590,2,yyyyrrrrr,5593.0
5595,3,rrrrGGGGr,5598.0
5600,4,rrrrGGGrr,5603.0
5605,5,rrrryyyrr,5606.0
5610,0,gGGGrrrrG,5611.0
5615,1,gGGGrrrrr,5616.0
5620,3,rrrrGGGGr,5624.0
5625,4,rrrrGGGrr,5629.0
5630,5,rrrryyyrr,5632.0
5635,0,gGGGrrrrG,5637.0
5640,1,gGGGrrrrr,5642.0
5645,3,rrrrGGGGr,5650.0
5650,4,rrrrGGGrr,5655.0
5655,5,rrrryyyrr,5658.0
5660,0,gGGGrrrrG,5663.0
5665,1,gGGGrrrrr,5668.0
5670,2,yyyyrrrrr,5671.0
5675,3,rrrrGGGGr,5676.0
5680,4,rrrrGGGrr,5681.0
5685,0,gGGGrrrrG,5689.0
5690,1,gGGGrrrrr,5694.0
5695,2,yyyyrrrrr,5697.0
5700,3,rrrrGGGGr,5702.0
5705,4,rrrrGGGrr,5707.0
5710,0,gGGGrrrrG,5715.0
5715,1,gGGGrrrrr,5720.0
5720,2,yyyyrrrrr,5723.0
5725,3,rrrrGGGGr,5728.0
5730,4,rrrrGGGrr,5733.0
5735,5,rrrryyyrr,5736.0
5740,0,gGGGrrrrG,5741.0
5745,1,gGGGrrrrr,5746.0
5750,3,rrrrGGGGr,5754.0
5755,4,rrrrGGGrr,5759.0
5760,5,rrrryyyrr,5762.0
5765,0,gGGGrrrrG,5767.0
5770,1,gGGGrrrrr,5772.0
5775,3,rrrrGGGGr,5780.0
5780,4,rrrrGGGrr,5785.0
5785,5,rrrryyyrr,5788.0
5790,0,gGGGrrrrG,5793.0
5795,1,gGGGrrrrr,5798.0
5800,2,yyyyrrrrr,5801.0
5805,3,rrrrGGGGr,5806.0
5810,4,rrrrGGGrr,5811.0
5815,0,gGGGrrrrG,5819.0
5820,1,gGGGrrrrr,5824.0
5825,2,yyyyrrrrr,5827.0
5830,3,rrrrGGGGr,5832.0
5835,4,rrrrGGGrr,5837.0
5840,0,gGGGrrrrG,5845.0
5845,1,gGGGrrrrr,5850.0
5850,2,yyyyrrrrr,5853.0
5855,3,rrrrGGGGr,5858.0
5860,4,rrrrGGGrr,5863.0
5865,5,rrrryyyrr,5866.0
5870,0,gGGGrrrrG,5871.0
5875,1,gGGGrrrrr,5876.0
5880,3,rrrrGGGGr,5884.0
5885,4,rrrrGGGrr,5889.0
5890,5,rrrryyyrr,5892.0
5895,0,gGGGrrrrG,5897.0
5900,1,gGGGrrrrr,5902.0
5905,3,rrrrGGGGr,5910.0
5910,4,rrrrGGGrr,5915.0
5915,5,rrrryyyrr,5918.0
5920,0,gGGGrrrrG,5923.0
5925,1,gGGGrrrrr,5928.0
5930,2,yyyyrrrrr,5931.0
5935,3,rrrrGGGGr,5936.0
5940,4,rrrrGGGrr,5941.0
5945,0,gGGGrrrrG,5949.0
5950,1,gGGGrrrrr,5954.0
5955,2,yyyyrrrrr,5957.0
5960,3,rrrrGGGGr,5962.0
5965,4,rrrrGGGrr,5967.0
5970,0,gGGGrrrrG,5975.0
5975,1,gGGGrrrrr,5980.0
5980,2,yyyyrrrrr,5983.0
5985,3,rrrrGGGGr,5988.0
5990,4,rrrrGGGrr,5993.0
5995,5,rrrryyyrr,5996.0
6000,0,gGGGrrrrG,6001.0
6005,1,gGGGrrrrr,6006.0
6010,3,rrrrGGGGr,6014.0
6015,4,rrrrGGGrr,6019.0
6020,5,rrrryyyrr,6022.0
6025,0,gGGGrrrrG,6027.0
6030,1,gGGGrrrrr,6032.0
6035,3,rrrrGGGGr,6040.0
6040,4,rrrrGGGrr,6045.0
6045,5,rrrryyyrr,6048.0
6050,0,gGGGrrrrG,6053.0
6055,1,gGGGrrrrr,6058.0
6060,2,yyyyrrrrr,6061.0
6065,3,rrrrGGGGr,6066.0
6070,4,rrrrGGGrr,6071.0
6075,0,gGGGrrrrG,6079.0
6080,1,gGGGrrrrr,6084.0
6085,2,yyyyrrrrr,6087.0
6090,3,rrrrGGGGr,6092.0
6095,4,rrrrGGGrr,6097.0
6100,0,gGGGrrrrG,6105.0
6105,1,gGGGrrrrr,6110.0
6110,2,yyyyrrrrr,6113.0
6115,3,rrrrGGGGr,6118.0
6120,4,rrrrGGGrr,6123.0
6125,5,rrrryyyrr,6126.0
6130,0,gGGGrrrrG,6131.0
6135,1,gGGGrrrrr,6136.0
6140,3,rrrrGGGGr,6144.0
6145,4,rrrrGGGrr,6149.0
6150,5,rrrryyyrr,6152.0
6155,0,gGGGrrrrG,6157.0
6160,1,gGGGrrrrr,6162.0
6165,3,rrrrGGGGr,6170.0
6170,4,rrrrGGGrr,6175.0
6175,5,rrrryyyrr,6178.0
6180,0,gGGGrrrrG,6183.0
6185,1,gGGGrrrrr,6188.0
6190,2,yyyyrrrrr,6191.0
6195,3,rrrrGGGGr,6196.0
6200,4,rrrrGGGrr,6201.0
6205,0,gGGGrrrrG,6209.0
6210,1,gGGGrrrrr,6214.0
6215,2,yyyyrrrrr,6217.0
6220,3,rrrrGGGGr,6222.0
6225,4,rrrrGGGrr,6227.0
6230,0,gGGGrrrrG,6235.0
6235,1,gGGGrrrrr,6240.0
6240,2,yyyyrrrrr,6243.0
6245,3,rrrrGGGGr,6248.0
6250,4,rrrrGGGrr,6253.0
6255,5,rrrryyyrr,6256.0
6260,0,gGGGrrrrG,6261.0
6265,1,gGGGrrrrr,6266.0
6270,3,rrrrGGGGr,6274.0
6275,4,rrrrGGGrr,6279.0
6280,5,rrrryyyrr,6282.0
6285,0,gGGGrrrrG,6287.0
6290,1,gGGGrrrrr,6292.0
6295,3,rrrrGGGGr,6300.0
6300,4,rrrrGGGrr,6305.0
6305,5,rrrryyyrr,6308.0
6310,0,gGGGrrrrG,6313.0
6315,1,gGGGrrrrr,6318.0
6320,2,yyyyrrrrr,6321.0
6325,3,rrrrGGGGr,6326.0
6330,4,rrrrGGGrr,6331.0
6335,0,gGGGrrrrG,6339.0
6340,1,gGGGrrrrr,6344.0
6345,2,yyyyrrrrr,6347.0
6350,3,rrrrGGGGr,6352.0
6355,4,rrrrGGGrr,6357.0
6360,0,gGGGrrrrG,6365.0
6365,1,gGGGrrrrr,6370.0
6370,2,yyyyrrrrr,6373.0
6375,3,rrrrGGGGr,6378.0
6380,4,rrrrGGGrr,6383.0
6385,5,rrrryyyrr,6386.0
6390,0,gGGGrrrrG,6391.0
6395,1,gGGGrrrrr,6396.0
6400,3,rrrrGGGGr,6404.0
6405,4,rrrrGGGrr,6409.0
6410,5,rrrryyyrr,6412.0
6415,0,gGGGrrrrG,6417.0
6420,1,gGGGrrrrr,6422.0
6425,3,rrrrGGGGr,6430.0
6430,4,rrrrGGGrr,6435.0
6435,5,rrrryyyrr,6438.0
6440,0,gGGGrrrrG,6443.0
6445,1,gGGGrrrrr,6448.0
6450,2,yyyyrrrrr,6451.0
6455,3,rrrrGGGGr,6456.0
6460,4,rrrrGGGrr,6461.0
6465,0,gGGGrrrrG,6469.0
6470,1,gGGGrrrrr,6474.0
6475,2,yyyyrrrrr,6477.0
6480,3,rrrrGGGGr,6482.0
6485,4,rrrrGGGrr,6487.0
6490,0,gGGGrrrrG,6495.0
6495,1,gGGGrrrrr,6500.0
6500,2,yyyyrrrrr,6503.0
6505,3,rrrrGGGGr,6508.0
6510,4,rrrrGGGrr,6513.0
6515,5,rrrryyyrr,6516.0
6520,0,gGGGrrrrG,6521.0
6525,1,gGGGrrrrr,6526.0
6530,3,rrrrGGGGr,6534.0
6535,4,rrrrGGGrr,6539.0
6540,5,rrrryyyrr,6542.0
6545,0,gGGGrrrrG,6547.0
6550,1,gGGGrrrrr,6552.0
6555,3,rrrrGGGGr,6560.0
6560,4,rrrrGGGrr,6565.0
6565,5,rrrryyyrr,6568.0
6570,0,gGGGrrrrG,6573.0
6575,1,gGGGrrrrr,6578.0
6580,2,yyyyrrrrr,6581.0
6585,3,rrrrGGGGr,6586.0
6590,4,rrrrGGGrr,6591.0
6595,0,gGGGrrrrG,6599.0
6600,1,gGGGrrrrr,6604.0
6605,2,yyyyrrrrr,6607.0
6610,3,rrrrGGGGr,6612.0
6615,4,rrrrGGGrr,6617.0
6620,0,gGGGrrrrG,6625.0
6625,1,gGGGrrrrr,6630.0
6630,2,yyyyrrrrr,6633.0
6635,3,rrrrGGGGr,6638.0
6640,4,rrrrGGGrr,6643.0
6645,5,rrrryyyrr,6646.0
6650,0,gGGGrrrrG,6651.0
6655,1,gGGGrrrrr,6656.0
6660,3,rrrrGGGGr,6664.0
6665,4,rrrrGGGrr,6669.0
6670,5,rrrryyyrr,6672.0
6675,0,gGGGrrrrG,6677.0
6680,1,gGGGrrrrr,6682.0
6685,3,rrrrGGGGr,6690.0
6690,4,rrrrGGGrr,6695.0
6695,5,rrrryyyrr,6698.0
6700,0,gGGGrrrrG,6703.0
6705,1,gGGGrrrrr,6708.0
6710,2,yyyyrrrrr,6711.0
6715,3,rrrrGGGGr,6716.0
6720,4,rrrrGGGrr,6721.0
6725,0,gGGGrrrrG,6729.0
6730,1,gGGGrrrrr,6734.0
6735,2,yyyyrrrrr,6737.0
6740,3,rrrrGGGGr,6742.0
6745,4,rrrrGGGrr,6747.0
6750,0,gGGGrrrrG,6755.0
6755,1,gGGGrrrrr,6760.0
6760,2,yyyyrrrrr,6763.0
6765,3,rrrrGGGGr,6768.0
6770,4,rrrrGGGrr,6773.0
6775,5,rrrryyyrr,6776.0
6780,0,gGGGrrrrG,6781.0
6785,1,gGGGrrrrr,6786.0
6790,3,rrrrGGGGr,6794.0
6795,4,rrrrGGGrr,6799.0
6800,5,rrrryyyrr,6802.0
6805,0,gGGGrrrrG,6807.0
6810,1,gGGGrrrrr,6812.0
6815,3,rrrrGGGGr,6820.0
6820,4,rrrrGGGrr,6825.0
6825,5,rrrryyyrr,6828.0
6830,0,gGGGrrrrG,6833.0
6835,1,gGGGrrrrr,6838.0
6840,2,yyyyrrrrr,6841.0
6845,3,rrrrGGGGr,6846.0
6850,4,rrrrGGGrr,6851.0
6855,0,gGGGrrrrG,6859.0
6860,1,gGGGrrrrr,6864.0
6865,2,yyyyrrrrr,6867.0
6870,3,rrrrGGGGr,6872.0
6875,4,rrrrGGGrr,6877.0
6880,0,gGGGrrrrG,6885.0
6885,1,gGGGrrrrr,6890.0
6890,2,yyyyrrrrr,6893.0
6895,3,rrrrGGGGr,6898.0
6900,4,rrrrGGGrr,6903.0
6905,5,rrrryyyrr,6906.0
6910,0,gGGGrrrrG,6911.0
6915,1,gGGGrrrrr,6916.0
6920,3,rrrrGGGGr,6924.0
6925,4,rrrrGGGrr,6929.0
6930,5,rrrryyyrr,6932.0
6935,0,gGGGrrrrG,6937.0
6940,1,gGGGrrrrr,6942.0
6945,3,rrrrGGGGr,6950.0
6950,4,rrrrGGGrr,6955.0
6955,5,rrrryyyrr,6958.0
6960,0,gGGGrrrrG,6963.0
6965,1,gGGGrrrrr,6968.0
6970,2,yyyyrrrrr,6971.0
6975,3,rrrrGGGGr,6976.0
6980,4,rrrrGGGrr,6981.0
6985,0,gGGGrrrrG,6989.0
6990,1,gGGGrrrrr,6994.0
6995,2,yyyyrrrrr,6997.0
7000,3,rrrrGGGGr,7002.0
7005,4,rrrrGGGrr,7007.0
7010,0,gGGGrrrrG,7015.0
7015,1,gGGGrrrrr,7020.0
7020,2,yyyyrrrrr,7023.0
7025,3,rrrrGGGGr,7028.0
7030,4,rrrrGGGrr,7033.0
7035,5,rrrryyyrr,7036.0
7040,0,gGGGrrrrG,7041.0
7045,1,gGGGrrrrr,7046.0
7050,3,rrrrGGGGr,7054.0
7055,4,rrrrGGGrr,7059.0
7060,5,rrrryyyrr,7062.0
7065,0,gGGGrrrrG,7067.0
7070,1,gGGGrrrrr,7072.0
7075,3,rrrrGGGGr,7080.0
7080,4,rrrrGGGrr,7085.0
7085,5,rrrryyyrr,7088.0
7090,0,gGGGrrrrG,7093.0
7095,1,gGGGrrrrr,7098.0
7100,2,yyyyrrrrr,7101.0
7105,3,rrrrGGGGr,7106.0
7110,4,rrrrGGGrr,7111.0
7115,0,gGGGrrrrG,7119.0
7120,1,gGGGrrrrr,7124.0
7125,2,yyyyrrrrr,7127.0
7130,3,rrrrGGGGr,7132.0
7135,4,rrrrGGGrr,7137.0
7140,0,gGGGrrrrG,7145.0
7145,1,gGGGrrrrr,7150.0
7150,2,yyyyrrrrr,7153.0
7155,3,rrrrGGGGr,7158.0
7160,4,rrrrGGGrr,7163.0
7165,5,rrrryyyrr,7166.0
7170,0,gGGGrrrrG,7171.0
7175,1,gGGGrrrrr,7176.0
7180,3,rrrrGGGGr,7184.0
7185,4,rrrrGGGrr,7189.0
7190,5,rrrryyyrr,7192.0
7195,0,gGGGrrrrG,7197.0
7200,1,gGGGrrrrr,7202.0
7205,3,rrrrGGGGr,7210.0
7210,4,rrrrGGGrr,7215.0
7215,5,rrrryyyrr,7218.0
7220,0,gGGGrrrrG,7223.0
7225,1,gGGGrrrrr,7228.0
7230,2,yyyyrrrrr,7231.0
7235,3,rrrrGGGGr,7236.0
7240,4,rrrrGGGrr,7241.0
7245,0,gGGGrrrrG,7249.0
7250,1,gGGGrrrrr,7254.0
7255,2,yyyyrrrrr,7257.0
7260,3,rrrrGGGGr,7262.0
7265,4,rrrrGGGrr,7267.0
7270,0,gGGGrrrrG,7275.0
7275,1,gGGGrrrrr,7280.0
7280,2,yyyyrrrrr,7283.0
7285,3,rrrrGGGGr,7288.0
7290,4,rrrrGGGrr,7293.0
7295,5,rrrryyyrr,7296.0
7300,0,gGGGrrrrG,7301.0
7305,1,gGGGrrrrr,7306.0
7310,3,rrrrGGGGr,7314.0
7315,4,rrrrGGGrr,7319.0
7320,5,rrrryyyrr,7322.0
7325,0,gGGGrrrrG,7327.0
7330,1,gGGGrrrrr,7332.0
7335,3,rrrrGGGGr,7340.0
7340,4,rrrrGGGrr,7345.0
7345,5,rrrryyyrr,7348.0
7350,0,gGGGrrrrG,7353.0
7355,1,gGGGrrrrr,7358.0
7360,2,yyyyrrrrr,7361.0
7365,3,rrrrGGGGr,7366.0
7370,4,rrrrGGGrr,7371.0
7375,0,gGGGrrrrG,7379.0
7380,1,gGGGrrrrr,7384.0
7385,2,yyyyrrrrr,7387.0
7390,3,rrrrGGGGr,7392.0
7395,4,rrrrGGGrr,7397.0
7400,0,gGGGrrrrG,7405.0
7405,1,gGGGrrrrr,7410.0
7410,2,yyyyrrrrr,7413.0
7415,3,rrrrGGGGr,7418.0
7420,4,rrrrGGGrr,7423.0
7425,5,rrrryyyrr,7426.0
7430,0,gGGGrrrrG,7431.0
7435,1,gGGGrrrrr,7436.0
7440,3,rrrrGGGGr,7444.0
7445,4,rrrrGGGrr,7449.0
7450,5,rrrryyyrr,7452.0
7455,0,gGGGrrrrG,7457.0
7460,1,gGGGrrrrr,7462.0
7465,3,rrrrGGGGr,7470.0
7470,4,rrrrGGGrr,7475.0
7475,5,rrrryyyrr,7478.0
7480,0,gGGGrrrrG,7483.0
7485,1,gGGGrrrrr,7488.0
7490,2,yyyyrrrrr,7491.0
7495,3,rrrrGGGGr,7496.0
7500,4,rrrrGGGrr,7501.0
7505,0,gGGGrrrrG,7509.0
7510,1,gGGGrrrrr,7514.0
7515,2,yyyyrrrrr,7517.0
7520,3,rrrrGGGGr,7522.0
7525,4,rrrrGGGrr,7527.0
7530,0,gGGGrrrrG,7535.0
7535,1,gGGGrrrrr,7540.0
7540,2,yyyyrrrrr,7543.0
7545,3,rrrrGGGGr,7548.0
7550,4,rrrrGGGrr,7553.0
7555,5,rrrryyyrr,7556.0
7560,0,gGGGrrrrG,7561.0
7565,1,gGGGrrrrr,7566.0
7570,3,rrrrGGGGr,7574.0
7575,4,rrrrGGGrr,7579.0
7580,5,rrrryyyrr,7582.0
7585,0,gGGGrrrrG,7587.0
7590,1,gGGGrrrrr,7592.0
7595,3,rrrrGGGGr,7600.0
7600,4,rrrrGGGrr,7605.0
7605,5,rrrryyyrr,7608.0
7610,0,gGGGrrrrG,7613.0
7615,1,gGGGrrrrr,7618.0
7620,2,yyyyrrrrr,7621.0
7625,3,rrrrGGGGr,7626.0
7630,4,rrrrGGGrr,7631.0
7635,0,gGGGrrrrG,7639.0
7640,1,gGGGrrrrr,7644.0
7645,2,yyyyrrrrr,7647.0
7650,3,rrrrGGGGr,7652.0
7655,4,rrrrGGGrr,7657.0
7660,0,gGGGrrrrG,7665.0
7665,1,gGGGrrrrr,7670.0
7670,2,yyyyrrrrr,7673.0
7675,3,rrrrGGGGr,7678.0
7680,4,rrrrGGGrr,7683.0
7685,5,rrrryyyrr,7686.0
7690,0,gGGGrrrrG,7691.0
7695,1,gGGGrrrrr,7696.0
7700,3,rrrrGGGGr,7704.0
7705,4,rrrrGGGrr,7709.0
7710,5,rrrryyyrr,7712.0
7715,0,gGGGrrrrG,7717.0
7720,1,gGGGrrrrr,7722.0
7725,3,rrrrGGGGr,7730.0
7730,4,rrrrGGGrr,7735.0
7735,5,rrrryyyrr,7738.0
7740,0,gGGGrrrrG,7743.0
7745,1,gGGGrrrrr,7748.0
7750,2,yyyyrrrrr,7751.0
7755,3,rrrrGGGGr,7756.0
7760,4,rrrrGGGrr,7761.0
7765,0,gGGGrrrrG,7769.0
7770,1,gGGGrrrrr,7774.0
7775,2,yyyyrrrrr,7777.0
7780,3,rrrrGGGGr,7782.0
7785,4,rrrrGGGrr,7787.0
7790,0,gGGGrrrrG,7795.0
7795,1,gGGGrrrrr,7800.0
7800,2,yyyyrrrrr,7803.0
7805,3,rrrrGGGGr,7808.0
7810,4,rrrrGGGrr,7813.0
7815,5,rrrryyyrr,7816.0
7820,0,gGGGrrrrG,7821.0
7825,1,gGGGrrrrr,7826.0
7830,3,rrrrGGGGr,7834.0
7835,4,rrrrGGGrr,7839.0
7840,5,rrrryyyrr,7842.0
7845,0,gGGGrrrrG,7847.0
7850,1,gGGGrrrrr,7852.0
7855,3,rrrrGGGGr,7860.0
7860,4,rrrrGGGrr,7865.0
7865,5,rrrryyyrr,7868.0
7870,0,gGGGrrrrG,7873.0
7875,1,gGGGrrrrr,7878.0
7880,2,yyyyrrrrr,7881.0
7885,3,rrrrGGGGr,7886.0
7890,4,rrrrGGGrr,7891.0
7895,0,gGGGrrrrG,7899.0
7900,1,gGGGrrrrr,7904.0
7905,2,yyyyrrrrr,7907.0
7910,3,rrrrGGGGr,7912.0
7915,4,rrrrGGGrr,7917.0
7920,0,gGGGrrrrG,7925.0
7925,1,gGGGrrrrr,7930.0
7930,2,yyyyrrrrr,7933.0
7935,3,rrrrGGGGr,7938.0
7940,4,rrrrGGGrr,7943.0
7945,5,rrrryyyrr,7946.0
7950,0,gGGGrrrrG,7951.0
7955,1,gGGGrrrrr,7956.0
7960,3,rrrrGGGGr,7964.0
7965,4,rrrrGGGrr,7969.0
7970,5,rrrryyyrr,7972.0
7975,0,gGGGrrrrG,7977.0
7980,1,gGGGrrrrr,7982.0
7985,3,rrrrGGGGr,7990.0
7990,4,rrrrGGGrr,7995.0
7995,5,rrrryyyrr,7998.0
8000,0,gGGGrrrrG,8003.0
8005,1,gGGGrrrrr,8008.0
8010,2,yyyyrrrrr,8011.0
8015,3,rrrrGGGGr,8016.0
8020,4,rrrrGGGrr,8021.0
8025,0,gGGGrrrrG,8029.0
8030,1,gGGGrrrrr,8034.0
8035,2,yyyyrrrrr,8037.0
8040,3,rrrrGGGGr,8042.0
8045,4,rrrrGGGrr,8047.0
8050,0,gGGGrrrrG,8055.0
8055,1,gGGGrrrrr,8060.0
8060,2,yyyyrrrrr,8063.0
8065,3,rrrrGGGGr,8068.0
8070,4,rrrrGGGrr,8073.0
8075,5,rrrryyyrr,8076.0
8080,0,gGGGrrrrG,8081.0
8085,1,gGGGrrrrr,8086.0
8090,3,rrrrGGGGr,8094.0
8095,4,rrrrGGGrr,8099.0
8100,5,rrrryyyrr,8102.0
8105,0,gGGGrrrrG,8107.0
8110,1,gGGGrrrrr,8112.0
8115,3,rrrrGGGGr,8120.0
8120,4,rrrrGGGrr,8125.0
8125,5,rrrryyyrr,8128.0
8130,0,gGGGrrrrG,8133.0
8135,1,gGGGrrrrr,8138.0
8140,2,yyyyrrrrr,8141.0
8145,3,rrrrGGGGr,8146.0
8150,4,rrrrGGGrr,8151.0
8155,0,gGGGrrrrG,8159.0
8160,1,gGGGrrrrr,8164.0
8165,2,yyyyrrrrr,8167.0
8170,3,rrrrGGGGr,8172.0
8175,4,rrrrGGGrr,8177.0
8180,0,gGGGrrrrG,8185.0
8185,1,gGGGrrrrr,8190.0
8190,2,yyyyrrrrr,8193.0
8195,3,rrrrGGGGr,8198.0
8200,4,rrrrGGGrr,8203.0
8205,5,rrrryyyrr,8206.0
8210,0,gGGGrrrrG,8211.0
8215,1,gGGGrrrrr,8216.0
8220,3,rrrrGGGGr,8224.0
8225,4,rrrrGGGrr,8229.0
8230,5,rrrryyyrr,8232.0
8235,0,gGGGrrrrG,8237.0
8240,1,gGGGrrrrr,8242.0
8245,3,rrrrGGGGr,8250.0
8250,4,rrrrGGGrr,8255.0
8255,5,rrrryyyrr,8258.0
8260,0,gGGGrrrrG,8263.0
8265,1,gGGGrrrrr,8268.0
8270,2,yyyyrrrrr,8271.0
8275,3,rrrrGGGGr,8276.0
8280,4,rrrrGGGrr,8281.0
8285,0,gGGGrrrrG,8289.0
8290,1,gGGGrrrrr,8294.0
8295,2,yyyyrrrrr,8297.0
8300,3,rrrrGGGGr,8302.0
8305,4,rrrrGGGrr,8307.0
8310,0,gGGGrrrrG,8315.0
8315,1,gGGGrrrrr,8320.0
8320,2,yyyyrrrrr,8323.0
8325,3,rrrrGGGGr,8328.0
8330,4,rrrrGGGrr,8333.0
8335,5,rrrryyyrr,8336.0
8340,0,gGGGrrrrG,8341.0
8345,1,gGGGrrrrr,8346.0
8350,3,rrrrGGGGr,8354.0
8355,4,rrrrGGGrr,8359.0
8360,5,rrrryyyrr,8362.0
8365,0,gGGGrrrrG,8367.0
8370,1,gGGGrrrrr,8372.0
8375,3,rrrrGGGGr,8380.0
8380,4,rrrrGGGrr,8385.0
8385,5,rrrryyyrr,8388.0
8390,0,gGGGrrrrG,8393.0
8395,1,gGGGrrrrr,8398.0
8400,2,yyyyrrrrr,8401.0
8405,3,rrrrGGGGr,8406.0
8410,4,rrrrGGGrr,8411.0
8415,0,gGGGrrrrG,8419.0
8420,1,gGGGrrrrr,8424.0
8425,2,yyyyrrrrr,8427.0
8430,3,rrrrGGGGr,8432.0
8435,4,rrrrGGGrr,8437.0
8440,0,gGGGrrrrG,8445.0
8445,1,gGGGrrrrr,8450.0
8450,2,yyyyrrrrr,8453.0
8455,3,rrrrGGGGr,8458.0
8460,4,rrrrGGGrr,8463.0
8465,5,rrrryyyrr,8466.0
8470,0,gGGGrrrrG,8471.0
8475,1,gGGGrrrrr,8476.0
8480,3,rrrrGGGGr,8484.0
8485,4,rrrrGGGrr,8489.0
8490,5,rrrryyyrr,8492.0
8495,0,gGGGrrrrG,8497.0
8500,1,gGGGrrrrr,8502.0
8505,3,rrrrGGGGr,8510.0
8510,4,rrrrGGGrr,8515.0
8515,5,rrrryyyrr,8518.0
8520,0,gGGGrrrrG,8523.0
8525,1,gGGGrrrrr,8528.0
8530,2,yyyyrrrrr,8531.0
8535,3,rrrrGGGGr,8536.0
8540,4,rrrrGGGrr,8541.0
8545,0,gGGGrrrrG,8549.0
8550,1,gGGGrrrrr,8554.0
8555,2,yyyyrrrrr,8557.0
8560,3,rrrrGGGGr,8562.0
8565,4,rrrrGGGrr,8567.0
8570,0,gGGGrrrrG,8575.0
8575,1,gGGGrrrrr,8580.0
8580,2,yyyyrrrrr,8583.0
8585,3,rrrrGGGGr,8588.0
8590,4,rrrrGGGrr,8593.0
8595,5,rrrryyyrr,8596.0
8600,0,gGGGrrrrG,8601.0
8605,1,gGGGrrrrr,8606.0
8610,3,rrrrGGGGr,8614.0
8615,4,rrrrGGGrr,8619.0
8620,5,rrrryyyrr,8622.0
8625,0,gGGGrrrrG,8627.0
8630,1,gGGGrrrrr,8632.0
8635,3,rrrrGGGGr,8640.0
8640,4,rrrrGGGrr,8645.0
8645,5,rrrryyyrr,8648.0
8650,0,gGGGrrrrG,8653.0
8655,1,gGGGrrrrr,8658.0
8660,2,yyyyrrrrr,8661.0
8665,3,rrrrGGGGr,8666.0
8670,4,rrrrGGGrr,8671.0
8675,0,gGGGrrrrG,8679.0
8680,1,gGGGrrrrr,8684.0
8685,2,yyyyrrrrr,8687.0
8690,3,rrrrGGGGr,8692.0
8695,4,rrrrGGGrr,8697.0
8700,0,gGGGrrrrG,8705.0
8705,1,gGGGrrrrr,8710.0
8710,2,yyyyrrrrr,8713.0
8715,3,rrrrGGGGr,8718.0
8720,4,rrrrGGGrr,8723.0
8725,5,rrrryyyrr,8726.0
8730,0,gGGGrrrrG,8731.0
8735,1,gGGGrrrrr,8736.0
8740,3,rrrrGGGGr,8744.0
8745,4,rrrrGGGrr,8749.0
8750,5,rrrryyyrr,8752.0
8755,0,gGGGrrrrG,8757.0
8760,1,gGGGrrrrr,8762.0
8765,3,rrrrGGGGr,8770.0
8770,4,rrrrGGGrr,8775.0
8775,5,rrrryyyrr,8778.0
8780,0,gGGGrrrrG,8783.0
8785,1,gGGGrrrrr,8788.0
8790,2,yyyyrrrrr,8791.0
8795,3,rrrrGGGGr,8796.0
8800,4,rrrrGGGrr,8801.0
8805,0,gGGGrrrrG,8809.0
8810,1,gGGGrrrrr,8814.0
8815,2,yyyyrrrrr,8817.0
8820,3,rrrrGGGGr,8822.0
8825,4,rrrrGGGrr,8827.0
8830,0,gGGGrrrrG,8835.0
8835,1,gGGGrrrrr,8840.0
8840,2,yyyyrrrrr,8843.0
8845,3,rrrrGGGGr,8848.0
8850,4,rrrrGGGrr,8853.0
8855,5,rrrryyyrr,8856.0
8860,0,gGGGrrrrG,8861.0
8865,1,gGGGrrrrr,8866.0
8870,3,rrrrGGGGr,8874.0
8875,4,rrrrGGGrr,8879.0
8880,5,rrrryyyrr,8882.0
8885,0,gGGGrrrrG,8887.0
8890,1,gGGGrrrrr,8892.0
8895,3,rrrrGGGGr,8900.0
8900,4,rrrrGGGrr,8905.0
8905,5,rrrryyyrr,8908.0
8910,0,gGGGrrrrG,8913.0
8915,1,gGGGrrrrr,8918.0
8920,2,yyyyrrrrr,8921.0
8925,3,rrrrGGGGr,8926.0
8930,4,rrrrGGGrr,8931.0
8935,0,gGGGrrrrG,8939.0
8940,1,gGGGrrrrr,8944.0
8945,2,yyyyrrrrr,8947.0
8950,3,rrrrGGGGr,8952.0
8955,4,rrrrGGGrr,8957.0
8960,0,gGGGrrrrG,8965.0
8965,1,gGGGrrrrr,8970.0
8970,2,yyyyrrrrr,8973.0
8975,3,rrrrGGGGr,8978.0
8980,4,rrrrGGGrr,8983.0
8985,5,rrrryyyrr,8986.0
8990,0,gGGGrrrrG,8991.0
8995,1,gGGGrrrrr,8996.0
9000,3,rrrrGGGGr,9004.0
9005,4,rrrrGGGrr,9009.0
9010,5,rrrryyyrr,9012.0
9015,0,gGGGrrrrG,9017.0
9020,1,gGGGrrrrr,9022.0
9025,3,rrrrGGGGr,9030.0
9030,4,rrrrGGGrr,9035.0
9035,5,rrrryyyrr,9038.0
9040,0,gGGGrrrrG,9043.0
9045,1,gGGGrrrrr,9048.0
9050,2,yyyyrrrrr,9051.0
9055,3,rrrrGGGGr,9056.0
9060,4,rrrrGGGrr,9061.0
9065,0,gGGGrrrrG,9069.0
9070,1,gGGGrrrrr,9074.0
9075,2,yyyyrrrrr,9077.0
9080,3,rrrrGGGGr,9082.0
9085,4,rrrrGGGrr,9087.0
9090,0,gGGGrrrrG,9095.0
9095,1,gGGGrrrrr,9100.0
9100,2,yyyyrrrrr,9103.0
9105,3,rrrrGGGGr,9108.0
9110,4,rrrrGGGrr,9113.0
9115,5,rrrryyyrr,9116.0
9120,0,gGGGrrrrG,9121.0
9125,1,gGGGrrrrr,9126.0
9130,3,rrrrGGGGr,9134.0
9135,4,rrrrGGGrr,9139.0
9140,5,rrrryyyrr,9142.0
9145,0,gGGGrrrrG,9147.0
9150,1,gGGGrrrrr,9152.0
9155,3,rrrrGGGGr,9160.0
9160,4,rrrrGGGrr,9165.0
9165,5,rrrryyyrr,9168.0
9170,0,gGGGrrrrG,9173.0
9175,1,gGGGrrrrr,9178.0
9180,2,yyyyrrrrr,9181.0
9185,3,rrrrGGGGr,9186.0
9190,4,rrrrGGGrr,9191.0
9195,0,gGGGrrrrG,9199.0
9200,1,gGGGrrrrr,9204.0
9205,2,yyyyrrrrr,9207.0
9210,3,rrrrGGGGr,9212.0
9215,4,rrrrGGGrr,9217.0
9220,0,gGGGrrrrG,9225.0
9225,1,gGGGrrrrr,9230.0
9230,2,yyyyrrrrr,9233.0
9235,3,rrrrGGGGr,9238.0
9240,4,rrrrGGGrr,9243.0
9245,5,rrrryyyrr,9246.0
9250,0,gGGGrrrrG,9251.0
9255,1,gGGGrrrrr,9256.0
9260,3,rrrrGGGGr,9264.0
9265,4,rrrrGGGrr,9269.0
9270,5,rrrryyyrr,9272.0
9275,0,gGGGrrrrG,9277.0
9280,1,gGGGrrrrr,9282.0
9285,3,rrrrGGGGr,9290.0
9290,4,rrrrGGGrr,9295.0
9295,5,rrrryyyrr,9298.0
9300,0,gGGGrrrrG,9303.0
9305,1,gGGGrrrrr,9308.0
9310,2,yyyyrrrrr,9311.0
9315,3,rrrrGGGGr,9316.0
9320,4,rrrrGGGrr,9321.0
9325,0,gGGGrrrrG,9329.0
9330,1,gGGGrrrrr,9334.0
9335,2,yyyyrrrrr,9337.0
9340,3,rrrrGGGGr,9342.0
9345,4,rrrrGGGrr,9347.0
9350,0,gGGGrrrrG,9355.0
9355,1,gGGGrrrrr,9360.0
9360,2,yyyyrrrrr,9363.0
9365,3,rrrrGGGGr,9368.0
9370,4,rrrrGGGrr,9373.0
9375,5,rrrryyyrr,9376.0
9380,0,gGGGrrrrG,9381.0
9385,1,gGGGrrrrr,9386.0
9390,3,rrrrGGGGr,9394.0
9395,4,rrrrGGGrr,9399.0
9400,5,rrrryyyrr,9402.0
9405,0,gGGGrrrrG,9407.0
9410,1,gGGGrrrrr,9412.0
9415,3,rrrrGGGGr,9420.0
9420,4,rrrrGGGrr,9425.0
9425,5,rrrryyyrr,9428.0
9430,0,gGGGrrrrG,9433.0
9435,1,gGGGrrrrr,9438.0
9440,2,yyyyrrrrr,9441.0
9445,3,rrrrGGGGr,9446.0
9450,4,rrrrGGGrr,9451.0
9455,0,gGGGrrrrG,9459.0
9460,1,gGGGrrrrr,9464.0
9465,2,yyyyrrrrr,9467.0
9470,3,rrrrGGGGr,9472.0
9475,4,rrrrGGGrr,9477.0
9480,0,gGGGrrrrG,9485.0
9485,1,gGGGrrrrr,9490.0
9490,2,yyyyrrrrr,9493.0
9495,3,rrrrGGGGr,9498.0
9500,4,rrrrGGGrr,9503.0
9505,5,rrrryyyrr,9506.0
9510,0,gGGGrrrrG,9511.0
9515,1,gGGGrrrrr,9516.0
9520,3,rrrrGGGGr,9524.0
9525,4,rrrrGGGrr,9529.0
9530,5,rrrryyyrr,9532.0
9535,0,gGGGrrrrG,9537.0
9540,1,gGGGrrrrr,9542.0
9545,3,rrrrGGGGr,9550.0
9550,4,rrrrGGGrr,9555.0
9555,5,rrrryyyrr,9558.0
9560,0,gGGGrrrrG,9563.0
9565,1,gGGGrrrrr,9568.0
9570,2,yyyyrrrrr,9571.0
9575,3,rrrrGGGGr,9576.0
9580,4,rrrrGGGrr,9581.0
9585,0,gGGGrrrrG,9589.0
9590,1,gGGGrrrrr,9594.0
9595,2,yyyyrrrrr,9597.0
9600,3,rrrrGGGGr,9602.0
9605,4,rrrrGGGrr,9607.0
9610,0,gGGGrrrrG,9615.0
9615,1,gGGGrrrrr,9620.0
9620,2,yyyyrrrrr,9623.0
9625,3,rrrrGGGGr,9628.0
9630,4,rrrrGGGrr,9633.0
9635,5,rrrryyyrr,9636.0
9640,0,gGGGrrrrG,9641.0
9645,1,gGGGrrrrr,9646.0
9650,3,rrrrGGGGr,9654.0
9655,4,rrrrGGGrr,9659.0
9660,5,rrrryyyrr,9662.0
9665,0,gGGGrrrrG,9667.0
9670,1,gGGGrrrrr,9672.0
9675,3,rrrrGGGGr,9680.0
9680,4,rrrrGGGrr,9685.0
9685,5,rrrryyyrr,9688.0
9690,0,gGGGrrrrG,9693.0
9695,1,gGGGrrrrr,9698.0
9700,2,yyyyrrrrr,9701.0
9705,3,rrrrGGGGr,9706.0
9710,4,rrrrGGGrr,9711.0
9715,0,gGGGrrrrG,9719.0
9720,1,gGGGrrrrr,9724.0
9725,2,yyyyrrrrr,9727.0
9730,3,rrrrGGGGr,9732.0
9735,4,rrrrGGGrr,9737.0
9740,0,gGGGrrrrG,9745.0
9745,1,gGGGrrrrr,9750.0
9750,2,yyyyrrrrr,9753.0
9755,3,rrrrGGGGr,9758.0
9760,4,rrrrGGGrr,9763.0
9765,5,rrrryyyrr,9766.0
9770,0,gGGGrrrrG,9771.0
9775,1,gGGGrrrrr,9776.0
9780,3,rrrrGGGGr,9784.0
9785,4,rrrrGGGrr,9789.0
9790,5,rrrryyyrr,9792.0
9795,0,gGGGrrrrG,9797.0
9800,1,gGGGrrrrr,9802.0
9805,3,rrrrGGGGr,9810.0
9810,4,rrrrGGGrr,9815.0
9815,5,rrrryyyrr,9818.0
9820,0,gGGGrrrrG,9823.0
9825,1,gGGGrrrrr,9828.0
9830,2,yyyyrrrrr,9831.0
9835,3,rrrrGGGGr,9836.0
9840,4,rrrrGGGrr,9841.0
9845,0,gGGGrrrrG,9849.0
9850,1,gGGGrrrrr,9854.0
9855,2,yyyyrrrrr,9857.0
9860,3,rrrrGGGGr,9862.0
9865,4,rrrrGGGrr,9867.0
9870,0,gGGGrrrrG,9875.0
9875,1,gGGGrrrrr,9880.0
9880,2,yyyyrrrrr,9883.0
9885,3,rrrrGGGGr,9888.0
9890,4,rrrrGGGrr,9893.0
9895,5,rrrryyyrr,9896.0
9900,0,gGGGrrrrG,9901.0
9905,1,gGGGrrrrr,9906.0
9910,3,rrrrGGGGr,9914.0
9915,4,rrrrGGGrr,9919.0
9920,5,rrrryyyrr,9922.0
9925,0,gGGGrrrrG,9927.0
9930,1,gGGGrrrrr,9932.0
9935,3,rrrrGGGGr,9940.0
9940,4,rrrrGGGrr,9945.0
9945,5,rrrryyyrr,9948.0
9950,0,gGGGrrrrG,9953.0
9955,1,gGGGrrrrr,9958.0
9960,2,yyyyrrrrr,9961.0
9965,3,rrrrGGGGr,9966.0
9970,4,rrrrGGGrr,9971.0
9975,0,gGGGrrrrG,9979.0
9980,1,gGGGrrrrr,9984.0
9985,2,yyyyrrrrr,9987.0
9990,3,rrrrGGGGr,9992.0
9995,4,rrrrGGGrr,9997.0
